filename,map_no,scale,unknown_direct_flg,leftbottom_x,leftbottom_y,lefttop_x,lefttop_y,rightbottom_x,rightbottom_y,righttop_x,righttop_y,maptype,mapcategory,mapmaterial,sonae_ymd_y,sonae_ymd_m,sonae_ymd_d,map_ymd_y,map_ymd_m,map_ymd_d
46201-3400-1.zip,606-19-1,1000,false,-24.244,-81.895,375.756,-81.895,-24.244,418.105,375.756,418.105,その他,地図に準ずる図面,P-F,,,,,,
46201-3400-10.zip,077-52,,true,1359.535,955.360,1348.486,1224.842,1033.207,941.872,1022.196,1211.507,旧土地台帳附属地図,地図に準ずる図面,P-F,,,,,,
46201-3400-10.zip,077-53,,true,1167.581,1064.102,1008.475,1281.730,903.776,871.468,744.784,1089.058,旧土地台帳附属地図,地図に準ずる図面,P-F,,,,,,
46201-3400-10.zip,077-54,,true,1085.703,1108.224,849.406,978.264,1243.247,822.016,1006.684,692.095,旧土地台帳附属地図,地図に準ずる図面,P-F,,,,,,
46201-3400-10.zip,077-55,,true,1037.494,920.804,1165.281,683.403,1325.264,1075.491,1452.937,837.975,旧土地台帳附属地図,地図に準ずる図面,P-F,,,,,,
46201-3400-10.zip,077-56,,true,1280.285,876.122,1011.069,891.438,1261.844,549.985,992.362,565.454,旧土地台帳附属地図,地図に準ずる図面,P-F,,,,,,
46201-3400-10.zip,077-57,,true,1063.955,930.550,809.065,842.539,1170.330,621.673,915.479,533.852,旧土地台帳附属地図,地図に準ずる図面,P-F,,,,,,
46201-3400-10.zip,077-58,,true,735.236,831.054,957.360,678.158,920.441,1100.231,1142.602,947.031,旧土地台帳附属地図,地図に準ずる図面,P-F,,,,,,
46201-3400-10.zip,077-59,,true,831.005,883.666,637.990,695.299,1059.225,649.922,865.981,461.555,旧土地台帳附属地図,地図に準ずる図面,P-F,,,,,,
46201-3400-10.zip,077-60,,true,599.081,524.141,868.791,518.121,606.548,850.697,876.145,844.639,旧土地台帳附属地図,地図に準ずる図面,P-F,,,,,,
46201-3400-10.zip,077-61,,true,452.896,680.929,657.189,504.945,666.104,928.504,870.397,752.215,旧土地台帳附属地図,地図に準ずる図面,P-F,,,,,,
46201-3400-10.zip,077-62,,true,374.613,536.178,605.766,397.303,543.091,816.099,774.130,677.034,旧土地台帳附属地図,地図に準ずる図面,P-F,,,,,,
46201-3400-10.zip,077-63,,true,764.952,508.913,553.725,676.591,561.916,253.033,350.613,420.863,旧土地台帳附属地図,地図に準ずる図面,P-F,,,,,,
46201-3400-10.zip,077-64,,true,253.936,450.983,450.380,266.274,477.927,688.842,674.218,504.019,旧土地台帳附属地図,地図に準ずる図面,P-F,,,,,,
46201-3400-10.zip,077-65,,true,258.766,435.246,257.623,165.536,585.512,433.913,584.216,164.012,旧土地台帳附属地図,地図に準ずる図面,P-F,,,,,,
46201-3400-10.zip,077-66,,true,179.404,347.895,396.727,188.408,372.838,611.129,590.085,451.489,旧土地台帳附属地図,地図に準ずる図面,P-F,,,,,,
46201-3400-10.zip,077-67,,true,61.587,150.469,287.444,3.251,239.895,424.218,465.867,276.695,旧土地台帳附属地図,地図に準ずる図面,P-F,,,,,,
46201-3400-10.zip,077-68,,true,16.282,401.693,159.004,172.902,293.574,574.401,436.182,345.495,旧土地台帳附属地図,地図に準ずる図面,P-F,,,,,,
46201-3400-10.zip,077-69,,true,685.715,362.959,954.054,336.327,717.986,688.144,986.553,661.245,旧土地台帳附属地図,地図に準ずる図面,P-F,,,,,,
46201-3400-10.zip,077-71,,true,838.852,587.289,950.599,341.848,1136.261,722.430,1247.856,476.913,旧土地台帳附属地図,地図に準ずる図面,P-F,,,,,,
46201-3400-10.zip,077-72,,true,936.699,192.959,1131.543,379.345,710.842,428.913,905.876,615.413,旧土地台帳附属地図,地図に準ずる図面,P-F,,,,,,
46201-3400-10.zip,077-73,,true,479.824,219.034,709.910,78.483,650.055,497.888,880.256,357.033,旧土地台帳附属地図,地図に準ずる図面,P-F,,,,,,
46201-3400-100.zip,C   42,1000,false,-138828.645,-43819.632,-138528.638,-43819.632,-138828.645,-43419.628,-138528.637,-43419.628,土地改良所在図,法第14条1項地図,P-F,,,,,,
46201-3400-100.zip,C   43,1000,false,-138828.645,-43419.628,-138528.637,-43419.628,-138828.645,-43019.624,-138528.635,-43019.625,土地改良所在図,法第14条1項地図,P-F,,,,,,
46201-3400-100.zip,C   44,1000,false,-138828.645,-43019.624,-138528.635,-43019.625,-138828.648,-42619.619,-138528.638,-42619.620,土地改良所在図,法第14条1項地図,P-F,,,,,,
46201-3400-100.zip,C   45,1000,false,-138828.648,-42619.619,-138528.638,-42619.620,-138828.654,-42219.613,-138528.643,-42219.614,土地改良所在図,法第14条1項地図,P-F,,,,,,
46201-3400-100.zip,C   53,1000,false,-139128.653,-43419.627,-138828.645,-43419.628,-139128.653,-43019.623,-138828.645,-43019.624,土地改良所在図,法第14条1項地図,P-F,,,,,,
46201-3400-100.zip,C   54,1000,false,-139128.653,-43019.623,-138828.645,-43019.624,-139128.657,-42619.618,-138828.648,-42619.619,土地改良所在図,法第14条1項地図,P-F,,,,,,
46201-3400-100.zip,C   55,1000,false,-139128.657,-42619.618,-138828.648,-42619.619,-139128.663,-42219.613,-138828.654,-42219.613,土地改良所在図,法第14条1項地図,P-F,,,,,,
46201-3400-100.zip,H 45,1000,false,-140328.686,-42619.613,-140028.679,-42619.616,-140328.693,-42219.607,-140028.685,-42219.611,土地改良所在図,法第14条1項地図,P-F,,,,,,
46201-3400-100.zip,J 41,1000,false,-140328.693,-42219.607,-140028.685,-42219.611,-140328.700,-41819.602,-140028.692,-41819.607,土地改良所在図,法第14条1項地図,P-F,,,,,,
46201-3400-100.zip,J   31,1000,false,-140028.685,-42219.611,-139728.678,-42219.612,-140028.692,-41819.607,-139728.684,-41819.607,土地改良所在図,法第14条1項地図,P-F,,,,,,
46201-3400-101.zip,J   25-2,500,false,-139578.747,-40419.577,-139428.746,-40419.577,-139578.759,-40219.574,-139428.759,-40219.574,土地改良所在図,法第14条1項地図,P-F,,,,,,
46201-3400-101.zip,J   25-4,500,false,-139728.749,-40419.577,-139578.747,-40419.577,-139728.759,-40219.575,-139578.759,-40219.574,土地改良所在図,法第14条1項地図,P-F,,,,,,
46201-3400-101.zip,K   11-3,500,false,-139428.759,-40219.574,-139278.759,-40219.573,-139428.772,-40019.570,-139278.773,-40019.570,土地改良所在図,法第14条1項地図,P-F,,,,,,
46201-3400-101.zip,K   21-1,500,false,-139578.759,-40219.574,-139428.759,-40219.574,-139578.771,-40019.571,-139428.772,-40019.570,土地改良所在図,法第14条1項地図,P-F,,,,,,
46201-3400-101.zip,K   21-3,500,false,-139728.759,-40219.575,-139578.759,-40219.574,-139728.770,-40019.572,-139578.771,-40019.571,土地改良所在図,法第14条1項地図,P-F,,,,,,
46201-3400-101.zip,K   31-1,500,false,-139878.759,-40219.575,-139728.759,-40219.575,-139878.769,-40019.572,-139728.770,-40019.572,土地改良所在図,法第14条1項地図,P-F,,,,,,
46201-3400-101.zip,K   42-4,500,false,-140328.779,-39619.568,-140178.782,-39619.568,-140328.786,-39419.566,-140178.790,-39419.565,土地改良所在図,法第14条1項地図,P-F,,,,,,
46201-3400-101.zip,K   52-2,500,false,-140478.776,-39619.568,-140328.779,-39619.568,-140478.782,-39419.566,-140328.786,-39419.566,土地改良所在図,法第14条1項地図,P-F,,,,,,
46201-3400-101.zip,K   52-4,500,false,-140628.773,-39619.569,-140478.776,-39619.568,-140628.779,-39419.567,-140478.782,-39419.566,土地改良所在図,法第14条1項地図,P-F,,,,,,
46201-3400-102.zip,H   55,1000,false,-140628.693,-42619.609,-140328.686,-42619.613,-140628.701,-42219.603,-140328.693,-42219.607,土地改良所在図,法第14条1項地図,P-F,,,,,,
46201-3400-102.zip,N   15,1000,false,-140928.700,-42619.605,-140628.693,-42619.609,-140928.708,-42219.599,-140628.701,-42219.603,土地改良所在図,法第14条1項地図,P-F,,,,,,
46201-3400-102.zip,H   35,1000,false,-140028.679,-42619.616,-139728.671,-42619.617,-140028.685,-42219.611,-139728.678,-42219.612,土地改良所在図,法第14条1項地図,P-F,,,,,,
46201-3400-102.zip,H   45,1000,false,-140328.686,-42619.613,-140028.679,-42619.616,-140328.693,-42219.607,-140028.685,-42219.611,土地改良所在図,法第14条1項地図,P-F,,,,,,
46201-3400-102.zip,J   31,1000,false,-140028.685,-42219.611,-139728.678,-42219.612,-140028.692,-41819.607,-139728.684,-41819.607,土地改良所在図,法第14条1項地図,P-F,,,,,,
46201-3400-102.zip,J   41,1000,false,-140328.693,-42219.607,-140028.685,-42219.611,-140328.700,-41819.602,-140028.692,-41819.607,土地改良所在図,法第14条1項地図,P-F,,,,,,
46201-3400-102.zip,N   24,1000,false,-141228.700,-43019.606,-140928.694,-43019.611,-141228.706,-42619.601,-140928.700,-42619.605,土地改良所在図,法第14条1項地図,P-F,,,,,,
46201-3400-102.zip,N   25,1000,false,-141228.706,-42619.601,-140928.700,-42619.605,-141228.713,-42219.595,-140928.708,-42219.599,土地改良所在図,法第14条1項地図,P-F,,,,,,
46201-3400-102.zip,N   34,1000,false,-141528.707,-43019.601,-141228.700,-43019.606,-141528.711,-42619.597,-141228.706,-42619.601,土地改良所在図,法第14条1項地図,P-F,,,,,,
46201-3400-103.zip,V   32-1,500,false,-144378.782,-45819.571,-144228.776,-45819.574,-144378.784,-45619.567,-144228.778,-45619.570,地籍図,法第14条1項地図（国調法19-5指定）,P-F,,,,,,
46201-3400-103.zip,V   32-2,500,false,-144378.784,-45619.567,-144228.778,-45619.570,-144378.786,-45419.563,-144228.780,-45419.566,地籍図,法第14条1項地図（国調法19-5指定）,P-F,,,,,,
46201-3400-103.zip,V   32-3,500,false,-144528.788,-45819.568,-144378.782,-45819.571,-144528.791,-45619.564,-144378.784,-45619.567,地籍図,法第14条1項地図（国調法19-5指定）,P-F,,,,,,
46201-3400-103.zip,V   32-4,500,false,-144528.791,-45619.564,-144378.784,-45619.567,-144528.793,-45419.560,-144378.786,-45419.563,地籍図,法第14条1項地図（国調法19-5指定）,P-F,,,,,,
46201-3400-103.zip,V   33-1,500,false,-144378.786,-45419.563,-144228.780,-45419.566,-144378.788,-45219.559,-144228.781,-45219.563,地籍図,法第14条1項地図（国調法19-5指定）,P-F,,,,,,
46201-3400-103.zip,V   33-2,500,false,-144378.788,-45219.559,-144228.781,-45219.563,-144378.785,-45019.560,-144228.779,-45019.563,地籍図,法第14条1項地図（国調法19-5指定）,P-F,,,,,,
46201-3400-103.zip,V   33-3,500,false,-144528.793,-45419.560,-144378.786,-45419.563,-144528.795,-45219.556,-144378.788,-45219.559,地籍図,法第14条1項地図（国調法19-5指定）,P-F,,,,,,
46201-3400-103.zip,V   33-4,500,false,-144528.795,-45219.556,-144378.788,-45219.559,-144528.792,-45019.557,-144378.785,-45019.560,地籍図,法第14条1項地図（国調法19-5指定）,P-F,,,,,,
46201-3400-103.zip,V   34-1,500,false,-144378.785,-45019.560,-144228.779,-45019.563,-144378.783,-44819.560,-144228.777,-44819.563,地籍図,法第14条1項地図（国調法19-5指定）,P-F,,,,,,
46201-3400-103.zip,V   34-3,500,false,-144528.792,-45019.557,-144378.785,-45019.560,-144528.789,-44819.557,-144378.783,-44819.560,地籍図,法第14条1項地図（国調法19-5指定）,P-F,,,,,,
46201-3400-103.zip,V   34-4,500,false,-144528.789,-44819.557,-144378.783,-44819.560,-144528.786,-44619.558,-144378.780,-44619.560,地籍図,法第14条1項地図（国調法19-5指定）,P-F,,,,,,
46201-3400-103.zip,V   35-2,500,false,-144378.778,-44419.561,-144228.773,-44419.563,-144378.775,-44219.561,-144228.771,-44219.564,地籍図,法第14条1項地図（国調法19-5指定）,P-F,,,,,,
46201-3400-103.zip,V   35-3,500,false,-144528.786,-44619.558,-144378.780,-44619.560,-144528.783,-44419.558,-144378.778,-44419.561,地籍図,法第14条1項地図（国調法19-5指定）,P-F,,,,,,
46201-3400-103.zip,V   35-4,500,false,-144528.783,-44419.558,-144378.778,-44419.561,-144528.780,-44219.558,-144378.775,-44219.561,地籍図,法第14条1項地図（国調法19-5指定）,P-F,,,,,,
46201-3400-103.zip,V   42-1,500,false,-144678.793,-45819.565,-144528.788,-45819.568,-144678.796,-45619.561,-144528.791,-45619.564,地籍図,法第14条1項地図（国調法19-5指定）,P-F,,,,,,
46201-3400-103.zip,V   42-2,500,false,-144678.796,-45619.561,-144528.791,-45619.564,-144678.799,-45419.556,-144528.793,-45419.560,地籍図,法第14条1項地図（国調法19-5指定）,P-F,,,,,,
46201-3400-103.zip,V   42-3,500,false,-144828.798,-45819.562,-144678.793,-45819.565,-144828.801,-45619.557,-144678.796,-45619.561,地籍図,法第14条1項地図（国調法19-5指定）,P-F,,,,,,
46201-3400-103.zip,V   42-4,500,false,-144828.801,-45619.557,-144678.796,-45619.561,-144828.804,-45419.553,-144678.799,-45419.556,地籍図,法第14条1項地図（国調法19-5指定）,P-F,,,,,,
46201-3400-103.zip,V   43-1,500,false,-144678.799,-45419.556,-144528.793,-45419.560,-144678.801,-45219.553,-144528.795,-45219.556,地籍図,法第14条1項地図（国調法19-5指定）,P-F,,,,,,
46201-3400-103.zip,V   43-2,500,false,-144678.801,-45219.553,-144528.795,-45219.556,-144678.797,-45019.553,-144528.792,-45019.557,地籍図,法第14条1項地図（国調法19-5指定）,P-F,,,,,,
46201-3400-103.zip,V   43-3,500,false,-144828.804,-45419.553,-144678.799,-45419.556,-144828.806,-45219.549,-144678.801,-45219.553,地籍図,法第14条1項地図（国調法19-5指定）,P-F,,,,,,
46201-3400-103.zip,V   43-4,500,false,-144828.806,-45219.549,-144678.801,-45219.553,-144828.802,-45019.550,-144678.797,-45019.553,地籍図,法第14条1項地図（国調法19-5指定）,P-F,,,,,,
46201-3400-103.zip,V   44-1,500,false,-144678.797,-45019.553,-144528.792,-45019.557,-144678.794,-44819.554,-144528.789,-44819.557,地籍図,法第14条1項地図（国調法19-5指定）,P-F,,,,,,
46201-3400-103.zip,V   44-2,500,false,-144678.794,-44819.554,-144528.789,-44819.557,-144678.790,-44619.555,-144528.786,-44619.558,地籍図,法第14条1項地図（国調法19-5指定）,P-F,,,,,,
46201-3400-103.zip,V   44-3,500,false,-144828.802,-45019.550,-144678.797,-45019.553,-144828.798,-44819.551,-144678.794,-44819.554,地籍図,法第14条1項地図（国調法19-5指定）,P-F,,,,,,
46201-3400-103.zip,V   44-4,500,false,-144828.798,-44819.551,-144678.794,-44819.554,-144828.795,-44619.552,-144678.790,-44619.555,地籍図,法第14条1項地図（国調法19-5指定）,P-F,,,,,,
46201-3400-103.zip,V   45-1,500,false,-144678.790,-44619.555,-144528.786,-44619.558,-144678.787,-44419.555,-144528.783,-44419.558,地籍図,法第14条1項地図（国調法19-5指定）,P-F,,,,,,
46201-3400-103.zip,V   45-2,500,false,-144678.787,-44419.555,-144528.783,-44419.558,-144678.784,-44219.556,-144528.780,-44219.558,地籍図,法第14条1項地図（国調法19-5指定）,P-F,,,,,,
46201-3400-103.zip,V   45-3,500,false,-144828.795,-44619.552,-144678.790,-44619.555,-144828.791,-44419.553,-144678.787,-44419.555,地籍図,法第14条1項地図（国調法19-5指定）,P-F,,,,,,
46201-3400-103.zip,V   45-4,500,false,-144828.791,-44419.553,-144678.787,-44419.555,-144828.787,-44219.554,-144678.784,-44219.556,地籍図,法第14条1項地図（国調法19-5指定）,P-F,,,,,,
46201-3400-103.zip,V   52-1,500,false,-144978.802,-45819.558,-144828.798,-45819.562,-144978.806,-45619.554,-144828.801,-45619.557,地籍図,法第14条1項地図（国調法19-5指定）,P-F,,,,,,
46201-3400-103.zip,V   52-2,500,false,-144978.806,-45619.554,-144828.801,-45619.557,-144978.809,-45419.550,-144828.804,-45419.553,地籍図,法第14条1項地図（国調法19-5指定）,P-F,,,,,,
46201-3400-103.zip,V   52-3,500,false,-145128.807,-45819.555,-144978.802,-45819.558,-145128.810,-45619.551,-144978.806,-45619.554,地籍図,法第14条1項地図（国調法19-5指定）,P-F,,,,,,
46201-3400-103.zip,V   52-4,500,false,-145128.810,-45619.551,-144978.806,-45619.554,-145128.814,-45419.546,-144978.809,-45419.550,地籍図,法第14条1項地図（国調法19-5指定）,P-F,,,,,,
46201-3400-103.zip,V   53-1,500,false,-144978.809,-45419.550,-144828.804,-45419.553,-144978.811,-45219.546,-144828.806,-45219.549,地籍図,法第14条1項地図（国調法19-5指定）,P-F,,,,,,
46201-3400-103.zip,V   53-2,500,false,-144978.811,-45219.546,-144828.806,-45219.549,-144978.807,-45019.547,-144828.802,-45019.550,地籍図,法第14条1項地図（国調法19-5指定）,P-F,,,,,,
46201-3400-103.zip,V   53-3,500,false,-145128.814,-45419.546,-144978.809,-45419.550,-145128.817,-45219.543,-144978.811,-45219.546,地籍図,法第14条1項地図（国調法19-5指定）,P-F,,,,,,
46201-3400-103.zip,V   53-4,500,false,-145128.817,-45219.543,-144978.811,-45219.546,-145128.812,-45019.544,-144978.807,-45019.547,地籍図,法第14条1項地図（国調法19-5指定）,P-F,,,,,,
46201-3400-103.zip,V   54-1,500,false,-144978.807,-45019.547,-144828.802,-45019.550,-144978.803,-44819.548,-144828.798,-44819.551,地籍図,法第14条1項地図（国調法19-5指定）,P-F,,,,,,
46201-3400-103.zip,V   54-2,500,false,-144978.803,-44819.548,-144828.798,-44819.551,-144978.799,-44619.549,-144828.795,-44619.552,地籍図,法第14条1項地図（国調法19-5指定）,P-F,,,,,,
46201-3400-103.zip,V   54-3,500,false,-145128.812,-45019.544,-144978.807,-45019.547,-145128.808,-44819.545,-144978.803,-44819.548,地籍図,法第14条1項地図（国調法19-5指定）,P-F,,,,,,
46201-3400-103.zip,V   54-4,500,false,-145128.808,-44819.545,-144978.803,-44819.548,-145128.803,-44619.547,-144978.799,-44619.549,地籍図,法第14条1項地図（国調法19-5指定）,P-F,,,,,,
46201-3400-103.zip,V   55-1,500,false,-144978.799,-44619.549,-144828.795,-44619.552,-144978.795,-44419.550,-144828.791,-44419.553,地籍図,法第14条1項地図（国調法19-5指定）,P-F,,,,,,
46201-3400-103.zip,V   55-2,500,false,-144978.795,-44419.550,-144828.791,-44419.553,-144978.791,-44219.551,-144828.787,-44219.554,地籍図,法第14条1項地図（国調法19-5指定）,P-F,,,,,,
46201-3400-103.zip,V   55-3,500,false,-145128.803,-44619.547,-144978.799,-44619.549,-145128.799,-44419.548,-144978.795,-44419.550,地籍図,法第14条1項地図（国調法19-5指定）,P-F,,,,,,
46201-3400-103.zip,V   55-4,500,false,-145128.799,-44419.548,-144978.795,-44419.550,-145128.795,-44219.549,-144978.791,-44219.551,地籍図,法第14条1項地図（国調法19-5指定）,P-F,,,,,,
46201-3400-103.zip,W   22-4,500,false,-144228.766,-43619.563,-144078.763,-43619.565,-144228.765,-43419.562,-144078.762,-43419.564,地籍図,法第14条1項地図（国調法19-5指定）,P-F,,,,,,
46201-3400-103.zip,W   23-3,500,false,-144228.765,-43419.562,-144078.762,-43419.564,-144228.764,-43219.562,-144078.761,-43219.564,地籍図,法第14条1項地図（国調法19-5指定）,P-F,,,,,,
46201-3400-103.zip,W   23-4,500,false,-144228.764,-43219.562,-144078.761,-43219.564,-144228.763,-43019.561,-144078.760,-43019.563,地籍図,法第14条1項地図（国調法19-5指定）,P-F,,,,,,
46201-3400-103.zip,W   31-1,500,false,-144378.775,-44219.561,-144228.771,-44219.564,-144378.773,-44019.561,-144228.769,-44019.564,地籍図,法第14条1項地図（国調法19-5指定）,P-F,,,,,,
46201-3400-103.zip,W   31-2,500,false,-144378.773,-44019.561,-144228.769,-44019.564,-144378.771,-43819.561,-144228.768,-43819.563,地籍図,法第14条1項地図（国調法19-5指定）,P-F,,,,,,
46201-3400-103.zip,W   31-3,500,false,-144528.780,-44219.558,-144378.775,-44219.561,-144528.777,-44019.559,-144378.773,-44019.561,地籍図,法第14条1項地図（国調法19-5指定）,P-F,,,,,,
46201-3400-103.zip,W   31-4,500,false,-144528.777,-44019.559,-144378.773,-44019.561,-144528.775,-43819.559,-144378.771,-43819.561,地籍図,法第14条1項地図（国調法19-5指定）,P-F,,,,,,
46201-3400-103.zip,W   32-1,500,false,-144378.771,-43819.561,-144228.768,-43819.563,-144378.770,-43619.560,-144228.766,-43619.563,地籍図,法第14条1項地図（国調法19-5指定）,P-F,,,,,,
46201-3400-103.zip,W   32-2,500,false,-144378.770,-43619.560,-144228.766,-43619.563,-144378.769,-43419.560,-144228.765,-43419.562,地籍図,法第14条1項地図（国調法19-5指定）,P-F,,,,,,
46201-3400-103.zip,W   32-3,500,false,-144528.775,-43819.559,-144378.771,-43819.561,-144528.774,-43619.558,-144378.770,-43619.560,地籍図,法第14条1項地図（国調法19-5指定）,P-F,,,,,,
46201-3400-103.zip,W   32-4,500,false,-144528.774,-43619.558,-144378.770,-43619.560,-144528.772,-43419.558,-144378.769,-43419.560,地籍図,法第14条1項地図（国調法19-5指定）,P-F,,,,,,
46201-3400-103.zip,W   33-1,500,false,-144378.769,-43419.560,-144228.765,-43419.562,-144378.767,-43219.560,-144228.764,-43219.562,地籍図,法第14条1項地図（国調法19-5指定）,P-F,,,,,,
46201-3400-103.zip,W   33-2,500,false,-144378.767,-43219.560,-144228.764,-43219.562,-144378.766,-43019.559,-144228.763,-43019.561,地籍図,法第14条1項地図（国調法19-5指定）,P-F,,,,,,
46201-3400-103.zip,W   33-3,500,false,-144528.772,-43419.558,-144378.769,-43419.560,-144528.771,-43219.558,-144378.767,-43219.560,地籍図,法第14条1項地図（国調法19-5指定）,P-F,,,,,,
46201-3400-103.zip,W   33-4,500,false,-144528.771,-43219.558,-144378.767,-43219.560,-144528.769,-43019.557,-144378.766,-43019.559,地籍図,法第14条1項地図（国調法19-5指定）,P-F,,,,,,
46201-3400-103.zip,W   41-1,500,false,-144678.784,-44219.556,-144528.780,-44219.558,-144678.781,-44019.557,-144528.777,-44019.559,地籍図,法第14条1項地図（国調法19-5指定）,P-F,,,,,,
46201-3400-103.zip,W   41-2,500,false,-144678.781,-44019.557,-144528.777,-44019.559,-144678.779,-43819.556,-144528.775,-43819.559,地籍図,法第14条1項地図（国調法19-5指定）,P-F,,,,,,
46201-3400-103.zip,W   41-3,500,false,-144828.787,-44219.554,-144678.784,-44219.556,-144828.784,-44019.554,-144678.781,-44019.557,地籍図,法第14条1項地図（国調法19-5指定）,P-F,,,,,,
46201-3400-103.zip,W   41-4,500,false,-144828.784,-44019.554,-144678.781,-44019.557,-144828.782,-43819.555,-144678.779,-43819.556,地籍図,法第14条1項地図（国調法19-5指定）,P-F,,,,,,
46201-3400-103.zip,W   42-1,500,false,-144678.779,-43819.556,-144528.775,-43819.559,-144678.777,-43619.556,-144528.774,-43619.558,地籍図,法第14条1項地図（国調法19-5指定）,P-F,,,,,,
46201-3400-103.zip,W   42-2,500,false,-144678.777,-43619.556,-144528.774,-43619.558,-144678.775,-43419.556,-144528.772,-43419.558,地籍図,法第14条1項地図（国調法19-5指定）,P-F,,,,,,
46201-3400-103.zip,W   42-3,500,false,-144828.782,-43819.555,-144678.779,-43819.556,-144828.780,-43619.555,-144678.777,-43619.556,地籍図,法第14条1項地図（国調法19-5指定）,P-F,,,,,,
46201-3400-103.zip,W   42-4,500,false,-144828.780,-43619.555,-144678.777,-43619.556,-144828.778,-43419.555,-144678.775,-43419.556,地籍図,法第14条1項地図（国調法19-5指定）,P-F,,,,,,
46201-3400-103.zip,W   43-1,500,false,-144678.775,-43419.556,-144528.772,-43419.558,-144678.774,-43219.556,-144528.771,-43219.558,地籍図,法第14条1項地図（国調法19-5指定）,P-F,,,,,,
46201-3400-103.zip,W   43-2,500,false,-144678.774,-43219.556,-144528.771,-43219.558,-144678.772,-43019.556,-144528.769,-43019.557,地籍図,法第14条1項地図（国調法19-5指定）,P-F,,,,,,
46201-3400-103.zip,W   43-3,500,false,-144828.778,-43419.555,-144678.775,-43419.556,-144828.776,-43219.555,-144678.774,-43219.556,地籍図,法第14条1項地図（国調法19-5指定）,P-F,,,,,,
46201-3400-103.zip,W   51-1,500,false,-144978.791,-44219.551,-144828.787,-44219.554,-144978.787,-44019.552,-144828.784,-44019.554,地籍図,法第14条1項地図（国調法19-5指定）,P-F,,,,,,
46201-3400-103.zip,W   51-2,500,false,-144978.787,-44019.552,-144828.784,-44019.554,-144978.785,-43819.553,-144828.782,-43819.555,地籍図,法第14条1項地図（国調法19-5指定）,P-F,,,,,,
46201-3400-103.zip,W   51-3,500,false,-145128.795,-44219.549,-144978.791,-44219.551,-145128.791,-44019.550,-144978.787,-44019.552,地籍図,法第14条1項地図（国調法19-5指定）,P-F,,,,,,
46201-3400-103.zip,W   51-4,500,false,-145128.791,-44019.550,-144978.787,-44019.552,-145128.788,-43819.551,-144978.785,-43819.553,地籍図,法第14条1項地図（国調法19-5指定）,P-F,,,,,,
46201-3400-103.zip,W   52-1,500,false,-144978.785,-43819.553,-144828.782,-43819.555,-144978.783,-43619.553,-144828.780,-43619.555,地籍図,法第14条1項地図（国調法19-5指定）,P-F,,,,,,
46201-3400-103.zip,W   52-2,500,false,-144978.783,-43619.553,-144828.780,-43619.555,-144978.781,-43419.553,-144828.778,-43419.555,地籍図,法第14条1項地図（国調法19-5指定）,P-F,,,,,,
46201-3400-103.zip,W   52-3,500,false,-145128.788,-43819.551,-144978.785,-43819.553,-145128.786,-43619.551,-144978.783,-43619.553,地籍図,法第14条1項地図（国調法19-5指定）,P-F,,,,,,
46201-3400-103.zip,W   53-1,500,false,-144978.781,-43419.553,-144828.778,-43419.555,-144978.778,-43219.553,-144828.776,-43219.555,地籍図,法第14条1項地図（国調法19-5指定）,P-F,,,,,,
46201-3400-103.zip,B1  13-1,500,false,-145278.819,-45419.543,-145128.814,-45419.546,-145278.822,-45219.539,-145128.817,-45219.543,地籍図,法第14条1項地図（国調法19-5指定）,P-F,,,,,,
46201-3400-103.zip,B1  13-2,500,false,-145278.822,-45219.539,-145128.817,-45219.543,-145278.817,-45019.541,-145128.812,-45019.544,地籍図,法第14条1項地図（国調法19-5指定）,P-F,,,,,,
46201-3400-103.zip,B1  13-3,500,false,-145428.824,-45419.539,-145278.819,-45419.543,-145428.827,-45219.536,-145278.822,-45219.539,地籍図,法第14条1項地図（国調法19-5指定）,P-F,,,,,,
46201-3400-103.zip,B1  13-4,500,false,-145428.827,-45219.536,-145278.822,-45219.539,-145428.822,-45019.538,-145278.817,-45019.541,地籍図,法第14条1項地図（国調法19-5指定）,P-F,,,,,,
46201-3400-103.zip,B1  15-2,500,false,-145278.803,-44419.545,-145128.799,-44419.548,-145278.798,-44219.547,-145128.795,-44219.549,地籍図,法第14条1項地図（国調法19-5指定）,P-F,,,,,,
46201-3400-103.zip,C1  11-1,500,false,-145278.798,-44219.547,-145128.795,-44219.549,-145278.794,-44019.548,-145128.791,-44019.550,地籍図,法第14条1項地図（国調法19-5指定）,P-F,,,,,,
46201-3400-103.zip,C1  11-2,500,false,-145278.794,-44019.548,-145128.791,-44019.550,-145278.791,-43819.549,-145128.788,-43819.551,地籍図,法第14条1項地図（国調法19-5指定）,P-F,,,,,,
46201-3400-104.zip,N   15,1000,false,-140928.700,-42619.605,-140628.693,-42619.609,-140928.708,-42219.599,-140628.701,-42219.603,土地改良所在図,法第14条1項地図,P-F,,,,,,
46201-3400-104.zip,N   25,1000,false,-141228.706,-42619.601,-140928.700,-42619.605,-141228.713,-42219.595,-140928.708,-42219.599,土地改良所在図,法第14条1項地図,P-F,,,,,,
46201-3400-104.zip,H   45,1000,false,-140328.686,-42619.613,-140028.679,-42619.616,-140328.693,-42219.607,-140028.685,-42219.611,土地改良所在図,法第14条1項地図,P-F,,,,,,
46201-3400-104.zip,H   55,1000,false,-140628.693,-42619.609,-140328.686,-42619.613,-140628.701,-42219.603,-140328.693,-42219.607,土地改良所在図,法第14条1項地図,P-F,,,,,,
46201-3400-104.zip,J   41,1000,false,-140328.693,-42219.607,-140028.685,-42219.611,-140328.700,-41819.602,-140028.692,-41819.607,土地改良所在図,法第14条1項地図,P-F,,,,,,
46201-3400-104.zip,J   51,1000,false,-140628.701,-42219.603,-140328.693,-42219.607,-140628.709,-41819.597,-140328.700,-41819.602,土地改良所在図,法第14条1項地図,P-F,,,,,,
46201-3400-104.zip,H   24,1000,false,-139728.668,-43019.622,-139428.660,-43019.623,-139728.671,-42619.617,-139428.664,-42619.618,土地改良所在図,法第14条1項地図,P-F,,,,,,
46201-3400-104.zip,H   25,1000,false,-139728.671,-42619.617,-139428.664,-42619.618,-139728.678,-42219.612,-139428.670,-42219.613,土地改良所在図,法第14条1項地図,P-F,,,,,,
46201-3400-104.zip,H   34,1000,false,-140028.675,-43019.621,-139728.668,-43019.622,-140028.679,-42619.616,-139728.671,-42619.617,土地改良所在図,法第14条1項地図,P-F,,,,,,
46201-3400-104.zip,H   35,1000,false,-140028.679,-42619.616,-139728.671,-42619.617,-140028.685,-42219.611,-139728.678,-42219.612,土地改良所在図,法第14条1項地図,P-F,,,,,,
46201-3400-104.zip,J   31,1000,false,-140028.685,-42219.611,-139728.678,-42219.612,-140028.692,-41819.607,-139728.684,-41819.607,土地改良所在図,法第14条1項地図,P-F,,,,,,
46201-3400-104.zip,N   34,1000,false,-141528.707,-43019.601,-141228.700,-43019.606,-141528.711,-42619.597,-141228.706,-42619.601,土地改良所在図,法第14条1項地図,P-F,,,,,,
46201-3400-105.zip,J   51,1000,false,-140628.701,-42219.603,-140328.693,-42219.607,-140628.709,-41819.597,-140328.700,-41819.602,土地改良所在図,法第14条1項地図,P-F,,,,,,
46201-3400-106.zip,H   35,1000,false,-140028.679,-42619.616,-139728.671,-42619.617,-140028.685,-42219.611,-139728.678,-42219.612,土地改良所在図,法第14条1項地図（国調法19-5指定）,P-F,,,,,,
46201-3400-106.zip,H   45,1000,false,-140328.686,-42619.613,-140028.679,-42619.616,-140328.693,-42219.607,-140028.685,-42219.611,土地改良所在図,法第14条1項地図（国調法19-5指定）,P-F,,,,,,
46201-3400-106.zip,J   31,1000,false,-140028.685,-42219.611,-139728.678,-42219.612,-140028.692,-41819.607,-139728.684,-41819.607,土地改良所在図,法第14条1項地図（国調法19-5指定）,P-F,,,,,,
46201-3400-107.zip,P   24,1000,false,-141228.736,-41019.579,-140928.735,-41019.582,-141228.744,-40619.575,-140928.744,-40619.577,土地改良所在図,法第14条1項地図,P-F,,,,,,
46201-3400-107.zip,P   25,1000,false,-141228.744,-40619.575,-140928.744,-40619.577,-141228.752,-40219.571,-140928.753,-40219.574,土地改良所在図,法第14条1項地図,P-F,,,,,,
46201-3400-107.zip,J   41,1000,false,-140328.693,-42219.607,-140028.685,-42219.611,-140328.700,-41819.602,-140028.692,-41819.607,土地改良所在図,法第14条1項地図,P-F,,,,,,
46201-3400-107.zip,J   51,1000,false,-140628.701,-42219.603,-140328.693,-42219.607,-140628.709,-41819.597,-140328.700,-41819.602,土地改良所在図,法第14条1項地図,P-F,,,,,,
46201-3400-108.zip,S   45-3,500,false,-143328.744,-44619.579,-143178.740,-44619.582,-143328.745,-44419.579,-143178.740,-44419.581,地籍図,法第14条1項地図（国調法19-5指定）,P-F,,,,,,
46201-3400-108.zip,S   45-4,500,false,-143328.745,-44419.579,-143178.740,-44419.581,-143328.745,-44219.578,-143178.741,-44219.580,地籍図,法第14条1項地図（国調法19-5指定）,P-F,,,,,,
46201-3400-108.zip,S   55-1,500,false,-143478.749,-44619.577,-143328.744,-44619.579,-143478.749,-44419.576,-143328.745,-44419.579,地籍図,法第14条1項地図（国調法19-5指定）,P-F,,,,,,
46201-3400-108.zip,S   55-2,500,false,-143478.749,-44419.576,-143328.745,-44419.579,-143478.749,-44219.576,-143328.745,-44219.578,地籍図,法第14条1項地図（国調法19-5指定）,P-F,,,,,,
46201-3400-108.zip,S   55-4,500,false,-143628.753,-44419.574,-143478.749,-44419.576,-143628.753,-44219.574,-143478.749,-44219.576,地籍図,法第14条1項地図（国調法19-5指定）,P-F,,,,,,
46201-3400-108.zip,T   34-3,500,false,-143028.741,-43019.576,-142878.738,-43019.578,-143028.741,-42819.575,-142878.739,-42819.576,地籍図,法第14条1項地図（国調法19-5指定）,P-F,,,,,,
46201-3400-108.zip,T   41-3,500,false,-143328.745,-44219.578,-143178.741,-44219.580,-143328.745,-44019.577,-143178.742,-44019.580,地籍図,法第14条1項地図（国調法19-5指定）,P-F,,,,,,
46201-3400-108.zip,T   43-2,500,false,-143178.743,-43219.575,-143028.740,-43219.577,-143178.743,-43019.574,-143028.741,-43019.576,地籍図,法第14条1項地図（国調法19-5指定）,P-F,,,,,,
46201-3400-108.zip,T   43-3,500,false,-143328.745,-43419.574,-143178.743,-43419.576,-143328.745,-43219.573,-143178.743,-43219.575,地籍図,法第14条1項地図（国調法19-5指定）,P-F,,,,,,
46201-3400-108.zip,T   43-4,500,false,-143328.745,-43219.573,-143178.743,-43219.575,-143328.745,-43019.572,-143178.743,-43019.574,地籍図,法第14条1項地図（国調法19-5指定）,P-F,,,,,,
46201-3400-108.zip,T   44-1,500,false,-143178.743,-43019.574,-143028.741,-43019.576,-143178.743,-42819.573,-143028.741,-42819.575,地籍図,法第14条1項地図（国調法19-5指定）,P-F,,,,,,
46201-3400-108.zip,T   44-2,500,false,-143178.743,-42819.573,-143028.741,-42819.575,-143178.743,-42619.571,-143028.741,-42619.573,地籍図,法第14条1項地図（国調法19-5指定）,P-F,,,,,,
46201-3400-108.zip,T   44-3,500,false,-143328.745,-43019.572,-143178.743,-43019.574,-143328.745,-42819.571,-143178.743,-42819.573,地籍図,法第14条1項地図（国調法19-5指定）,P-F,,,,,,
46201-3400-108.zip,T   44-4,500,false,-143328.745,-42819.571,-143178.743,-42819.573,-143328.745,-42619.570,-143178.743,-42619.571,地籍図,法第14条1項地図（国調法19-5指定）,P-F,,,,,,
46201-3400-108.zip,T   45-3,500,false,-143328.745,-42619.570,-143178.743,-42619.571,-143328.744,-42419.568,-143178.742,-42419.570,地籍図,法第14条1項地図（国調法19-5指定）,P-F,,,,,,
46201-3400-108.zip,T   45-4,500,false,-143328.744,-42419.568,-143178.742,-42419.570,-143328.744,-42219.567,-143178.742,-42219.568,地籍図,法第14条1項地図（国調法19-5指定）,P-F,,,,,,
46201-3400-108.zip,T   51-1,500,false,-143478.749,-44219.576,-143328.745,-44219.578,-143478.749,-44019.575,-143328.745,-44019.577,地籍図,法第14条1項地図（国調法19-5指定）,P-F,,,,,,
46201-3400-108.zip,T   51-2,500,false,-143478.749,-44019.575,-143328.745,-44019.577,-143478.749,-43819.574,-143328.745,-43819.576,地籍図,法第14条1項地図（国調法19-5指定）,P-F,,,,,,
46201-3400-108.zip,T   51-3,500,false,-143628.753,-44219.574,-143478.749,-44219.576,-143628.753,-44019.573,-143478.749,-44019.575,地籍図,法第14条1項地図（国調法19-5指定）,P-F,,,,,,
46201-3400-108.zip,T   51-4,500,false,-143628.753,-44019.573,-143478.749,-44019.575,-143628.752,-43819.572,-143478.749,-43819.574,地籍図,法第14条1項地図（国調法19-5指定）,P-F,,,,,,
46201-3400-108.zip,T   52-3,500,false,-143628.752,-43819.572,-143478.749,-43819.574,-143628.752,-43619.571,-143478.749,-43619.573,地籍図,法第14条1項地図（国調法19-5指定）,P-F,,,,,,
46201-3400-108.zip,T   52-4,500,false,-143628.752,-43619.571,-143478.749,-43619.573,-143628.751,-43419.570,-143478.748,-43419.572,地籍図,法第14条1項地図（国調法19-5指定）,P-F,,,,,,
46201-3400-108.zip,T   53-1,500,false,-143478.748,-43419.572,-143328.745,-43419.574,-143478.748,-43219.571,-143328.745,-43219.573,地籍図,法第14条1項地図（国調法19-5指定）,P-F,,,,,,
46201-3400-108.zip,T   53-2,500,false,-143478.748,-43219.571,-143328.745,-43219.573,-143478.748,-43019.571,-143328.745,-43019.572,地籍図,法第14条1項地図（国調法19-5指定）,P-F,,,,,,
46201-3400-108.zip,T   53-3,500,false,-143628.751,-43419.570,-143478.748,-43419.572,-143628.751,-43219.570,-143478.748,-43219.571,地籍図,法第14条1項地図（国調法19-5指定）,P-F,,,,,,
46201-3400-108.zip,T   53-4,500,false,-143628.751,-43219.570,-143478.748,-43219.571,-143628.750,-43019.569,-143478.748,-43019.571,地籍図,法第14条1項地図（国調法19-5指定）,P-F,,,,,,
46201-3400-108.zip,T   54-1,500,false,-143478.748,-43019.571,-143328.745,-43019.572,-143478.748,-42819.569,-143328.745,-42819.571,地籍図,法第14条1項地図（国調法19-5指定）,P-F,,,,,,
46201-3400-108.zip,T   54-2,500,false,-143478.748,-42819.569,-143328.745,-42819.571,-143478.747,-42619.568,-143328.745,-42619.570,地籍図,法第14条1項地図（国調法19-5指定）,P-F,,,,,,
46201-3400-108.zip,T   54-3,500,false,-143628.750,-43019.569,-143478.748,-43019.571,-143628.750,-42819.568,-143478.748,-42819.569,地籍図,法第14条1項地図（国調法19-5指定）,P-F,,,,,,
46201-3400-108.zip,T   54-4,500,false,-143628.750,-42819.568,-143478.748,-42819.569,-143628.749,-42619.566,-143478.747,-42619.568,地籍図,法第14条1項地図（国調法19-5指定）,P-F,,,,,,
46201-3400-108.zip,T   55-1,500,false,-143478.747,-42619.568,-143328.745,-42619.570,-143478.746,-42419.566,-143328.744,-42419.568,地籍図,法第14条1項地図（国調法19-5指定）,P-F,,,,,,
46201-3400-108.zip,T   55-2,500,false,-143478.746,-42419.566,-143328.744,-42419.568,-143478.746,-42219.565,-143328.744,-42219.567,地籍図,法第14条1項地図（国調法19-5指定）,P-F,,,,,,
46201-3400-108.zip,T   55-3,500,false,-143628.749,-42619.566,-143478.747,-42619.568,-143628.748,-42419.565,-143478.746,-42419.566,地籍図,法第14条1項地図（国調法19-5指定）,P-F,,,,,,
46201-3400-108.zip,T   55-4,500,false,-143628.748,-42419.565,-143478.746,-42419.566,-143628.747,-42219.563,-143478.746,-42219.565,地籍図,法第14条1項地図（国調法19-5指定）,P-F,,,,,,
46201-3400-108.zip,U   11-2,500,false,-142278.731,-42019.578,-142128.729,-42019.581,-142278.732,-41819.576,-142128.731,-41819.578,地籍図,法第14条1項地図（国調法19-5指定）,P-F,,,,,,
46201-3400-108.zip,U   11-4,500,false,-142428.733,-42019.576,-142278.731,-42019.578,-142428.734,-41819.575,-142278.732,-41819.576,地籍図,法第14条1項地図（国調法19-5指定）,P-F,,,,,,
46201-3400-108.zip,U   12-1,500,false,-142278.732,-41819.576,-142128.731,-41819.578,-142278.734,-41619.574,-142128.733,-41619.576,地籍図,法第14条1項地図（国調法19-5指定）,P-F,,,,,,
46201-3400-108.zip,U   12-3,500,false,-142428.734,-41819.575,-142278.732,-41819.576,-142428.735,-41619.573,-142278.734,-41619.574,地籍図,法第14条1項地図（国調法19-5指定）,P-F,,,,,,
46201-3400-108.zip,U   21-1,500,false,-142578.734,-42219.576,-142428.732,-42219.578,-142578.735,-42019.574,-142428.733,-42019.576,地籍図,法第14条1項地図（国調法19-5指定）,P-F,,,,,,
46201-3400-108.zip,U   21-2,500,false,-142578.735,-42019.574,-142428.733,-42019.576,-142578.735,-41819.573,-142428.734,-41819.575,地籍図,法第14条1項地図（国調法19-5指定）,P-F,,,,,,
46201-3400-108.zip,U   21-3,500,false,-142728.737,-42219.574,-142578.734,-42219.576,-142728.737,-42019.572,-142578.735,-42019.574,地籍図,法第14条1項地図（国調法19-5指定）,P-F,,,,,,
46201-3400-108.zip,U   21-4,500,false,-142728.737,-42019.572,-142578.735,-42019.574,-142728.737,-41819.571,-142578.735,-41819.573,地籍図,法第14条1項地図（国調法19-5指定）,P-F,,,,,,
46201-3400-108.zip,U   22-1,500,false,-142578.735,-41819.573,-142428.734,-41819.575,-142578.736,-41619.571,-142428.735,-41619.573,地籍図,法第14条1項地図（国調法19-5指定）,P-F,,,,,,
46201-3400-108.zip,U   22-3,500,false,-142728.737,-41819.571,-142578.735,-41819.573,-142728.737,-41619.569,-142578.736,-41619.571,地籍図,法第14条1項地図（国調法19-5指定）,P-F,,,,,,
46201-3400-108.zip,U   22-4,500,false,-142728.737,-41619.569,-142578.736,-41619.571,-142728.740,-41419.566,-142578.738,-41419.568,地籍図,法第14条1項地図（国調法19-5指定）,P-F,,,,,,
46201-3400-108.zip,U   23-1,500,false,-142578.738,-41419.568,-142428.737,-41419.570,-142578.741,-41219.566,-142428.739,-41219.568,地籍図,法第14条1項地図（国調法19-5指定）,P-F,,,,,,
46201-3400-108.zip,U   23-3,500,false,-142728.740,-41419.566,-142578.738,-41419.568,-142728.742,-41219.564,-142578.741,-41219.566,地籍図,法第14条1項地図（国調法19-5指定）,P-F,,,,,,
46201-3400-108.zip,U   23-4,500,false,-142728.742,-41219.564,-142578.741,-41219.566,-142728.744,-41019.561,-142578.743,-41019.563,地籍図,法第14条1項地図（国調法19-5指定）,P-F,,,,,,
46201-3400-108.zip,U   31-2,500,false,-142878.738,-42019.571,-142728.737,-42019.572,-142878.738,-41819.569,-142728.737,-41819.571,地籍図,法第14条1項地図（国調法19-5指定）,P-F,,,,,,
46201-3400-108.zip,U   31-3,500,false,-143028.740,-42219.570,-142878.739,-42219.572,-143028.740,-42019.569,-142878.738,-42019.571,地籍図,法第14条1項地図（国調法19-5指定）,P-F,,,,,,
46201-3400-108.zip,U   31-4,500,false,-143028.740,-42019.569,-142878.738,-42019.571,-143028.740,-41819.567,-142878.738,-41819.569,地籍図,法第14条1項地図（国調法19-5指定）,P-F,,,,,,
46201-3400-108.zip,U   32-1,500,false,-142878.738,-41819.569,-142728.737,-41819.571,-142878.739,-41619.567,-142728.737,-41619.569,地籍図,法第14条1項地図（国調法19-5指定）,P-F,,,,,,
46201-3400-108.zip,U   32-2,500,false,-142878.739,-41619.567,-142728.737,-41619.569,-142878.741,-41419.564,-142728.740,-41419.566,地籍図,法第14条1項地図（国調法19-5指定）,P-F,,,,,,
46201-3400-108.zip,U   32-3,500,false,-143028.740,-41819.567,-142878.738,-41819.569,-143028.740,-41619.565,-142878.739,-41619.567,地籍図,法第14条1項地図（国調法19-5指定）,P-F,,,,,,
46201-3400-108.zip,U   32-4,500,false,-143028.740,-41619.565,-142878.739,-41619.567,-143028.742,-41419.562,-142878.741,-41419.564,地籍図,法第14条1項地図（国調法19-5指定）,P-F,,,,,,
46201-3400-108.zip,U   33-1,500,false,-142878.741,-41419.564,-142728.740,-41419.566,-142878.743,-41219.562,-142728.742,-41219.564,地籍図,法第14条1項地図（国調法19-5指定）,P-F,,,,,,
46201-3400-108.zip,U   33-3,500,false,-143028.742,-41419.562,-142878.741,-41419.564,-143028.744,-41219.559,-142878.743,-41219.562,地籍図,法第14条1項地図（国調法19-5指定）,P-F,,,,,,
46201-3400-108.zip,U   41-1,500,false,-143178.742,-42219.568,-143028.740,-42219.570,-143178.742,-42019.567,-143028.740,-42019.569,地籍図,法第14条1項地図（国調法19-5指定）,P-F,,,,,,
46201-3400-108.zip,U   41-2,500,false,-143178.742,-42019.567,-143028.740,-42019.569,-143178.741,-41819.566,-143028.740,-41819.567,地籍図,法第14条1項地図（国調法19-5指定）,P-F,,,,,,
46201-3400-108.zip,U   41-3,500,false,-143328.744,-42219.567,-143178.742,-42219.568,-143328.743,-42019.565,-143178.742,-42019.567,地籍図,法第14条1項地図（国調法19-5指定）,P-F,,,,,,
46201-3400-108.zip,U   41-4,500,false,-143328.743,-42019.565,-143178.742,-42019.567,-143328.743,-41819.564,-143178.741,-41819.566,地籍図,法第14条1項地図（国調法19-5指定）,P-F,,,,,,
46201-3400-108.zip,U   42-1,500,false,-143178.741,-41819.566,-143028.740,-41819.567,-143178.742,-41619.564,-143028.740,-41619.565,地籍図,法第14条1項地図（国調法19-5指定）,P-F,,,,,,
46201-3400-108.zip,U   42-3,500,false,-143328.743,-41819.564,-143178.741,-41819.566,-143328.743,-41619.562,-143178.742,-41619.564,地籍図,法第14条1項地図（国調法19-5指定）,P-F,,,,,,
46201-3400-108.zip,U   51-1,500,false,-143478.746,-42219.565,-143328.744,-42219.567,-143478.745,-42019.564,-143328.743,-42019.565,地籍図,法第14条1項地図（国調法19-5指定）,P-F,,,,,,
46201-3400-108.zip,U   51-2,500,false,-143478.745,-42019.564,-143328.743,-42019.565,-143478.744,-41819.562,-143328.743,-41819.564,地籍図,法第14条1項地図（国調法19-5指定）,P-F,,,,,,
46201-3400-108.zip,U   51-3,500,false,-143628.747,-42219.563,-143478.746,-42219.565,-143628.746,-42019.562,-143478.745,-42019.564,地籍図,法第14条1項地図（国調法19-5指定）,P-F,,,,,,
46201-3400-108.zip,U   51-4,500,false,-143628.746,-42019.562,-143478.745,-42019.564,-143628.746,-41819.560,-143478.744,-41819.562,地籍図,法第14条1項地図（国調法19-5指定）,P-F,,,,,,
46201-3400-108.zip,U   52-3,500,false,-143628.746,-41819.560,-143478.744,-41819.562,-143628.746,-41619.558,-143478.744,-41619.560,地籍図,法第14条1項地図（国調法19-5指定）,P-F,,,,,,
46201-3400-108.zip,V   15-2,500,false,-143778.758,-44419.571,-143628.753,-44419.574,-143778.757,-44219.571,-143628.753,-44219.574,地籍図,法第14条1項地図（国調法19-5指定）,P-F,,,,,,
46201-3400-108.zip,V   15-4,500,false,-143928.763,-44419.569,-143778.758,-44419.571,-143928.762,-44219.569,-143778.757,-44219.571,地籍図,法第14条1項地図（国調法19-5指定）,P-F,,,,,,
46201-3400-108.zip,W   11-1,500,false,-143778.757,-44219.571,-143628.753,-44219.574,-143778.757,-44019.571,-143628.753,-44019.573,地籍図,法第14条1項地図（国調法19-5指定）,P-F,,,,,,
46201-3400-108.zip,W   11-2,500,false,-143778.757,-44019.571,-143628.753,-44019.573,-143778.756,-43819.570,-143628.752,-43819.572,地籍図,法第14条1項地図（国調法19-5指定）,P-F,,,,,,
46201-3400-108.zip,W   12-1,500,false,-143778.756,-43819.570,-143628.752,-43819.572,-143778.755,-43619.569,-143628.752,-43619.571,地籍図,法第14条1項地図（国調法19-5指定）,P-F,,,,,,
46201-3400-108.zip,W   12-2,500,false,-143778.755,-43619.569,-143628.752,-43619.571,-143778.755,-43419.568,-143628.751,-43419.570,地籍図,法第14条1項地図（国調法19-5指定）,P-F,,,,,,
46201-3400-108.zip,W   12-4,500,false,-143928.759,-43619.567,-143778.755,-43619.569,-143928.758,-43419.566,-143778.755,-43419.568,地籍図,法第14条1項地図（国調法19-5指定）,P-F,,,,,,
46201-3400-108.zip,W   13-1,500,false,-143778.755,-43419.568,-143628.751,-43419.570,-143778.754,-43219.568,-143628.751,-43219.570,地籍図,法第14条1項地図（国調法19-5指定）,P-F,,,,,,
46201-3400-108.zip,W   13-2,500,false,-143778.754,-43219.568,-143628.751,-43219.570,-143778.753,-43019.567,-143628.750,-43019.569,地籍図,法第14条1項地図（国調法19-5指定）,P-F,,,,,,
46201-3400-108.zip,W   13-3,500,false,-143928.758,-43419.566,-143778.755,-43419.568,-143928.757,-43219.566,-143778.754,-43219.568,地籍図,法第14条1項地図（国調法19-5指定）,P-F,,,,,,
46201-3400-108.zip,W   13-4,500,false,-143928.757,-43219.566,-143778.754,-43219.568,-143928.756,-43019.565,-143778.753,-43019.567,地籍図,法第14条1項地図（国調法19-5指定）,P-F,,,,,,
46201-3400-108.zip,W   14-1,500,false,-143778.753,-43019.567,-143628.750,-43019.569,-143778.752,-42819.566,-143628.750,-42819.568,地籍図,法第14条1項地図（国調法19-5指定）,P-F,,,,,,
46201-3400-108.zip,W   14-2,500,false,-143778.752,-42819.566,-143628.750,-42819.568,-143778.751,-42619.564,-143628.749,-42619.566,地籍図,法第14条1項地図（国調法19-5指定）,P-F,,,,,,
46201-3400-108.zip,W   14-3,500,false,-143928.756,-43019.565,-143778.753,-43019.567,-143928.755,-42819.564,-143778.752,-42819.566,地籍図,法第14条1項地図（国調法19-5指定）,P-F,,,,,,
46201-3400-108.zip,W   14-4,500,false,-143928.755,-42819.564,-143778.752,-42819.566,-143928.754,-42619.563,-143778.751,-42619.564,地籍図,法第14条1項地図（国調法19-5指定）,P-F,,,,,,
46201-3400-108.zip,W   15-1,500,false,-143778.751,-42619.564,-143628.749,-42619.566,-143778.750,-42419.563,-143628.748,-42419.565,地籍図,法第14条1項地図（国調法19-5指定）,P-F,,,,,,
46201-3400-108.zip,W   15-2,500,false,-143778.750,-42419.563,-143628.748,-42419.565,-143778.749,-42219.562,-143628.747,-42219.563,地籍図,法第14条1項地図（国調法19-5指定）,P-F,,,,,,
46201-3400-108.zip,W   15-3,500,false,-143928.754,-42619.563,-143778.751,-42619.564,-143928.753,-42419.561,-143778.750,-42419.563,地籍図,法第14条1項地図（国調法19-5指定）,P-F,,,,,,
46201-3400-108.zip,W   15-4,500,false,-143928.753,-42419.561,-143778.750,-42419.563,-143928.752,-42219.560,-143778.749,-42219.562,地籍図,法第14条1項地図（国調法19-5指定）,P-F,,,,,,
46201-3400-108.zip,W   22-2,500,false,-144078.763,-43619.565,-143928.759,-43619.567,-144078.762,-43419.564,-143928.758,-43419.566,地籍図,法第14条1項地図（国調法19-5指定）,P-F,,,,,,
46201-3400-108.zip,W   22-4,500,false,-144228.766,-43619.563,-144078.763,-43619.565,-144228.765,-43419.562,-144078.762,-43419.564,地籍図,法第14条1項地図（国調法19-5指定）,P-F,,,,,,
46201-3400-108.zip,W   23-1,500,false,-144078.762,-43419.564,-143928.758,-43419.566,-144078.761,-43219.564,-143928.757,-43219.566,地籍図,法第14条1項地図（国調法19-5指定）,P-F,,,,,,
46201-3400-108.zip,W   23-2,500,false,-144078.761,-43219.564,-143928.757,-43219.566,-144078.760,-43019.563,-143928.756,-43019.565,地籍図,法第14条1項地図（国調法19-5指定）,P-F,,,,,,
46201-3400-108.zip,W   23-3,500,false,-144228.765,-43419.562,-144078.762,-43419.564,-144228.764,-43219.562,-144078.761,-43219.564,地籍図,法第14条1項地図（国調法19-5指定）,P-F,,,,,,
46201-3400-108.zip,W   23-4,500,false,-144228.764,-43219.562,-144078.761,-43219.564,-144228.763,-43019.561,-144078.760,-43019.563,地籍図,法第14条1項地図（国調法19-5指定）,P-F,,,,,,
46201-3400-108.zip,W   24-1,500,false,-144078.760,-43019.563,-143928.756,-43019.565,-144078.759,-42819.562,-143928.755,-42819.564,地籍図,法第14条1項地図（国調法19-5指定）,P-F,,,,,,
46201-3400-108.zip,W   24-2,500,false,-144078.759,-42819.562,-143928.755,-42819.564,-144078.757,-42619.561,-143928.754,-42619.563,地籍図,法第14条1項地図（国調法19-5指定）,P-F,,,,,,
46201-3400-108.zip,W   24-3,500,false,-144228.763,-43019.561,-144078.760,-43019.563,-144228.762,-42819.560,-144078.759,-42819.562,地籍図,法第14条1項地図（国調法19-5指定）,P-F,,,,,,
46201-3400-108.zip,W   24-4,500,false,-144228.762,-42819.560,-144078.759,-42819.562,-144228.760,-42619.559,-144078.757,-42619.561,地籍図,法第14条1項地図（国調法19-5指定）,P-F,,,,,,
46201-3400-108.zip,W   25-1,500,false,-144078.757,-42619.561,-143928.754,-42619.563,-144078.756,-42419.559,-143928.753,-42419.561,地籍図,法第14条1項地図（国調法19-5指定）,P-F,,,,,,
46201-3400-108.zip,W   25-2,500,false,-144078.756,-42419.559,-143928.753,-42419.561,-144078.754,-42219.558,-143928.752,-42219.560,地籍図,法第14条1項地図（国調法19-5指定）,P-F,,,,,,
46201-3400-108.zip,W   25-3,500,false,-144228.760,-42619.559,-144078.757,-42619.561,-144228.758,-42419.558,-144078.756,-42419.559,地籍図,法第14条1項地図（国調法19-5指定）,P-F,,,,,,
46201-3400-108.zip,W   25-4,500,false,-144228.758,-42419.558,-144078.756,-42419.559,-144228.756,-42219.556,-144078.754,-42219.558,地籍図,法第14条1項地図（国調法19-5指定）,P-F,,,,,,
46201-3400-108.zip,W   32-2,500,false,-144378.770,-43619.560,-144228.766,-43619.563,-144378.769,-43419.560,-144228.765,-43419.562,地籍図,法第14条1項地図（国調法19-5指定）,P-F,,,,,,
46201-3400-108.zip,W   33-1,500,false,-144378.769,-43419.560,-144228.765,-43419.562,-144378.767,-43219.560,-144228.764,-43219.562,地籍図,法第14条1項地図（国調法19-5指定）,P-F,,,,,,
46201-3400-108.zip,W   33-2,500,false,-144378.767,-43219.560,-144228.764,-43219.562,-144378.766,-43019.559,-144228.763,-43019.561,地籍図,法第14条1項地図（国調法19-5指定）,P-F,,,,,,
46201-3400-108.zip,W   33-4,500,false,-144528.771,-43219.558,-144378.767,-43219.560,-144528.769,-43019.557,-144378.766,-43019.559,地籍図,法第14条1項地図（国調法19-5指定）,P-F,,,,,,
46201-3400-108.zip,W   34-1,500,false,-144378.766,-43019.559,-144228.763,-43019.561,-144378.765,-42819.559,-144228.762,-42819.560,地籍図,法第14条1項地図（国調法19-5指定）,P-F,,,,,,
46201-3400-108.zip,W   34-2,500,false,-144378.765,-42819.559,-144228.762,-42819.560,-144378.763,-42619.557,-144228.760,-42619.559,地籍図,法第14条1項地図（国調法19-5指定）,P-F,,,,,,
46201-3400-108.zip,W   34-3,500,false,-144528.769,-43019.557,-144378.766,-43019.559,-144528.768,-42819.557,-144378.765,-42819.559,地籍図,法第14条1項地図（国調法19-5指定）,P-F,,,,,,
46201-3400-108.zip,W   34-4,500,false,-144528.768,-42819.557,-144378.765,-42819.559,-144528.765,-42619.556,-144378.763,-42619.557,地籍図,法第14条1項地図（国調法19-5指定）,P-F,,,,,,
46201-3400-108.zip,W   35-1,500,false,-144378.763,-42619.557,-144228.760,-42619.559,-144378.761,-42419.556,-144228.758,-42419.558,地籍図,法第14条1項地図（国調法19-5指定）,P-F,,,,,,
46201-3400-108.zip,W   35-2,500,false,-144378.761,-42419.556,-144228.758,-42419.558,-144378.759,-42219.555,-144228.756,-42219.556,地籍図,法第14条1項地図（国調法19-5指定）,P-F,,,,,,
46201-3400-108.zip,W   35-3,500,false,-144528.765,-42619.556,-144378.763,-42619.557,-144528.763,-42419.554,-144378.761,-42419.556,地籍図,法第14条1項地図（国調法19-5指定）,P-F,,,,,,
46201-3400-108.zip,W   35-4,500,false,-144528.763,-42419.554,-144378.761,-42419.556,-144528.761,-42219.553,-144378.759,-42219.555,地籍図,法第14条1項地図（国調法19-5指定）,P-F,,,,,,
46201-3400-108.zip,W   43-2,500,false,-144678.774,-43219.556,-144528.771,-43219.558,-144678.772,-43019.556,-144528.769,-43019.557,地籍図,法第14条1項地図（国調法19-5指定）,P-F,,,,,,
46201-3400-108.zip,W   44-1,500,false,-144678.772,-43019.556,-144528.769,-43019.557,-144678.770,-42819.555,-144528.768,-42819.557,地籍図,法第14条1項地図（国調法19-5指定）,P-F,,,,,,
46201-3400-108.zip,W   44-2,500,false,-144678.770,-42819.555,-144528.768,-42819.557,-144678.768,-42619.554,-144528.765,-42619.556,地籍図,法第14条1項地図（国調法19-5指定）,P-F,,,,,,
46201-3400-108.zip,W   44-3,500,false,-144828.774,-43019.555,-144678.772,-43019.556,-144828.772,-42819.554,-144678.770,-42819.555,地籍図,法第14条1項地図（国調法19-5指定）,P-F,,,,,,
46201-3400-108.zip,W   44-4,500,false,-144828.772,-42819.554,-144678.770,-42819.555,-144828.770,-42619.553,-144678.768,-42619.554,地籍図,法第14条1項地図（国調法19-5指定）,P-F,,,,,,
46201-3400-108.zip,W   45-1,500,false,-144678.768,-42619.554,-144528.765,-42619.556,-144678.765,-42419.553,-144528.763,-42419.554,地籍図,法第14条1項地図（国調法19-5指定）,P-F,,,,,,
46201-3400-108.zip,W   45-2,500,false,-144678.765,-42419.553,-144528.763,-42419.554,-144678.763,-42219.552,-144528.761,-42219.553,地籍図,法第14条1項地図（国調法19-5指定）,P-F,,,,,,
46201-3400-108.zip,W   45-3,500,false,-144828.770,-42619.553,-144678.768,-42619.554,-144828.767,-42419.552,-144678.765,-42419.553,地籍図,法第14条1項地図（国調法19-5指定）,P-F,,,,,,
46201-3400-108.zip,W   45-4,500,false,-144828.767,-42419.552,-144678.765,-42419.553,-144828.765,-42219.550,-144678.763,-42219.552,地籍図,法第14条1項地図（国調法19-5指定）,P-F,,,,,,
46201-3400-108.zip,Z   11-1,500,false,-143778.749,-42219.562,-143628.747,-42219.563,-143778.748,-42019.560,-143628.746,-42019.562,地籍図,法第14条1項地図（国調法19-5指定）,P-F,,,,,,
46201-3400-108.zip,Z   11-2,500,false,-143778.748,-42019.560,-143628.746,-42019.562,-143778.747,-41819.559,-143628.746,-41819.560,地籍図,法第14条1項地図（国調法19-5指定）,P-F,,,,,,
46201-3400-108.zip,Z   11-3,500,false,-143928.752,-42219.560,-143778.749,-42219.562,-143928.750,-42019.558,-143778.748,-42019.560,地籍図,法第14条1項地図（国調法19-5指定）,P-F,,,,,,
46201-3400-108.zip,Z   11-4,500,false,-143928.750,-42019.558,-143778.748,-42019.560,-143928.749,-41819.557,-143778.747,-41819.559,地籍図,法第14条1項地図（国調法19-5指定）,P-F,,,,,,
46201-3400-108.zip,Z   12-1,500,false,-143778.747,-41819.559,-143628.746,-41819.560,-143778.747,-41619.556,-143628.746,-41619.558,地籍図,法第14条1項地図（国調法19-5指定）,P-F,,,,,,
46201-3400-108.zip,Z   12-3,500,false,-143928.749,-41819.557,-143778.747,-41819.559,-143928.749,-41619.555,-143778.747,-41619.556,地籍図,法第14条1項地図（国調法19-5指定）,P-F,,,,,,
46201-3400-108.zip,Z   21-1,500,false,-144078.754,-42219.558,-143928.752,-42219.560,-144078.753,-42019.557,-143928.750,-42019.558,地籍図,法第14条1項地図（国調法19-5指定）,P-F,,,,,,
46201-3400-108.zip,Z   21-2,500,false,-144078.753,-42019.557,-143928.750,-42019.558,-144078.751,-41819.555,-143928.749,-41819.557,地籍図,法第14条1項地図（国調法19-5指定）,P-F,,,,,,
46201-3400-108.zip,Z   21-3,500,false,-144228.756,-42219.556,-144078.754,-42219.558,-144228.755,-42019.555,-144078.753,-42019.557,地籍図,法第14条1項地図（国調法19-5指定）,P-F,,,,,,
46201-3400-108.zip,Z   21-4,500,false,-144228.755,-42019.555,-144078.753,-42019.557,-144228.753,-41819.554,-144078.751,-41819.555,地籍図,法第14条1項地図（国調法19-5指定）,P-F,,,,,,
46201-3400-108.zip,Z   22-1,500,false,-144078.751,-41819.555,-143928.749,-41819.557,-144078.750,-41619.553,-143928.749,-41619.555,地籍図,法第14条1項地図（国調法19-5指定）,P-F,,,,,,
46201-3400-108.zip,Z   22-3,500,false,-144228.753,-41819.554,-144078.751,-41819.555,-144228.752,-41619.552,-144078.750,-41619.553,地籍図,法第14条1項地図（国調法19-5指定）,P-F,,,,,,
46201-3400-108.zip,Z   31-1,500,false,-144378.759,-42219.555,-144228.756,-42219.556,-144378.757,-42019.553,-144228.755,-42019.555,地籍図,法第14条1項地図（国調法19-5指定）,P-F,,,,,,
46201-3400-108.zip,Z   31-2,500,false,-144378.757,-42019.553,-144228.755,-42019.555,-144378.755,-41819.552,-144228.753,-41819.554,地籍図,法第14条1項地図（国調法19-5指定）,P-F,,,,,,
46201-3400-108.zip,Z   31-3,500,false,-144528.761,-42219.553,-144378.759,-42219.555,-144528.759,-42019.552,-144378.757,-42019.553,地籍図,法第14条1項地図（国調法19-5指定）,P-F,,,,,,
46201-3400-108.zip,Z   31-4,500,false,-144528.759,-42019.552,-144378.757,-42019.553,-144528.756,-41819.550,-144378.755,-41819.552,地籍図,法第14条1項地図（国調法19-5指定）,P-F,,,,,,
46201-3400-108.zip,Z   32-1,500,false,-144378.755,-41819.552,-144228.753,-41819.554,-144378.753,-41619.550,-144228.752,-41619.552,地籍図,法第14条1項地図（国調法19-5指定）,P-F,,,,,,
46201-3400-108.zip,Z   41-1,500,false,-144678.763,-42219.552,-144528.761,-42219.553,-144678.761,-42019.550,-144528.759,-42019.552,地籍図,法第14条1項地図（国調法19-5指定）,P-F,,,,,,
46201-3400-108.zip,Z   41-3,500,false,-144828.765,-42219.550,-144678.763,-42219.552,-144828.762,-42019.549,-144678.761,-42019.550,地籍図,法第14条1項地図（国調法19-5指定）,P-F,,,,,,
46201-3400-109.zip,W   32-2,500,false,-144378.770,-43619.560,-144228.766,-43619.563,-144378.769,-43419.560,-144228.765,-43419.562,地籍図,法第14条1項地図（国調法19-5指定）,P-F,,,,,,
46201-3400-109.zip,W   33-1,500,false,-144378.769,-43419.560,-144228.765,-43419.562,-144378.767,-43219.560,-144228.764,-43219.562,地籍図,法第14条1項地図（国調法19-5指定）,P-F,,,,,,
46201-3400-109.zip,W   12-1,500,false,-143778.756,-43819.570,-143628.752,-43819.572,-143778.755,-43619.569,-143628.752,-43619.571,地籍図,法第14条1項地図（国調法19-5指定）,P-F,,,,,,
46201-3400-109.zip,W   12-2,500,false,-143778.755,-43619.569,-143628.752,-43619.571,-143778.755,-43419.568,-143628.751,-43419.570,地籍図,法第14条1項地図（国調法19-5指定）,P-F,,,,,,
46201-3400-109.zip,W   12-3,500,false,-143928.760,-43819.568,-143778.756,-43819.570,-143928.759,-43619.567,-143778.755,-43619.569,地籍図,法第14条1項地図（国調法19-5指定）,P-F,,,,,,
46201-3400-109.zip,W   12-4,500,false,-143928.759,-43619.567,-143778.755,-43619.569,-143928.758,-43419.566,-143778.755,-43419.568,地籍図,法第14条1項地図（国調法19-5指定）,P-F,,,,,,
46201-3400-109.zip,W   13-3,500,false,-143928.758,-43419.566,-143778.755,-43419.568,-143928.757,-43219.566,-143778.754,-43219.568,地籍図,法第14条1項地図（国調法19-5指定）,P-F,,,,,,
46201-3400-109.zip,W   21-1,500,false,-144078.766,-44219.566,-143928.762,-44219.569,-144078.765,-44019.566,-143928.761,-44019.568,地籍図,法第14条1項地図（国調法19-5指定）,P-F,,,,,,
46201-3400-109.zip,W   21-2,500,false,-144078.765,-44019.566,-143928.761,-44019.568,-144078.764,-43819.565,-143928.760,-43819.568,地籍図,法第14条1項地図（国調法19-5指定）,P-F,,,,,,
46201-3400-109.zip,W   21-3,500,false,-144228.771,-44219.564,-144078.766,-44219.566,-144228.769,-44019.564,-144078.765,-44019.566,地籍図,法第14条1項地図（国調法19-5指定）,P-F,,,,,,
46201-3400-109.zip,W   21-4,500,false,-144228.769,-44019.564,-144078.765,-44019.566,-144228.768,-43819.563,-144078.764,-43819.565,地籍図,法第14条1項地図（国調法19-5指定）,P-F,,,,,,
46201-3400-109.zip,W   22-1,500,false,-144078.764,-43819.565,-143928.760,-43819.568,-144078.763,-43619.565,-143928.759,-43619.567,地籍図,法第14条1項地図（国調法19-5指定）,P-F,,,,,,
46201-3400-109.zip,W   22-2,500,false,-144078.763,-43619.565,-143928.759,-43619.567,-144078.762,-43419.564,-143928.758,-43419.566,地籍図,法第14条1項地図（国調法19-5指定）,P-F,,,,,,
46201-3400-109.zip,W   22-3,500,false,-144228.768,-43819.563,-144078.764,-43819.565,-144228.766,-43619.563,-144078.763,-43619.565,地籍図,法第14条1項地図（国調法19-5指定）,P-F,,,,,,
46201-3400-109.zip,W   22-4,500,false,-144228.766,-43619.563,-144078.763,-43619.565,-144228.765,-43419.562,-144078.762,-43419.564,地籍図,法第14条1項地図（国調法19-5指定）,P-F,,,,,,
46201-3400-109.zip,W   23-1,500,false,-144078.762,-43419.564,-143928.758,-43419.566,-144078.761,-43219.564,-143928.757,-43219.566,地籍図,法第14条1項地図（国調法19-5指定）,P-F,,,,,,
46201-3400-109.zip,W   23-3,500,false,-144228.765,-43419.562,-144078.762,-43419.564,-144228.764,-43219.562,-144078.761,-43219.564,地籍図,法第14条1項地図（国調法19-5指定）,P-F,,,,,,
46201-3400-109.zip,W   31-1,500,false,-144378.775,-44219.561,-144228.771,-44219.564,-144378.773,-44019.561,-144228.769,-44019.564,地籍図,法第14条1項地図（国調法19-5指定）,P-F,,,,,,
46201-3400-109.zip,W   31-2,500,false,-144378.773,-44019.561,-144228.769,-44019.564,-144378.771,-43819.561,-144228.768,-43819.563,地籍図,法第14条1項地図（国調法19-5指定）,P-F,,,,,,
46201-3400-109.zip,W   31-3,500,false,-144528.780,-44219.558,-144378.775,-44219.561,-144528.777,-44019.559,-144378.773,-44019.561,地籍図,法第14条1項地図（国調法19-5指定）,P-F,,,,,,
46201-3400-109.zip,W   31-4,500,false,-144528.777,-44019.559,-144378.773,-44019.561,-144528.775,-43819.559,-144378.771,-43819.561,地籍図,法第14条1項地図（国調法19-5指定）,P-F,,,,,,
46201-3400-109.zip,W   11-4,500,false,-143928.761,-44019.568,-143778.757,-44019.571,-143928.760,-43819.568,-143778.756,-43819.570,地籍図,法第14条1項地図（国調法19-5指定）,P-F,,,,,,
46201-3400-109.zip,W   32-1,500,false,-144378.771,-43819.561,-144228.768,-43819.563,-144378.770,-43619.560,-144228.766,-43619.563,地籍図,法第14条1項地図（国調法19-5指定）,P-F,,,,,,
46201-3400-109.zip,V   32-1,500,false,-144378.782,-45819.571,-144228.776,-45819.574,-144378.784,-45619.567,-144228.778,-45619.570,地籍図,法第14条1項地図（国調法19-5指定）,P-F,,,,,,
46201-3400-109.zip,V   31-2,500,false,-144378.780,-46019.575,-144228.774,-46019.578,-144378.782,-45819.571,-144228.776,-45819.574,地籍図,法第14条1項地図（国調法19-5指定）,P-F,,,,,,
46201-3400-109.zip,V   32-2,500,false,-144378.784,-45619.567,-144228.778,-45619.570,-144378.786,-45419.563,-144228.780,-45419.566,地籍図,法第14条1項地図（国調法19-5指定）,P-F,,,,,,
46201-3400-109.zip,V   33-1,500,false,-144378.786,-45419.563,-144228.780,-45419.566,-144378.788,-45219.559,-144228.781,-45219.563,地籍図,法第14条1項地図（国調法19-5指定）,P-F,,,,,,
46201-3400-109.zip,V   33-2,500,false,-144378.788,-45219.559,-144228.781,-45219.563,-144378.785,-45019.560,-144228.779,-45019.563,地籍図,法第14条1項地図（国調法19-5指定）,P-F,,,,,,
46201-3400-109.zip,V   34-1,500,false,-144378.785,-45019.560,-144228.779,-45019.563,-144378.783,-44819.560,-144228.777,-44819.563,地籍図,法第14条1項地図（国調法19-5指定）,P-F,,,,,,
46201-3400-109.zip,V   34-2,500,false,-144378.783,-44819.560,-144228.777,-44819.563,-144378.780,-44619.560,-144228.775,-44619.563,地籍図,法第14条1項地図（国調法19-5指定）,P-F,,,,,,
46201-3400-109.zip,V   34-3,500,false,-144528.792,-45019.557,-144378.785,-45019.560,-144528.789,-44819.557,-144378.783,-44819.560,地籍図,法第14条1項地図（国調法19-5指定）,P-F,,,,,,
46201-3400-109.zip,V   34-4,500,false,-144528.789,-44819.557,-144378.783,-44819.560,-144528.786,-44619.558,-144378.780,-44619.560,地籍図,法第14条1項地図（国調法19-5指定）,P-F,,,,,,
46201-3400-109.zip,V   35-1,500,false,-144378.780,-44619.560,-144228.775,-44619.563,-144378.778,-44419.561,-144228.773,-44419.563,地籍図,法第14条1項地図（国調法19-5指定）,P-F,,,,,,
46201-3400-109.zip,V   35-2,500,false,-144378.778,-44419.561,-144228.773,-44419.563,-144378.775,-44219.561,-144228.771,-44219.564,地籍図,法第14条1項地図（国調法19-5指定）,P-F,,,,,,
46201-3400-109.zip,V   35-3,500,false,-144528.786,-44619.558,-144378.780,-44619.560,-144528.783,-44419.558,-144378.778,-44419.561,地籍図,法第14条1項地図（国調法19-5指定）,P-F,,,,,,
46201-3400-109.zip,V   35-4,500,false,-144528.783,-44419.558,-144378.778,-44419.561,-144528.780,-44219.558,-144378.775,-44219.561,地籍図,法第14条1項地図（国調法19-5指定）,P-F,,,,,,
46201-3400-109.zip,V   44-2,500,false,-144678.794,-44819.554,-144528.789,-44819.557,-144678.790,-44619.555,-144528.786,-44619.558,地籍図,法第14条1項地図（国調法19-5指定）,P-F,,,,,,
46201-3400-109.zip,V   45-1,500,false,-144678.790,-44619.555,-144528.786,-44619.558,-144678.787,-44419.555,-144528.783,-44419.558,地籍図,法第14条1項地図（国調法19-5指定）,P-F,,,,,,
46201-3400-109.zip,V   45-2,500,false,-144678.787,-44419.555,-144528.783,-44419.558,-144678.784,-44219.556,-144528.780,-44219.558,地籍図,法第14条1項地図（国調法19-5指定）,P-F,,,,,,
46201-3400-109.zip,W   11-1,500,false,-143778.757,-44219.571,-143628.753,-44219.574,-143778.757,-44019.571,-143628.753,-44019.573,地籍図,法第14条1項地図（国調法19-5指定）,P-F,,,,,,
46201-3400-109.zip,W   11-2,500,false,-143778.757,-44019.571,-143628.753,-44019.573,-143778.756,-43819.570,-143628.752,-43819.572,地籍図,法第14条1項地図（国調法19-5指定）,P-F,,,,,,
46201-3400-109.zip,V   25-3,500,false,-144228.775,-44619.563,-144078.769,-44619.566,-144228.773,-44419.563,-144078.768,-44419.566,地籍図,法第14条1項地図（国調法19-5指定）,P-F,,,,,,
46201-3400-109.zip,V   25-4,500,false,-144228.773,-44419.563,-144078.768,-44419.566,-144228.771,-44219.564,-144078.766,-44219.566,地籍図,法第14条1項地図（国調法19-5指定）,P-F,,,,,,
46201-3400-109.zip,W   11-3,500,false,-143928.762,-44219.569,-143778.757,-44219.571,-143928.761,-44019.568,-143778.757,-44019.571,地籍図,法第14条1項地図（国調法19-5指定）,P-F,,,,,,
46201-3400-109.zip,V   15-2,500,false,-143778.758,-44419.571,-143628.753,-44419.574,-143778.757,-44219.571,-143628.753,-44219.574,地籍図,法第14条1項地図（国調法19-5指定）,P-F,,,,,,
46201-3400-109.zip,V   15-3,500,false,-143928.764,-44619.569,-143778.759,-44619.572,-143928.763,-44419.569,-143778.758,-44419.571,地籍図,法第14条1項地図（国調法19-5指定）,P-F,,,,,,
46201-3400-109.zip,V   15-4,500,false,-143928.763,-44419.569,-143778.758,-44419.571,-143928.762,-44219.569,-143778.757,-44219.571,地籍図,法第14条1項地図（国調法19-5指定）,P-F,,,,,,
46201-3400-109.zip,V   22-1,500,false,-144078.770,-45819.577,-143928.764,-45819.580,-144078.771,-45619.573,-143928.765,-45619.576,地籍図,法第14条1項地図（国調法19-5指定）,P-F,,,,,,
46201-3400-109.zip,V   22-2,500,false,-144078.771,-45619.573,-143928.765,-45619.576,-144078.773,-45419.569,-143928.766,-45419.573,地籍図,法第14条1項地図（国調法19-5指定）,P-F,,,,,,
46201-3400-109.zip,V   22-3,500,false,-144228.776,-45819.574,-144078.770,-45819.577,-144228.778,-45619.570,-144078.771,-45619.573,地籍図,法第14条1項地図（国調法19-5指定）,P-F,,,,,,
46201-3400-109.zip,V   21-4,500,false,-144228.774,-46019.578,-144078.768,-46019.581,-144228.776,-45819.574,-144078.770,-45819.577,地籍図,法第14条1項地図（国調法19-5指定）,P-F,,,,,,
46201-3400-109.zip,V   22-4,500,false,-144228.778,-45619.570,-144078.771,-45619.573,-144228.780,-45419.566,-144078.773,-45419.569,地籍図,法第14条1項地図（国調法19-5指定）,P-F,,,,,,
46201-3400-109.zip,V   23-1,500,false,-144078.773,-45419.569,-143928.766,-45419.573,-144078.774,-45219.566,-143928.767,-45219.569,地籍図,法第14条1項地図（国調法19-5指定）,P-F,,,,,,
46201-3400-109.zip,V   23-2,500,false,-144078.774,-45219.566,-143928.767,-45219.569,-144078.773,-45019.566,-143928.766,-45019.569,地籍図,法第14条1項地図（国調法19-5指定）,P-F,,,,,,
46201-3400-109.zip,V   23-3,500,false,-144228.780,-45419.566,-144078.773,-45419.569,-144228.781,-45219.563,-144078.774,-45219.566,地籍図,法第14条1項地図（国調法19-5指定）,P-F,,,,,,
46201-3400-109.zip,V   23-4,500,false,-144228.781,-45219.563,-144078.774,-45219.566,-144228.779,-45019.563,-144078.773,-45019.566,地籍図,法第14条1項地図（国調法19-5指定）,P-F,,,,,,
46201-3400-109.zip,V   24-1,500,false,-144078.773,-45019.566,-143928.766,-45019.569,-144078.771,-44819.566,-143928.765,-44819.569,地籍図,法第14条1項地図（国調法19-5指定）,P-F,,,,,,
46201-3400-109.zip,V   24-2,500,false,-144078.771,-44819.566,-143928.765,-44819.569,-144078.769,-44619.566,-143928.764,-44619.569,地籍図,法第14条1項地図（国調法19-5指定）,P-F,,,,,,
46201-3400-109.zip,V   24-3,500,false,-144228.779,-45019.563,-144078.773,-45019.566,-144228.777,-44819.563,-144078.771,-44819.566,地籍図,法第14条1項地図（国調法19-5指定）,P-F,,,,,,
46201-3400-109.zip,V   24-4,500,false,-144228.777,-44819.563,-144078.771,-44819.566,-144228.775,-44619.563,-144078.769,-44619.566,地籍図,法第14条1項地図（国調法19-5指定）,P-F,,,,,,
46201-3400-109.zip,V   25-1,500,false,-144078.769,-44619.566,-143928.764,-44619.569,-144078.768,-44419.566,-143928.763,-44419.569,地籍図,法第14条1項地図（国調法19-5指定）,P-F,,,,,,
46201-3400-109.zip,V   25-2,500,false,-144078.768,-44419.566,-143928.763,-44419.569,-144078.766,-44219.566,-143928.762,-44219.569,地籍図,法第14条1項地図（国調法19-5指定）,P-F,,,,,,
46201-3400-109.zip,V   14-3,500,false,-143928.766,-45019.569,-143778.760,-45019.572,-143928.765,-44819.569,-143778.759,-44819.572,地籍図,法第14条1項地図（国調法19-5指定）,P-F,,,,,,
46201-3400-109.zip,V   14-4,500,false,-143928.765,-44819.569,-143778.759,-44819.572,-143928.764,-44619.569,-143778.759,-44619.572,地籍図,法第14条1項地図（国調法19-5指定）,P-F,,,,,,
46201-3400-109.zip,V   15-1,500,false,-143778.759,-44619.572,-143628.753,-44619.574,-143778.758,-44419.571,-143628.753,-44419.574,地籍図,法第14条1項地図（国調法19-5指定）,P-F,,,,,,
46201-3400-109.zip,S   54-3,500,false,-143628.754,-45019.575,-143478.749,-45019.578,-143628.754,-44819.575,-143478.749,-44819.578,地籍図,法第14条1項地図（国調法19-5指定）,P-F,,,,,,
46201-3400-109.zip,S   54-4,500,false,-143628.754,-44819.575,-143478.749,-44819.578,-143628.753,-44619.574,-143478.749,-44619.577,地籍図,法第14条1項地図（国調法19-5指定）,P-F,,,,,,
46201-3400-109.zip,S   45-3,500,false,-143328.744,-44619.579,-143178.740,-44619.582,-143328.745,-44419.579,-143178.740,-44419.581,地籍図,法第14条1項地図（国調法19-5指定）,P-F,,,,,,
46201-3400-109.zip,S   45-4,500,false,-143328.745,-44419.579,-143178.740,-44419.581,-143328.745,-44219.578,-143178.741,-44219.580,地籍図,法第14条1項地図（国調法19-5指定）,P-F,,,,,,
46201-3400-109.zip,S   53-4,500,false,-143628.754,-45219.576,-143478.748,-45219.579,-143628.754,-45019.575,-143478.749,-45019.578,地籍図,法第14条1項地図（国調法19-5指定）,P-F,,,,,,
46201-3400-109.zip,S   54-2,500,false,-143478.749,-44819.578,-143328.744,-44819.580,-143478.749,-44619.577,-143328.744,-44619.579,地籍図,法第14条1項地図（国調法19-5指定）,P-F,,,,,,
46201-3400-109.zip,S   55-1,500,false,-143478.749,-44619.577,-143328.744,-44619.579,-143478.749,-44419.576,-143328.745,-44419.579,地籍図,法第14条1項地図（国調法19-5指定）,P-F,,,,,,
46201-3400-109.zip,S   55-2,500,false,-143478.749,-44419.576,-143328.745,-44419.579,-143478.749,-44219.576,-143328.745,-44219.578,地籍図,法第14条1項地図（国調法19-5指定）,P-F,,,,,,
46201-3400-109.zip,S   55-3,500,false,-143628.753,-44619.574,-143478.749,-44619.577,-143628.753,-44419.574,-143478.749,-44419.576,地籍図,法第14条1項地図（国調法19-5指定）,P-F,,,,,,
46201-3400-109.zip,S   55-4,500,false,-143628.753,-44419.574,-143478.749,-44419.576,-143628.753,-44219.574,-143478.749,-44219.576,地籍図,法第14条1項地図（国調法19-5指定）,P-F,,,,,,
46201-3400-109.zip,V   12-1,500,false,-143778.757,-45819.583,-143628.751,-45819.585,-143778.759,-45619.579,-143628.752,-45619.582,地籍図,法第14条1項地図（国調法19-5指定）,P-F,,,,,,
46201-3400-109.zip,S   52-3,500,false,-143628.751,-45819.585,-143478.745,-45819.587,-143628.752,-45619.582,-143478.746,-45619.584,地籍図,法第14条1項地図（国調法19-5指定）,P-F,,,,,,
46201-3400-109.zip,V   12-2,500,false,-143778.759,-45619.579,-143628.752,-45619.582,-143778.760,-45419.576,-143628.753,-45419.579,地籍図,法第14条1項地図（国調法19-5指定）,P-F,,,,,,
46201-3400-109.zip,V   12-3,500,false,-143928.764,-45819.580,-143778.757,-45819.583,-143928.765,-45619.576,-143778.759,-45619.579,地籍図,法第14条1項地図（国調法19-5指定）,P-F,,,,,,
46201-3400-109.zip,V   12-4,500,false,-143928.765,-45619.576,-143778.759,-45619.579,-143928.766,-45419.573,-143778.760,-45419.576,地籍図,法第14条1項地図（国調法19-5指定）,P-F,,,,,,
46201-3400-109.zip,V   13-1,500,false,-143778.760,-45419.576,-143628.753,-45419.579,-143778.761,-45219.573,-143628.754,-45219.576,地籍図,法第14条1項地図（国調法19-5指定）,P-F,,,,,,
46201-3400-109.zip,V   13-2,500,false,-143778.761,-45219.573,-143628.754,-45219.576,-143778.760,-45019.572,-143628.754,-45019.575,地籍図,法第14条1項地図（国調法19-5指定）,P-F,,,,,,
46201-3400-109.zip,V   13-3,500,false,-143928.766,-45419.573,-143778.760,-45419.576,-143928.767,-45219.569,-143778.761,-45219.573,地籍図,法第14条1項地図（国調法19-5指定）,P-F,,,,,,
46201-3400-109.zip,V   13-4,500,false,-143928.767,-45219.569,-143778.761,-45219.573,-143928.766,-45019.569,-143778.760,-45019.572,地籍図,法第14条1項地図（国調法19-5指定）,P-F,,,,,,
46201-3400-109.zip,V   14-1,500,false,-143778.760,-45019.572,-143628.754,-45019.575,-143778.759,-44819.572,-143628.754,-44819.575,地籍図,法第14条1項地図（国調法19-5指定）,P-F,,,,,,
46201-3400-109.zip,V   14-2,500,false,-143778.759,-44819.572,-143628.754,-44819.575,-143778.759,-44619.572,-143628.753,-44619.574,地籍図,法第14条1項地図（国調法19-5指定）,P-F,,,,,,
46201-3400-11.zip,077-74,,true,515.659,775.550,337.998,978.281,269.837,560.399,92.138,763.358,旧土地台帳附属地図,地図に準ずる図面,P-F,,,,,,
46201-3400-11.zip,077-75,,true,284.428,482.602,553.909,478.030,290.143,809.310,559.929,804.586,旧土地台帳附属地図,地図に準ずる図面,P-F,,,,,,
46201-3400-11.zip,077-76,,true,228.431,566.222,266.531,299.369,551.824,612.208,589.848,345.089,旧土地台帳附属地図,地図に準ずる図面,P-F,,,,,,
46201-3400-11.zip,077-76-1,,true,12.554,585.419,32.442,316.623,338.385,609.270,358.197,340.207,旧土地台帳附属地図,地図に準ずる図面,P-F,,,,,,
46201-3400-11.zip,077-77,,true,149.655,676.337,154.723,406.855,476.287,682.204,481.240,412.494,旧土地台帳附属地図,地図に準ずる図面,P-F,,,,,,
46201-3400-11.zip,077-78,,true,470.215,932.357,274.267,747.344,694.282,694.613,498.067,509.599,旧土地台帳附属地図,地図に準ずる図面,P-F,,,,,,
46201-3400-11.zip,077-79,,true,538.586,564.266,808.106,561.752,541.939,890.898,811.688,888.269,旧土地台帳附属地図,地図に準ずる図面,P-F,,,,,,
46201-3400-11.zip,077-80,,true,318.722,515.537,539.207,360.660,506.632,782.694,727.307,627.551,旧土地台帳附属地図,地図に準ずる図面,P-F,,,,,,
46201-3400-11.zip,077-81,,true,825.502,421.872,1057.341,559.109,659.234,702.974,891.377,840.363,旧土地台帳附属地図,地図に準ずる図面,P-F,,,,,,
46201-3400-11.zip,077-82,,true,906.004,970.747,637.055,987.321,885.734,644.725,616.481,661.413,旧土地台帳附属地図,地図に準ずる図面,P-F,,,,,,
46201-3400-11.zip,077-83,,true,1137.720,689.315,870.867,652.015,1182.716,365.769,915.596,328.545,旧土地台帳附属地図,地図に準ずる図面,P-F,,,,,,
46201-3400-11.zip,077-84,,true,1161.384,559.556,1166.109,829.000,834.752,565.500,839.629,835.286,旧土地台帳附属地図,地図に準ずる図面,P-F,,,,,,
46201-3400-11.zip,077-85,,true,1037.045,649.650,1306.374,658.413,1026.606,976.130,1296.240,984.778,旧土地台帳附属地図,地図に準ずる図面,P-F,,,,,,
46201-3400-11.zip,077-87,,true,1085.602,746.506,1180.548,494.436,1391.355,861.454,1486.301,609.003,旧土地台帳附属地図,地図に準ずる図面,P-F,,,,,,
46201-3400-11.zip,077-88,,true,1033.408,606.500,1176.283,378.128,1310.510,779.512,1453.385,550.760,旧土地台帳附属地図,地図に準ずる図面,P-F,,,,,,
46201-3400-11.zip,077-89,,true,1210.374,683.271,1044.677,470.825,1467.816,482.179,1301.814,269.657,旧土地台帳附属地図,地図に準ずる図面,P-F,,,,,,
46201-3400-11.zip,077-90,,true,1236.542,188.736,1399.496,403.201,976.547,386.475,1139.768,601.169,旧土地台帳附属地図,地図に準ずる図面,P-F,,,,,,
46201-3400-11.zip,077-91,,true,1561.471,259.032,1579.263,527.867,1235.562,280.826,1253.470,549.926,旧土地台帳附属地図,地図に準ずる図面,P-F,,,,,,
46201-3400-11.zip,077-92,,true,1265.644,14.002,1528.763,71.761,1195.768,333.052,1459.268,390.811,旧土地台帳附属地図,地図に準ずる図面,P-F,,,,,,
46201-3400-110.zip,V   53-4,500,false,-145128.817,-45219.543,-144978.811,-45219.546,-145128.812,-45019.544,-144978.807,-45019.547,地籍図,法第14条1項地図,P-F,,,,,,
46201-3400-110.zip,V   54-3,500,false,-145128.812,-45019.544,-144978.807,-45019.547,-145128.808,-44819.545,-144978.803,-44819.548,地籍図,法第14条1項地図,P-F,,,,,,
46201-3400-110.zip,V   54-4,500,false,-145128.808,-44819.545,-144978.803,-44819.548,-145128.803,-44619.547,-144978.799,-44619.549,地籍図,法第14条1項地図,P-F,,,,,,
46201-3400-110.zip,V   55-1,500,false,-144978.799,-44619.549,-144828.795,-44619.552,-144978.795,-44419.550,-144828.791,-44419.553,地籍図,法第14条1項地図,P-F,,,,,,
46201-3400-110.zip,V   55-3,500,false,-145128.803,-44619.547,-144978.799,-44619.549,-145128.799,-44419.548,-144978.795,-44419.550,地籍図,法第14条1項地図,P-F,,,,,,
46201-3400-110.zip,V   55-4,500,false,-145128.799,-44419.548,-144978.795,-44419.550,-145128.795,-44219.549,-144978.791,-44219.551,地籍図,法第14条1項地図,P-F,,,,,,
46201-3400-110.zip,B1  13-2,500,false,-145278.822,-45219.539,-145128.817,-45219.543,-145278.817,-45019.541,-145128.812,-45019.544,地籍図,法第14条1項地図,P-F,,,,,,
46201-3400-110.zip,B1  13-4,500,false,-145428.827,-45219.536,-145278.822,-45219.539,-145428.822,-45019.538,-145278.817,-45019.541,地籍図,法第14条1項地図,P-F,,,,,,
46201-3400-110.zip,B1  14-1,500,false,-145278.817,-45019.541,-145128.812,-45019.544,-145278.813,-44819.542,-145128.808,-44819.545,地籍図,法第14条1項地図,P-F,,,,,,
46201-3400-110.zip,B1  14-2,500,false,-145278.813,-44819.542,-145128.808,-44819.545,-145278.808,-44619.544,-145128.803,-44619.547,地籍図,法第14条1項地図,P-F,,,,,,
46201-3400-110.zip,B1  14-3,500,false,-145428.822,-45019.538,-145278.817,-45019.541,-145428.817,-44819.539,-145278.813,-44819.542,地籍図,法第14条1項地図,P-F,,,,,,
46201-3400-110.zip,B1  14-4,500,false,-145428.817,-44819.539,-145278.813,-44819.542,-145428.812,-44619.541,-145278.808,-44619.544,地籍図,法第14条1項地図,P-F,,,,,,
46201-3400-110.zip,B1  15-1,500,false,-145278.808,-44619.544,-145128.803,-44619.547,-145278.803,-44419.545,-145128.799,-44419.548,地籍図,法第14条1項地図,P-F,,,,,,
46201-3400-110.zip,B1  15-2,500,false,-145278.803,-44419.545,-145128.799,-44419.548,-145278.798,-44219.547,-145128.795,-44219.549,地籍図,法第14条1項地図,P-F,,,,,,
46201-3400-110.zip,B1  15-3,500,false,-145428.812,-44619.541,-145278.808,-44619.544,-145428.807,-44419.543,-145278.803,-44419.545,地籍図,法第14条1項地図,P-F,,,,,,
46201-3400-110.zip,B1  15-4,500,false,-145428.807,-44419.543,-145278.803,-44419.545,-145428.802,-44219.545,-145278.798,-44219.547,地籍図,法第14条1項地図,P-F,,,,,,
46201-3400-110.zip,B1  23-2,500,false,-145578.829,-45219.534,-145428.827,-45219.536,-145578.824,-45019.536,-145428.822,-45019.538,地籍図,法第14条1項地図,P-F,,,,,,
46201-3400-110.zip,B1  24-1,500,false,-145578.824,-45019.536,-145428.822,-45019.538,-145578.819,-44819.537,-145428.817,-44819.539,地籍図,法第14条1項地図,P-F,,,,,,
46201-3400-110.zip,B1  24-2,500,false,-145578.819,-44819.537,-145428.817,-44819.539,-145578.814,-44619.539,-145428.812,-44619.541,地籍図,法第14条1項地図,P-F,,,,,,
46201-3400-110.zip,B1  24-4,500,false,-145728.817,-44819.536,-145578.819,-44819.537,-145728.813,-44619.538,-145578.814,-44619.539,地籍図,法第14条1項地図,P-F,,,,,,
46201-3400-110.zip,B1  25-1,500,false,-145578.814,-44619.539,-145428.812,-44619.541,-145578.809,-44419.541,-145428.807,-44419.543,地籍図,法第14条1項地図,P-F,,,,,,
46201-3400-110.zip,B1  25-2,500,false,-145578.809,-44419.541,-145428.807,-44419.543,-145578.804,-44219.543,-145428.802,-44219.545,地籍図,法第14条1項地図,P-F,,,,,,
46201-3400-110.zip,B1  25-3,500,false,-145728.813,-44619.538,-145578.814,-44619.539,-145728.809,-44419.540,-145578.809,-44419.541,地籍図,法第14条1項地図,P-F,,,,,,
46201-3400-110.zip,B1  25-4,500,false,-145728.809,-44419.540,-145578.809,-44419.541,-145728.804,-44219.541,-145578.804,-44219.543,地籍図,法第14条1項地図,P-F,,,,,,
46201-3400-110.zip,B1  35-1,500,false,-145878.812,-44619.537,-145728.813,-44619.538,-145878.808,-44419.538,-145728.809,-44419.540,地籍図,法第14条1項地図,P-F,,,,,,
46201-3400-110.zip,B1  35-2,500,false,-145878.808,-44419.538,-145728.809,-44419.540,-145878.805,-44219.540,-145728.804,-44219.541,地籍図,法第14条1項地図,P-F,,,,,,
46201-3400-110.zip,B1  35-4,500,false,-146028.808,-44419.537,-145878.808,-44419.538,-146028.805,-44219.539,-145878.805,-44219.540,地籍図,法第14条1項地図,P-F,,,,,,
46201-3400-110.zip,B1  45-2,500,false,-146178.807,-44419.536,-146028.808,-44419.537,-146178.805,-44219.537,-146028.805,-44219.539,地籍図,法第14条1項地図,P-F,,,,,,
46201-3400-110.zip,C1  11-1,500,false,-145278.798,-44219.547,-145128.795,-44219.549,-145278.794,-44019.548,-145128.791,-44019.550,地籍図,法第14条1項地図,P-F,,,,,,
46201-3400-110.zip,C1  11-2,500,false,-145278.794,-44019.548,-145128.791,-44019.550,-145278.791,-43819.549,-145128.788,-43819.551,地籍図,法第14条1項地図,P-F,,,,,,
46201-3400-110.zip,C1  11-3,500,false,-145428.802,-44219.545,-145278.798,-44219.547,-145428.797,-44019.546,-145278.794,-44019.548,地籍図,法第14条1項地図,P-F,,,,,,
46201-3400-110.zip,C1  21-1,500,false,-145578.804,-44219.543,-145428.802,-44219.545,-145578.800,-44019.544,-145428.797,-44019.546,地籍図,法第14条1項地図,P-F,,,,,,
46201-3400-110.zip,C1  21-2,500,false,-145578.800,-44019.544,-145428.797,-44019.546,-145578.797,-43819.545,-145428.795,-43819.547,地籍図,法第14条1項地図,P-F,,,,,,
46201-3400-110.zip,C1  21-3,500,false,-145728.804,-44219.541,-145578.804,-44219.543,-145728.800,-44019.543,-145578.800,-44019.544,地籍図,法第14条1項地図,P-F,,,,,,
46201-3400-110.zip,C1  21-4,500,false,-145728.800,-44019.543,-145578.800,-44019.544,-145728.798,-43819.544,-145578.797,-43819.545,地籍図,法第14条1項地図,P-F,,,,,,
46201-3400-110.zip,C1  22-3,500,false,-145728.798,-43819.544,-145578.797,-43819.545,-145728.795,-43619.545,-145578.794,-43619.546,地籍図,法第14条1項地図,P-F,,,,,,
46201-3400-110.zip,C1  22-4,500,false,-145728.795,-43619.545,-145578.794,-43619.546,-145728.792,-43419.547,-145578.791,-43419.547,地籍図,法第14条1項地図,P-F,,,,,,
46201-3400-110.zip,C1  23-1,500,false,-145578.791,-43419.547,-145428.789,-43419.549,-145578.788,-43219.548,-145428.786,-43219.549,地籍図,法第14条1項地図,P-F,,,,,,
46201-3400-110.zip,C1  23-2,500,false,-145578.788,-43219.548,-145428.786,-43219.549,-145578.785,-43019.549,-145428.783,-43019.550,地籍図,法第14条1項地図,P-F,,,,,,
46201-3400-110.zip,C1  23-3,500,false,-145728.792,-43419.547,-145578.791,-43419.547,-145728.789,-43219.548,-145578.788,-43219.548,地籍図,法第14条1項地図,P-F,,,,,,
46201-3400-110.zip,C1  23-4,500,false,-145728.789,-43219.548,-145578.788,-43219.548,-145728.786,-43019.549,-145578.785,-43019.549,地籍図,法第14条1項地図,P-F,,,,,,
46201-3400-110.zip,C1  24-1,500,false,-145578.785,-43019.549,-145428.783,-43019.550,-145578.782,-42819.550,-145428.780,-42819.550,地籍図,法第14条1項地図,P-F,,,,,,
46201-3400-110.zip,C1  24-3,500,false,-145728.786,-43019.549,-145578.785,-43019.549,-145728.783,-42819.549,-145578.782,-42819.550,地籍図,法第14条1項地図,P-F,,,,,,
46201-3400-110.zip,C1  24-4,500,false,-145728.783,-42819.549,-145578.782,-42819.550,-145728.780,-42619.548,-145578.779,-42619.548,地籍図,法第14条1項地図,P-F,,,,,,
46201-3400-110.zip,C1  31-1,500,false,-145878.805,-44219.540,-145728.804,-44219.541,-145878.801,-44019.541,-145728.800,-44019.543,地籍図,法第14条1項地図,P-F,,,,,,
46201-3400-110.zip,C1  31-2,500,false,-145878.801,-44019.541,-145728.800,-44019.543,-145878.798,-43819.543,-145728.798,-43819.544,地籍図,法第14条1項地図,P-F,,,,,,
46201-3400-110.zip,C1  31-3,500,false,-146028.805,-44219.539,-145878.805,-44219.540,-146028.802,-44019.540,-145878.801,-44019.541,地籍図,法第14条1項地図,P-F,,,,,,
46201-3400-110.zip,C1  31-4,500,false,-146028.802,-44019.540,-145878.801,-44019.541,-146028.799,-43819.542,-145878.798,-43819.543,地籍図,法第14条1項地図,P-F,,,,,,
46201-3400-110.zip,C1  32-1,500,false,-145878.798,-43819.543,-145728.798,-43819.544,-145878.796,-43619.544,-145728.795,-43619.545,地籍図,法第14条1項地図,P-F,,,,,,
46201-3400-110.zip,C1  32-2,500,false,-145878.796,-43619.544,-145728.795,-43619.545,-145878.793,-43419.546,-145728.792,-43419.547,地籍図,法第14条1項地図,P-F,,,,,,
46201-3400-110.zip,C1  32-3,500,false,-146028.799,-43819.542,-145878.798,-43819.543,-146028.796,-43619.543,-145878.796,-43619.544,地籍図,法第14条1項地図,P-F,,,,,,
46201-3400-110.zip,C1  32-4,500,false,-146028.796,-43619.543,-145878.796,-43619.544,-146028.794,-43419.545,-145878.793,-43419.546,地籍図,法第14条1項地図,P-F,,,,,,
46201-3400-110.zip,C1  33-1,500,false,-145878.793,-43419.546,-145728.792,-43419.547,-145878.790,-43219.547,-145728.789,-43219.548,地籍図,法第14条1項地図,P-F,,,,,,
46201-3400-110.zip,C1  33-2,500,false,-145878.790,-43219.547,-145728.789,-43219.548,-145878.787,-43019.549,-145728.786,-43019.549,地籍図,法第14条1項地図,P-F,,,,,,
46201-3400-110.zip,C1  33-3,500,false,-146028.794,-43419.545,-145878.793,-43419.546,-146028.791,-43219.547,-145878.790,-43219.547,地籍図,法第14条1項地図,P-F,,,,,,
46201-3400-110.zip,C1  33-4,500,false,-146028.791,-43219.547,-145878.790,-43219.547,-146028.788,-43019.548,-145878.787,-43019.549,地籍図,法第14条1項地図,P-F,,,,,,
46201-3400-110.zip,C1  34-1,500,false,-145878.787,-43019.549,-145728.786,-43019.549,-145878.784,-42819.549,-145728.783,-42819.549,地籍図,法第14条1項地図,P-F,,,,,,
46201-3400-110.zip,C1  34-2,500,false,-145878.784,-42819.549,-145728.783,-42819.549,-145878.782,-42619.547,-145728.780,-42619.548,地籍図,法第14条1項地図,P-F,,,,,,
46201-3400-110.zip,C1  34-3,500,false,-146028.788,-43019.548,-145878.787,-43019.549,-146028.786,-42819.549,-145878.784,-42819.549,地籍図,法第14条1項地図,P-F,,,,,,
46201-3400-110.zip,C1  34-4,500,false,-146028.786,-42819.549,-145878.784,-42819.549,-146028.783,-42619.547,-145878.782,-42619.547,地籍図,法第14条1項地図,P-F,,,,,,
46201-3400-110.zip,C1  41-1,500,false,-146178.805,-44219.537,-146028.805,-44219.539,-146178.803,-44019.538,-146028.802,-44019.540,地籍図,法第14条1項地図,P-F,,,,,,
46201-3400-110.zip,C1  41-2,500,false,-146178.803,-44019.538,-146028.802,-44019.540,-146178.800,-43819.540,-146028.799,-43819.542,地籍図,法第14条1項地図,P-F,,,,,,
46201-3400-110.zip,C1  41-3,500,false,-146328.805,-44219.536,-146178.805,-44219.537,-146328.803,-44019.537,-146178.803,-44019.538,地籍図,法第14条1項地図,P-F,,,,,,
46201-3400-110.zip,C1  41-4,500,false,-146328.803,-44019.537,-146178.803,-44019.538,-146328.801,-43819.539,-146178.800,-43819.540,地籍図,法第14条1項地図,P-F,,,,,,
46201-3400-110.zip,C1  42-1,500,false,-146178.800,-43819.540,-146028.799,-43819.542,-146178.797,-43619.542,-146028.796,-43619.543,地籍図,法第14条1項地図,P-F,,,,,,
46201-3400-110.zip,C1  42-2,500,false,-146178.797,-43619.542,-146028.796,-43619.543,-146178.795,-43419.544,-146028.794,-43419.545,地籍図,法第14条1項地図,P-F,,,,,,
46201-3400-110.zip,C1  42-3,500,false,-146328.801,-43819.539,-146178.800,-43819.540,-146328.798,-43619.541,-146178.797,-43619.542,地籍図,法第14条1項地図,P-F,,,,,,
46201-3400-110.zip,C1  42-4,500,false,-146328.798,-43619.541,-146178.797,-43619.542,-146328.796,-43419.543,-146178.795,-43419.544,地籍図,法第14条1項地図,P-F,,,,,,
46201-3400-110.zip,C1  43-1,500,false,-146178.795,-43419.544,-146028.794,-43419.545,-146178.792,-43219.546,-146028.791,-43219.547,地籍図,法第14条1項地図,P-F,,,,,,
46201-3400-110.zip,C1  43-2,500,false,-146178.792,-43219.546,-146028.791,-43219.547,-146178.790,-43019.548,-146028.788,-43019.548,地籍図,法第14条1項地図,P-F,,,,,,
46201-3400-110.zip,C1  43-3,500,false,-146328.796,-43419.543,-146178.795,-43419.544,-146328.793,-43219.545,-146178.792,-43219.546,地籍図,法第14条1項地図,P-F,,,,,,
46201-3400-110.zip,C1  43-4,500,false,-146328.793,-43219.545,-146178.792,-43219.546,-146328.791,-43019.547,-146178.790,-43019.548,地籍図,法第14条1項地図,P-F,,,,,,
46201-3400-110.zip,C1  44-1,500,false,-146178.790,-43019.548,-146028.788,-43019.548,-146178.787,-42819.548,-146028.786,-42819.549,地籍図,法第14条1項地図,P-F,,,,,,
46201-3400-110.zip,C1  44-3,500,false,-146328.791,-43019.547,-146178.790,-43019.548,-146328.788,-42819.548,-146178.787,-42819.548,地籍図,法第14条1項地図,P-F,,,,,,
46201-3400-110.zip,C1  52-2,500,false,-146478.799,-43619.540,-146328.798,-43619.541,-146478.796,-43419.542,-146328.796,-43419.543,地籍図,法第14条1項地図,P-F,,,,,,
46201-3400-110.zip,C1  53-1,500,false,-146478.796,-43419.542,-146328.796,-43419.543,-146478.794,-43219.544,-146328.793,-43219.545,地籍図,法第14条1項地図,P-F,,,,,,
46201-3400-110.zip,C1  53-2,500,false,-146478.794,-43219.544,-146328.793,-43219.545,-146478.792,-43019.547,-146328.791,-43019.547,地籍図,法第14条1項地図,P-F,,,,,,
46201-3400-110.zip,C1  53-4,500,false,-146628.793,-43219.543,-146478.794,-43219.544,-146628.791,-43019.545,-146478.792,-43019.547,地籍図,法第14条1項地図,P-F,,,,,,
46201-3400-110.zip,C1  54-3,500,false,-146628.791,-43019.545,-146478.792,-43019.547,-146628.789,-42819.545,-146478.789,-42819.547,地籍図,法第14条1項地図,P-F,,,,,,
46201-3400-111.zip,C1  34-1,500,false,-145878.787,-43019.549,-145728.786,-43019.549,-145878.784,-42819.549,-145728.783,-42819.549,地籍図,法第14条1項地図,P-F,,,,,,
46201-3400-111.zip,C1  34-2,500,false,-145878.784,-42819.549,-145728.783,-42819.549,-145878.782,-42619.547,-145728.780,-42619.548,地籍図,法第14条1項地図,P-F,,,,,,
46201-3400-111.zip,C1  34-3,500,false,-146028.788,-43019.548,-145878.787,-43019.549,-146028.786,-42819.549,-145878.784,-42819.549,地籍図,法第14条1項地図,P-F,,,,,,
46201-3400-111.zip,C1  34-4,500,false,-146028.786,-42819.549,-145878.784,-42819.549,-146028.783,-42619.547,-145878.782,-42619.547,地籍図,法第14条1項地図,P-F,,,,,,
46201-3400-111.zip,C1  35-3,500,false,-146028.783,-42619.547,-145878.782,-42619.547,-146028.780,-42419.545,-145878.779,-42419.545,地籍図,法第14条1項地図,P-F,,,,,,
46201-3400-111.zip,C1  43-4,500,false,-146328.793,-43219.545,-146178.792,-43219.546,-146328.791,-43019.547,-146178.790,-43019.548,地籍図,法第14条1項地図,P-F,,,,,,
46201-3400-111.zip,C1  44-1,500,false,-146178.790,-43019.548,-146028.788,-43019.548,-146178.787,-42819.548,-146028.786,-42819.549,地籍図,法第14条1項地図,P-F,,,,,,
46201-3400-111.zip,C1  44-2,500,false,-146178.787,-42819.548,-146028.786,-42819.549,-146178.784,-42619.546,-146028.783,-42619.547,地籍図,法第14条1項地図,P-F,,,,,,
46201-3400-111.zip,C1  44-3,500,false,-146328.791,-43019.547,-146178.790,-43019.548,-146328.788,-42819.548,-146178.787,-42819.548,地籍図,法第14条1項地図,P-F,,,,,,
46201-3400-111.zip,C1  44-4,500,false,-146328.788,-42819.548,-146178.787,-42819.548,-146328.786,-42619.546,-146178.784,-42619.546,地籍図,法第14条1項地図,P-F,,,,,,
46201-3400-111.zip,C1  45-1,500,false,-146178.784,-42619.546,-146028.783,-42619.547,-146178.781,-42419.544,-146028.780,-42419.545,地籍図,法第14条1項地図,P-F,,,,,,
46201-3400-111.zip,C1  45-3,500,false,-146328.786,-42619.546,-146178.784,-42619.546,-146328.783,-42419.544,-146178.781,-42419.544,地籍図,法第14条1項地図,P-F,,,,,,
46201-3400-111.zip,C1  45-4,500,false,-146328.783,-42419.544,-146178.781,-42419.544,-146328.780,-42219.542,-146178.779,-42219.542,地籍図,法第14条1項地図,P-F,,,,,,
46201-3400-111.zip,C1  53-2,500,false,-146478.794,-43219.544,-146328.793,-43219.545,-146478.792,-43019.547,-146328.791,-43019.547,地籍図,法第14条1項地図,P-F,,,,,,
46201-3400-111.zip,C1  53-4,500,false,-146628.793,-43219.543,-146478.794,-43219.544,-146628.791,-43019.545,-146478.792,-43019.547,地籍図,法第14条1項地図,P-F,,,,,,
46201-3400-111.zip,C1  54-1,500,false,-146478.792,-43019.547,-146328.791,-43019.547,-146478.789,-42819.547,-146328.788,-42819.548,地籍図,法第14条1項地図,P-F,,,,,,
46201-3400-111.zip,C1  54-2,500,false,-146478.789,-42819.547,-146328.788,-42819.548,-146478.787,-42619.545,-146328.786,-42619.546,地籍図,法第14条1項地図,P-F,,,,,,
46201-3400-111.zip,C1  54-3,500,false,-146628.791,-43019.545,-146478.792,-43019.547,-146628.789,-42819.545,-146478.789,-42819.547,地籍図,法第14条1項地図,P-F,,,,,,
46201-3400-111.zip,C1  54-4,500,false,-146628.789,-42819.545,-146478.789,-42819.547,-146628.787,-42619.543,-146478.787,-42619.545,地籍図,法第14条1項地図,P-F,,,,,,
46201-3400-111.zip,C1  55-1,500,false,-146478.787,-42619.545,-146328.786,-42619.546,-146478.784,-42419.543,-146328.783,-42419.544,地籍図,法第14条1項地図,P-F,,,,,,
46201-3400-111.zip,C1  55-2,500,false,-146478.784,-42419.543,-146328.783,-42419.544,-146478.781,-42219.541,-146328.780,-42219.542,地籍図,法第14条1項地図,P-F,,,,,,
46201-3400-111.zip,C1  55-3,500,false,-146628.787,-42619.543,-146478.787,-42619.545,-146628.784,-42419.541,-146478.784,-42419.543,地籍図,法第14条1項地図,P-F,,,,,,
46201-3400-111.zip,C1  55-4,500,false,-146628.784,-42419.541,-146478.784,-42419.543,-146628.781,-42219.539,-146478.781,-42219.541,地籍図,法第14条1項地図,P-F,,,,,,
46201-3400-111.zip,D1  44-4,500,false,-146328.763,-40819.526,-146178.762,-40819.526,-146328.761,-40619.523,-146178.760,-40619.524,地籍図,法第14条1項地図,P-F,,,,,,
46201-3400-111.zip,D1  45-3,500,false,-146328.761,-40619.523,-146178.760,-40619.524,-146328.759,-40419.521,-146178.758,-40419.522,地籍図,法第14条1項地図,P-F,,,,,,
46201-3400-111.zip,D1  51-3,500,false,-146628.781,-42219.539,-146478.781,-42219.541,-146628.779,-42019.537,-146478.778,-42019.538,地籍図,法第14条1項地図,P-F,,,,,,
46201-3400-111.zip,D1  51-4,500,false,-146628.779,-42019.537,-146478.778,-42019.538,-146628.776,-41819.535,-146478.775,-41819.536,地籍図,法第14条1項地図,P-F,,,,,,
46201-3400-111.zip,D1  53-4,500,false,-146628.770,-41219.528,-146478.769,-41219.529,-146628.768,-41019.525,-146478.766,-41019.527,地籍図,法第14条1項地図,P-F,,,,,,
46201-3400-111.zip,D1  54-2,500,false,-146478.764,-40819.525,-146328.763,-40819.526,-146478.762,-40619.522,-146328.761,-40619.523,地籍図,法第14条1項地図,P-F,,,,,,
46201-3400-111.zip,D1  54-3,500,false,-146628.768,-41019.525,-146478.766,-41019.527,-146628.766,-40819.523,-146478.764,-40819.525,地籍図,法第14条1項地図,P-F,,,,,,
46201-3400-111.zip,D1  54-4,500,false,-146628.766,-40819.523,-146478.764,-40819.525,-146628.765,-40619.521,-146478.762,-40619.522,地籍図,法第14条1項地図,P-F,,,,,,
46201-3400-111.zip,D1  55-1,500,false,-146478.762,-40619.522,-146328.761,-40619.523,-146478.760,-40419.520,-146328.759,-40419.521,地籍図,法第14条1項地図,P-F,,,,,,
46201-3400-111.zip,D1  55-2,500,false,-146478.760,-40419.520,-146328.759,-40419.521,-146478.759,-40219.519,-146328.757,-40219.520,地籍図,法第14条1項地図,P-F,,,,,,
46201-3400-111.zip,D1  55-3,500,false,-146628.765,-40619.521,-146478.762,-40619.522,-146628.763,-40419.519,-146478.760,-40419.520,地籍図,法第14条1項地図,P-F,,,,,,
46201-3400-111.zip,D1  55-4,500,false,-146628.763,-40419.519,-146478.760,-40419.520,-146628.761,-40219.517,-146478.759,-40219.519,地籍図,法第14条1項地図,P-F,,,,,,
46201-3400-111.zip,E1  51-1,500,false,-146478.759,-40219.519,-146328.757,-40219.520,-146478.757,-40019.517,-146328.756,-40019.518,地籍図,法第14条1項地図,P-F,,,,,,
46201-3400-111.zip,E1  51-3,500,false,-146628.761,-40219.517,-146478.759,-40219.519,-146628.760,-40019.516,-146478.757,-40019.517,地籍図,法第14条1項地図,P-F,,,,,,
46201-3400-111.zip,G1  14-2,500,false,-146778.789,-42819.543,-146628.789,-42819.545,-146778.786,-42619.541,-146628.787,-42619.543,地籍図,法第14条1項地図,P-F,,,,,,
46201-3400-111.zip,G1  15-1,500,false,-146778.786,-42619.541,-146628.787,-42619.543,-146778.784,-42419.539,-146628.784,-42419.541,地籍図,法第14条1項地図,P-F,,,,,,
46201-3400-111.zip,G1  15-2,500,false,-146778.784,-42419.539,-146628.784,-42419.541,-146778.782,-42219.537,-146628.781,-42219.539,地籍図,法第14条1項地図,P-F,,,,,,
46201-3400-111.zip,G1  15-3,500,false,-146928.786,-42619.539,-146778.786,-42619.541,-146928.784,-42419.537,-146778.784,-42419.539,地籍図,法第14条1項地図,P-F,,,,,,
46201-3400-111.zip,G1  15-4,500,false,-146928.784,-42419.537,-146778.784,-42419.539,-146928.782,-42219.535,-146778.782,-42219.537,地籍図,法第14条1項地図,P-F,,,,,,
46201-3400-111.zip,G1  25-2,500,false,-147078.784,-42419.535,-146928.784,-42419.537,-147078.782,-42219.534,-146928.782,-42219.535,地籍図,法第14条1項地図,P-F,,,,,,
46201-3400-111.zip,H1  11-1,500,false,-146778.782,-42219.537,-146628.781,-42219.539,-146778.779,-42019.535,-146628.779,-42019.537,地籍図,法第14条1項地図,P-F,,,,,,
46201-3400-111.zip,H1  11-2,500,false,-146778.779,-42019.535,-146628.779,-42019.537,-146778.777,-41819.533,-146628.776,-41819.535,地籍図,法第14条1項地図,P-F,,,,,,
46201-3400-111.zip,H1  11-3,500,false,-146928.782,-42219.535,-146778.782,-42219.537,-146928.780,-42019.533,-146778.779,-42019.535,地籍図,法第14条1項地図,P-F,,,,,,
46201-3400-111.zip,H1  11-4,500,false,-146928.780,-42019.533,-146778.779,-42019.535,-146928.778,-41819.532,-146778.777,-41819.533,地籍図,法第14条1項地図,P-F,,,,,,
46201-3400-111.zip,H1  12-1,500,false,-146778.777,-41819.533,-146628.776,-41819.535,-146778.775,-41619.531,-146628.774,-41619.532,地籍図,法第14条1項地図,P-F,,,,,,
46201-3400-111.zip,H1  12-3,500,false,-146928.778,-41819.532,-146778.777,-41819.533,-146928.776,-41619.529,-146778.775,-41619.531,地籍図,法第14条1項地図,P-F,,,,,,
46201-3400-111.zip,H1  13-1,500,false,-146778.773,-41419.529,-146628.772,-41419.530,-146778.772,-41219.526,-146628.770,-41219.528,地籍図,法第14条1項地図,P-F,,,,,,
46201-3400-111.zip,H1  13-2,500,false,-146778.772,-41219.526,-146628.770,-41219.528,-146778.770,-41019.524,-146628.768,-41019.525,地籍図,法第14条1項地図,P-F,,,,,,
46201-3400-111.zip,H1  13-3,500,false,-146928.775,-41419.527,-146778.773,-41419.529,-146928.773,-41219.525,-146778.772,-41219.526,地籍図,法第14条1項地図,P-F,,,,,,
46201-3400-111.zip,H1  13-4,500,false,-146928.773,-41219.525,-146778.772,-41219.526,-146928.772,-41019.522,-146778.770,-41019.524,地籍図,法第14条1項地図,P-F,,,,,,
46201-3400-111.zip,H1  14-1,500,false,-146778.770,-41019.524,-146628.768,-41019.525,-146778.769,-40819.522,-146628.766,-40819.523,地籍図,法第14条1項地図,P-F,,,,,,
46201-3400-111.zip,H1  14-2,500,false,-146778.769,-40819.522,-146628.766,-40819.523,-146778.767,-40619.519,-146628.765,-40619.521,地籍図,法第14条1項地図,P-F,,,,,,
46201-3400-111.zip,H1  14-3,500,false,-146928.772,-41019.522,-146778.770,-41019.524,-146928.771,-40819.520,-146778.769,-40819.522,地籍図,法第14条1項地図,P-F,,,,,,
46201-3400-111.zip,H1  14-4,500,false,-146928.771,-40819.520,-146778.769,-40819.522,-146928.769,-40619.518,-146778.767,-40619.519,地籍図,法第14条1項地図,P-F,,,,,,
46201-3400-111.zip,H1  15-1,500,false,-146778.767,-40619.519,-146628.765,-40619.521,-146778.765,-40419.517,-146628.763,-40419.519,地籍図,法第14条1項地図,P-F,,,,,,
46201-3400-111.zip,H1  15-2,500,false,-146778.765,-40419.517,-146628.763,-40419.519,-146778.764,-40219.516,-146628.761,-40219.517,地籍図,法第14条1項地図,P-F,,,,,,
46201-3400-111.zip,H1  15-3,500,false,-146928.769,-40619.518,-146778.767,-40619.519,-146928.768,-40419.516,-146778.765,-40419.517,地籍図,法第14条1項地図,P-F,,,,,,
46201-3400-111.zip,H1  15-4,500,false,-146928.768,-40419.516,-146778.765,-40419.517,-146928.767,-40219.514,-146778.764,-40219.516,地籍図,法第14条1項地図,P-F,,,,,,
46201-3400-111.zip,H1  21-1,500,false,-147078.782,-42219.534,-146928.782,-42219.535,-147078.781,-42019.532,-146928.780,-42019.533,地籍図,法第14条1項地図,P-F,,,,,,
46201-3400-111.zip,H1  21-2,500,false,-147078.781,-42019.532,-146928.780,-42019.533,-147078.779,-41819.530,-146928.778,-41819.532,地籍図,法第14条1項地図,P-F,,,,,,
46201-3400-111.zip,H1  21-4,500,false,-147228.781,-42019.530,-147078.781,-42019.532,-147228.780,-41819.529,-147078.779,-41819.530,地籍図,法第14条1項地図,P-F,,,,,,
46201-3400-111.zip,H1  22-1,500,false,-147078.779,-41819.530,-146928.778,-41819.532,-147078.777,-41619.528,-146928.776,-41619.529,地籍図,法第14条1項地図,P-F,,,,,,
46201-3400-111.zip,H1  22-2,500,false,-147078.777,-41619.528,-146928.776,-41619.529,-147078.776,-41419.526,-146928.775,-41419.527,地籍図,法第14条1項地図,P-F,,,,,,
46201-3400-111.zip,H1  22-3,500,false,-147228.780,-41819.529,-147078.779,-41819.530,-147228.778,-41619.527,-147078.777,-41619.528,地籍図,法第14条1項地図,P-F,,,,,,
46201-3400-111.zip,H1  22-4,500,false,-147228.778,-41619.527,-147078.777,-41619.528,-147228.777,-41419.524,-147078.776,-41419.526,地籍図,法第14条1項地図,P-F,,,,,,
46201-3400-111.zip,H1  23-1,500,false,-147078.776,-41419.526,-146928.775,-41419.527,-147078.775,-41219.523,-146928.773,-41219.525,地籍図,法第14条1項地図,P-F,,,,,,
46201-3400-111.zip,H1  23-2,500,false,-147078.775,-41219.523,-146928.773,-41219.525,-147078.774,-41019.521,-146928.772,-41019.522,地籍図,法第14条1項地図,P-F,,,,,,
46201-3400-111.zip,H1  23-3,500,false,-147228.777,-41419.524,-147078.776,-41419.526,-147228.777,-41219.522,-147078.775,-41219.523,地籍図,法第14条1項地図,P-F,,,,,,
46201-3400-111.zip,H1  23-4,500,false,-147228.777,-41219.522,-147078.775,-41219.523,-147228.776,-41019.519,-147078.774,-41019.521,地籍図,法第14条1項地図,P-F,,,,,,
46201-3400-111.zip,H1  24-1,500,false,-147078.774,-41019.521,-146928.772,-41019.522,-147078.773,-40819.518,-146928.771,-40819.520,地籍図,法第14条1項地図,P-F,,,,,,
46201-3400-111.zip,H1  24-2,500,false,-147078.773,-40819.518,-146928.771,-40819.520,-147078.772,-40619.516,-146928.769,-40619.518,地籍図,法第14条1項地図,P-F,,,,,,
46201-3400-111.zip,H1  24-4,500,false,-147228.775,-40819.517,-147078.773,-40819.518,-147228.774,-40619.515,-147078.772,-40619.516,地籍図,法第14条1項地図,P-F,,,,,,
46201-3400-111.zip,H1  25-1,500,false,-147078.772,-40619.516,-146928.769,-40619.518,-147078.770,-40419.514,-146928.768,-40419.516,地籍図,法第14条1項地図,P-F,,,,,,
46201-3400-111.zip,H1  25-2,500,false,-147078.770,-40419.514,-146928.768,-40419.516,-147078.769,-40219.513,-146928.767,-40219.514,地籍図,法第14条1項地図,P-F,,,,,,
46201-3400-111.zip,H1  25-3,500,false,-147228.774,-40619.515,-147078.772,-40619.516,-147228.773,-40419.513,-147078.770,-40419.514,地籍図,法第14条1項地図,P-F,,,,,,
46201-3400-111.zip,H1  31-2,500,false,-147378.782,-42019.528,-147228.781,-42019.530,-147378.780,-41819.527,-147228.780,-41819.529,地籍図,法第14条1項地図,P-F,,,,,,
46201-3400-111.zip,H1  31-4,500,false,-147528.783,-42019.527,-147378.782,-42019.528,-147528.782,-41819.525,-147378.780,-41819.527,地籍図,法第14条1項地図,P-F,,,,,,
46201-3400-111.zip,H1  32-1,500,false,-147378.780,-41819.527,-147228.780,-41819.529,-147378.779,-41619.525,-147228.778,-41619.527,地籍図,法第14条1項地図,P-F,,,,,,
46201-3400-111.zip,H1  32-2,500,false,-147378.779,-41619.525,-147228.778,-41619.527,-147378.779,-41419.523,-147228.777,-41419.524,地籍図,法第14条1項地図,P-F,,,,,,
46201-3400-111.zip,H1  32-3,500,false,-147528.782,-41819.525,-147378.780,-41819.527,-147528.781,-41619.523,-147378.779,-41619.525,地籍図,法第14条1項地図,P-F,,,,,,
46201-3400-111.zip,H1  32-4,500,false,-147528.781,-41619.523,-147378.779,-41619.525,-147528.781,-41419.521,-147378.779,-41419.523,地籍図,法第14条1項地図,P-F,,,,,,
46201-3400-111.zip,H1  33-1,500,false,-147378.779,-41419.523,-147228.777,-41419.524,-147378.778,-41219.520,-147228.777,-41219.522,地籍図,法第14条1項地図,P-F,,,,,,
46201-3400-111.zip,H1  33-3,500,false,-147528.781,-41419.521,-147378.779,-41419.523,-147528.781,-41219.518,-147378.778,-41219.520,地籍図,法第14条1項地図,P-F,,,,,,
46201-3400-111.zip,H1  42-1,500,false,-147678.783,-41819.523,-147528.782,-41819.525,-147678.783,-41619.521,-147528.781,-41619.523,地籍図,法第14条1項地図,P-F,,,,,,
46201-3400-111.zip,J1  11-1,500,false,-146778.764,-40219.516,-146628.761,-40219.517,-146778.763,-40019.514,-146628.760,-40019.516,地籍図,法第14条1項地図,P-F,,,,,,
46201-3400-111.zip,J1  11-3,500,false,-146928.767,-40219.514,-146778.764,-40219.516,-146928.765,-40019.513,-146778.763,-40019.514,地籍図,法第14条1項地図,P-F,,,,,,
46201-3400-112.zip,U   32,1000,false,-143028.740,-41819.567,-142728.737,-41819.571,-143028.742,-41419.562,-142728.740,-41419.566,地籍図,法第14条1項地図,P-F,,,,,,
46201-3400-112.zip,U   33,1000,false,-143028.742,-41419.562,-142728.740,-41419.566,-143028.746,-41019.556,-142728.744,-41019.561,地籍図,法第14条1項地図,P-F,,,,,,
46201-3400-113.zip,U   22-4,500,false,-142728.737,-41619.569,-142578.736,-41619.571,-142728.740,-41419.566,-142578.738,-41419.568,地籍図,法第14条1項地図,P-F,,,,,,
46201-3400-113.zip,U   31-2,500,false,-142878.738,-42019.571,-142728.737,-42019.572,-142878.738,-41819.569,-142728.737,-41819.571,地籍図,法第14条1項地図,P-F,,,,,,
46201-3400-113.zip,U   31-4,500,false,-143028.740,-42019.569,-142878.738,-42019.571,-143028.740,-41819.567,-142878.738,-41819.569,地籍図,法第14条1項地図,P-F,,,,,,
46201-3400-113.zip,U   32-1,500,false,-142878.738,-41819.569,-142728.737,-41819.571,-142878.739,-41619.567,-142728.737,-41619.569,地籍図,法第14条1項地図,P-F,,,,,,
46201-3400-113.zip,U   32-2,500,false,-142878.739,-41619.567,-142728.737,-41619.569,-142878.741,-41419.564,-142728.740,-41419.566,地籍図,法第14条1項地図,P-F,,,,,,
46201-3400-113.zip,U   32-3,500,false,-143028.740,-41819.567,-142878.738,-41819.569,-143028.740,-41619.565,-142878.739,-41619.567,地籍図,法第14条1項地図,P-F,,,,,,
46201-3400-113.zip,U   33-1,500,false,-142878.741,-41419.564,-142728.740,-41419.566,-142878.743,-41219.562,-142728.742,-41219.564,地籍図,法第14条1項地図,P-F,,,,,,
46201-3400-113.zip,U   41-1,500,false,-143178.742,-42219.568,-143028.740,-42219.570,-143178.742,-42019.567,-143028.740,-42019.569,地籍図,法第14条1項地図,P-F,,,,,,
46201-3400-113.zip,U   41-2,500,false,-143178.742,-42019.567,-143028.740,-42019.569,-143178.741,-41819.566,-143028.740,-41819.567,地籍図,法第14条1項地図,P-F,,,,,,
46201-3400-113.zip,U   41-3,500,false,-143328.744,-42219.567,-143178.742,-42219.568,-143328.743,-42019.565,-143178.742,-42019.567,地籍図,法第14条1項地図,P-F,,,,,,
46201-3400-113.zip,U   41-4,500,false,-143328.743,-42019.565,-143178.742,-42019.567,-143328.743,-41819.564,-143178.741,-41819.566,地籍図,法第14条1項地図,P-F,,,,,,
46201-3400-113.zip,U   42-1,500,false,-143178.741,-41819.566,-143028.740,-41819.567,-143178.742,-41619.564,-143028.740,-41619.565,地籍図,法第14条1項地図,P-F,,,,,,
46201-3400-113.zip,U   42-3,500,false,-143328.743,-41819.564,-143178.741,-41819.566,-143328.743,-41619.562,-143178.742,-41619.564,地籍図,法第14条1項地図,P-F,,,,,,
46201-3400-113.zip,U   51-1,500,false,-143478.746,-42219.565,-143328.744,-42219.567,-143478.745,-42019.564,-143328.743,-42019.565,地籍図,法第14条1項地図,P-F,,,,,,
46201-3400-113.zip,U   51-2,500,false,-143478.745,-42019.564,-143328.743,-42019.565,-143478.744,-41819.562,-143328.743,-41819.564,地籍図,法第14条1項地図,P-F,,,,,,
46201-3400-113.zip,U   51-4,500,false,-143628.746,-42019.562,-143478.745,-42019.564,-143628.746,-41819.560,-143478.744,-41819.562,地籍図,法第14条1項地図,P-F,,,,,,
46201-3400-113.zip,U   52-3,500,false,-143628.746,-41819.560,-143478.744,-41819.562,-143628.746,-41619.558,-143478.744,-41619.560,地籍図,法第14条1項地図,P-F,,,,,,
46201-3400-113.zip,W   25-2,500,false,-144078.756,-42419.559,-143928.753,-42419.561,-144078.754,-42219.558,-143928.752,-42219.560,地籍図,法第14条1項地図,P-F,,,,,,
46201-3400-113.zip,W   25-4,500,false,-144228.758,-42419.558,-144078.756,-42419.559,-144228.756,-42219.556,-144078.754,-42219.558,地籍図,法第14条1項地図,P-F,,,,,,
46201-3400-113.zip,W   45-4,500,false,-144828.767,-42419.552,-144678.765,-42419.553,-144828.765,-42219.550,-144678.763,-42219.552,地籍図,法第14条1項地図,P-F,,,,,,
46201-3400-113.zip,W   55-2,500,false,-144978.769,-42419.551,-144828.767,-42419.552,-144978.766,-42219.549,-144828.765,-42219.550,地籍図,法第14条1項地図,P-F,,,,,,
46201-3400-113.zip,Z   11-1,500,false,-143778.749,-42219.562,-143628.747,-42219.563,-143778.748,-42019.560,-143628.746,-42019.562,地籍図,法第14条1項地図,P-F,,,,,,
46201-3400-113.zip,Z   11-2,500,false,-143778.748,-42019.560,-143628.746,-42019.562,-143778.747,-41819.559,-143628.746,-41819.560,地籍図,法第14条1項地図,P-F,,,,,,
46201-3400-113.zip,Z   11-3,500,false,-143928.752,-42219.560,-143778.749,-42219.562,-143928.750,-42019.558,-143778.748,-42019.560,地籍図,法第14条1項地図,P-F,,,,,,
46201-3400-113.zip,Z   11-4,500,false,-143928.750,-42019.558,-143778.748,-42019.560,-143928.749,-41819.557,-143778.747,-41819.559,地籍図,法第14条1項地図,P-F,,,,,,
46201-3400-113.zip,Z   12-1,500,false,-143778.747,-41819.559,-143628.746,-41819.560,-143778.747,-41619.556,-143628.746,-41619.558,地籍図,法第14条1項地図,P-F,,,,,,
46201-3400-113.zip,Z   21-1,500,false,-144078.754,-42219.558,-143928.752,-42219.560,-144078.753,-42019.557,-143928.750,-42019.558,地籍図,法第14条1項地図,P-F,,,,,,
46201-3400-113.zip,Z   21-2,500,false,-144078.753,-42019.557,-143928.750,-42019.558,-144078.751,-41819.555,-143928.749,-41819.557,地籍図,法第14条1項地図,P-F,,,,,,
46201-3400-113.zip,Z   21-3,500,false,-144228.756,-42219.556,-144078.754,-42219.558,-144228.755,-42019.555,-144078.753,-42019.557,地籍図,法第14条1項地図,P-F,,,,,,
46201-3400-113.zip,Z   21-4,500,false,-144228.755,-42019.555,-144078.753,-42019.557,-144228.753,-41819.554,-144078.751,-41819.555,地籍図,法第14条1項地図,P-F,,,,,,
46201-3400-113.zip,Z   31-1,500,false,-144378.759,-42219.555,-144228.756,-42219.556,-144378.757,-42019.553,-144228.755,-42019.555,地籍図,法第14条1項地図,P-F,,,,,,
46201-3400-113.zip,Z   31-2,500,false,-144378.757,-42019.553,-144228.755,-42019.555,-144378.755,-41819.552,-144228.753,-41819.554,地籍図,法第14条1項地図,P-F,,,,,,
46201-3400-113.zip,Z   31-3,500,false,-144528.761,-42219.553,-144378.759,-42219.555,-144528.759,-42019.552,-144378.757,-42019.553,地籍図,法第14条1項地図,P-F,,,,,,
46201-3400-113.zip,Z   31-4,500,false,-144528.759,-42019.552,-144378.757,-42019.553,-144528.756,-41819.550,-144378.755,-41819.552,地籍図,法第14条1項地図,P-F,,,,,,
46201-3400-113.zip,Z   41-1,500,false,-144678.763,-42219.552,-144528.761,-42219.553,-144678.761,-42019.550,-144528.759,-42019.552,地籍図,法第14条1項地図,P-F,,,,,,
46201-3400-113.zip,Z   41-3,500,false,-144828.765,-42219.550,-144678.763,-42219.552,-144828.762,-42019.549,-144678.761,-42019.550,地籍図,法第14条1項地図,P-F,,,,,,
46201-3400-114.zip,V   45-3,500,false,-144828.795,-44619.552,-144678.790,-44619.555,-144828.791,-44419.553,-144678.787,-44419.555,地籍図,法第14条1項地図,P-F,,,,,,
46201-3400-114.zip,V   45-4,500,false,-144828.791,-44419.553,-144678.787,-44419.555,-144828.787,-44219.554,-144678.784,-44219.556,地籍図,法第14条1項地図,P-F,,,,,,
46201-3400-114.zip,V   55-1,500,false,-144978.799,-44619.549,-144828.795,-44619.552,-144978.795,-44419.550,-144828.791,-44419.553,地籍図,法第14条1項地図,P-F,,,,,,
46201-3400-114.zip,V   55-4,500,false,-145128.799,-44419.548,-144978.795,-44419.550,-145128.795,-44219.549,-144978.791,-44219.551,地籍図,法第14条1項地図,P-F,,,,,,
46201-3400-114.zip,W   14-2,500,false,-143778.752,-42819.566,-143628.750,-42819.568,-143778.751,-42619.564,-143628.749,-42619.566,地籍図,法第14条1項地図,P-F,,,,,,
46201-3400-114.zip,W   14-4,500,false,-143928.755,-42819.564,-143778.752,-42819.566,-143928.754,-42619.563,-143778.751,-42619.564,地籍図,法第14条1項地図,P-F,,,,,,
46201-3400-114.zip,W   15-1,500,false,-143778.751,-42619.564,-143628.749,-42619.566,-143778.750,-42419.563,-143628.748,-42419.565,地籍図,法第14条1項地図,P-F,,,,,,
46201-3400-114.zip,W   15-3,500,false,-143928.754,-42619.563,-143778.751,-42619.564,-143928.753,-42419.561,-143778.750,-42419.563,地籍図,法第14条1項地図,P-F,,,,,,
46201-3400-114.zip,W   23-2,500,false,-144078.761,-43219.564,-143928.757,-43219.566,-144078.760,-43019.563,-143928.756,-43019.565,地籍図,法第14条1項地図,P-F,,,,,,
46201-3400-114.zip,W   23-4,500,false,-144228.764,-43219.562,-144078.761,-43219.564,-144228.763,-43019.561,-144078.760,-43019.563,地籍図,法第14条1項地図,P-F,,,,,,
46201-3400-114.zip,W   24-1,500,false,-144078.760,-43019.563,-143928.756,-43019.565,-144078.759,-42819.562,-143928.755,-42819.564,地籍図,法第14条1項地図,P-F,,,,,,
46201-3400-114.zip,W   24-2,500,false,-144078.759,-42819.562,-143928.755,-42819.564,-144078.757,-42619.561,-143928.754,-42619.563,地籍図,法第14条1項地図,P-F,,,,,,
46201-3400-114.zip,W   24-3,500,false,-144228.763,-43019.561,-144078.760,-43019.563,-144228.762,-42819.560,-144078.759,-42819.562,地籍図,法第14条1項地図,P-F,,,,,,
46201-3400-114.zip,W   24-4,500,false,-144228.762,-42819.560,-144078.759,-42819.562,-144228.760,-42619.559,-144078.757,-42619.561,地籍図,法第14条1項地図,P-F,,,,,,
46201-3400-114.zip,W   31-4,500,false,-144528.777,-44019.559,-144378.773,-44019.561,-144528.775,-43819.559,-144378.771,-43819.561,地籍図,法第14条1項地図,P-F,,,,,,
46201-3400-114.zip,W   32-3,500,false,-144528.775,-43819.559,-144378.771,-43819.561,-144528.774,-43619.558,-144378.770,-43619.560,地籍図,法第14条1項地図,P-F,,,,,,
46201-3400-114.zip,W   32-4,500,false,-144528.774,-43619.558,-144378.770,-43619.560,-144528.772,-43419.558,-144378.769,-43419.560,地籍図,法第14条1項地図,P-F,,,,,,
46201-3400-114.zip,W   33-3,500,false,-144528.772,-43419.558,-144378.769,-43419.560,-144528.771,-43219.558,-144378.767,-43219.560,地籍図,法第14条1項地図,P-F,,,,,,
46201-3400-114.zip,W   41-1,500,false,-144678.784,-44219.556,-144528.780,-44219.558,-144678.781,-44019.557,-144528.777,-44019.559,地籍図,法第14条1項地図,P-F,,,,,,
46201-3400-114.zip,W   41-2,500,false,-144678.781,-44019.557,-144528.777,-44019.559,-144678.779,-43819.556,-144528.775,-43819.559,地籍図,法第14条1項地図,P-F,,,,,,
46201-3400-114.zip,W   41-3,500,false,-144828.787,-44219.554,-144678.784,-44219.556,-144828.784,-44019.554,-144678.781,-44019.557,地籍図,法第14条1項地図,P-F,,,,,,
46201-3400-114.zip,W   42-1,500,false,-144678.779,-43819.556,-144528.775,-43819.559,-144678.777,-43619.556,-144528.774,-43619.558,地籍図,法第14条1項地図,P-F,,,,,,
46201-3400-114.zip,W   42-2,500,false,-144678.777,-43619.556,-144528.774,-43619.558,-144678.775,-43419.556,-144528.772,-43419.558,地籍図,法第14条1項地図,P-F,,,,,,
46201-3400-114.zip,W   42-3,500,false,-144828.782,-43819.555,-144678.779,-43819.556,-144828.780,-43619.555,-144678.777,-43619.556,地籍図,法第14条1項地図,P-F,,,,,,
46201-3400-114.zip,W   42-4,500,false,-144828.780,-43619.555,-144678.777,-43619.556,-144828.778,-43419.555,-144678.775,-43419.556,地籍図,法第14条1項地図,P-F,,,,,,
46201-3400-114.zip,W   43-1,500,false,-144678.775,-43419.556,-144528.772,-43419.558,-144678.774,-43219.556,-144528.771,-43219.558,地籍図,法第14条1項地図,P-F,,,,,,
46201-3400-114.zip,W   43-3,500,false,-144828.778,-43419.555,-144678.775,-43419.556,-144828.776,-43219.555,-144678.774,-43219.556,地籍図,法第14条1項地図,P-F,,,,,,
46201-3400-114.zip,W   51-1,500,false,-144978.791,-44219.551,-144828.787,-44219.554,-144978.787,-44019.552,-144828.784,-44019.554,地籍図,法第14条1項地図,P-F,,,,,,
46201-3400-114.zip,W   51-2,500,false,-144978.787,-44019.552,-144828.784,-44019.554,-144978.785,-43819.553,-144828.782,-43819.555,地籍図,法第14条1項地図,P-F,,,,,,
46201-3400-114.zip,W   51-3,500,false,-145128.795,-44219.549,-144978.791,-44219.551,-145128.791,-44019.550,-144978.787,-44019.552,地籍図,法第14条1項地図,P-F,,,,,,
46201-3400-114.zip,W   51-4,500,false,-145128.791,-44019.550,-144978.787,-44019.552,-145128.788,-43819.551,-144978.785,-43819.553,地籍図,法第14条1項地図,P-F,,,,,,
46201-3400-114.zip,W   52-1,500,false,-144978.785,-43819.553,-144828.782,-43819.555,-144978.783,-43619.553,-144828.780,-43619.555,地籍図,法第14条1項地図,P-F,,,,,,
46201-3400-114.zip,W   52-2,500,false,-144978.783,-43619.553,-144828.780,-43619.555,-144978.781,-43419.553,-144828.778,-43419.555,地籍図,法第14条1項地図,P-F,,,,,,
46201-3400-114.zip,W   52-3,500,false,-145128.788,-43819.551,-144978.785,-43819.553,-145128.786,-43619.551,-144978.783,-43619.553,地籍図,法第14条1項地図,P-F,,,,,,
46201-3400-114.zip,W   53-1,500,false,-144978.781,-43419.553,-144828.778,-43419.555,-144978.778,-43219.553,-144828.776,-43219.555,地籍図,法第14条1項地図,P-F,,,,,,
46201-3400-114.zip,B1  15-2,500,false,-145278.803,-44419.545,-145128.799,-44419.548,-145278.798,-44219.547,-145128.795,-44219.549,地籍図,法第14条1項地図,P-F,,,,,,
46201-3400-114.zip,C1  11-2,500,false,-145278.794,-44019.548,-145128.791,-44019.550,-145278.791,-43819.549,-145128.788,-43819.551,地籍図,法第14条1項地図,P-F,,,,,,
46201-3400-115.zip,C1  23-4,500,false,-145728.789,-43219.548,-145578.788,-43219.548,-145728.786,-43019.549,-145578.785,-43019.549,地籍図,法第14条1項地図,P-F,,,,,,
46201-3400-115.zip,C1  24-1,500,false,-145578.785,-43019.549,-145428.783,-43019.550,-145578.782,-42819.550,-145428.780,-42819.550,地籍図,法第14条1項地図,P-F,,,,,,
46201-3400-115.zip,C1  24-3,500,false,-145728.786,-43019.549,-145578.785,-43019.549,-145728.783,-42819.549,-145578.782,-42819.550,地籍図,法第14条1項地図,P-F,,,,,,
46201-3400-115.zip,C1  33-2,500,false,-145878.790,-43219.547,-145728.789,-43219.548,-145878.787,-43019.549,-145728.786,-43019.549,地籍図,法第14条1項地図,P-F,,,,,,
46201-3400-115.zip,C1  34-1,500,false,-145878.787,-43019.549,-145728.786,-43019.549,-145878.784,-42819.549,-145728.783,-42819.549,地籍図,法第14条1項地図,P-F,,,,,,
46201-3400-116.zip,069-1214,,true,-191.561,660.180,-16.405,622.396,-137.866,905.880,36.356,868.649,旧土地台帳附属地図,地図に準ずる図面,P-F,,,,,,
46201-3400-116.zip,069-1215,,true,-183.958,1252.761,-6.335,1228.586,-149.354,1501.868,27.215,1478.145,旧土地台帳附属地図,地図に準ずる図面,P-F,,,,,,
46201-3400-116.zip,069-1241,,true,24.063,1879.345,20.808,2058.691,-227.637,1875.668,-231.065,2053.982,旧土地台帳附属地図,地図に準ずる図面,P-F,,,,,,
46201-3400-116.zip,069-1242,,true,-129.279,2688.428,-244.005,2550.490,63.597,2526.729,-50.270,2389.464,旧土地台帳附属地図,地図に準ずる図面,P-F,,,,,,
46201-3400-116.zip,069-1244,,true,-554.663,735.046,-633.220,896.389,-781.313,625.606,-859.713,785.839,旧土地台帳附属地図,地図に準ずる図面,P-F,,,,,,
46201-3400-116.zip,069-1274-1,,true,-841.913,1315.828,-705.609,1198.988,-677.818,1506.719,-542.819,1391.049,旧土地台帳附属地図,地図に準ずる図面,P-F,,,,,,
46201-3400-116.zip,069-1277,,true,-1430.308,816.877,-1410.919,638.476,-1180.124,843.660,-1160.763,666.943,旧土地台帳附属地図,地図に準ずる図面,P-F,,,,,,
46201-3400-116.zip,069-1278,,true,-1380.259,1233.720,-1200.942,1243.170,-1393.112,1485.004,-1215.630,1494.511,旧土地台帳附属地図,地図に準ずる図面,P-F,,,,,,
46201-3400-116.zip,069-1282,,true,-2045.375,769.890,-1964.469,609.669,-1820.669,882.845,-1740.348,724.292,旧土地台帳附属地図,地図に準ずる図面,P-F,,,,,,
46201-3400-116.zip,069-1283,,true,-1808.204,1256.666,-1779.600,1433.823,-2056.573,1297.179,-2028.324,1472.618,旧土地台帳附属地図,地図に準ずる図面,P-F,,,,,,
46201-3400-116.zip,069-1284,,true,-2065.805,1945.533,-1935.507,1825.544,-1895.268,2130.333,-1764.728,2011.107,旧土地台帳附属地図,地図に準ずる図面,P-F,,,,,,
46201-3400-117.zip,069-1596,,true,93.401,198.369,362.959,198.750,92.906,524.963,362.655,525.267,旧土地台帳附属地図,地図に準ずる図面,P-F,,,,,,
46201-3400-117.zip,069-1541-2,,true,133.829,39.917,403.768,43.041,130.247,366.511,400.072,369.712,旧土地台帳附属地図,地図に準ずる図面,P-F,,,,,,
46201-3400-117.zip,069-1542-2,,true,175.318,11.954,445.257,11.688,175.928,338.624,445.715,338.396,旧土地台帳附属地図,地図に準ずる図面,P-F,,,,,,
46201-3400-117.zip,069-1412-2,,true,25.910,60.160,295.507,72.352,11.471,386.526,281.067,398.680,旧土地台帳附属地図,地図に準ずる図面,P-F,,,,,,
46201-3400-118.zip,1504,600,false,100000.000,100000.000,100043.656,99733.576,100322.671,100052.872,100366.327,99786.448,旧土地台帳附属地図,地図に準ずる図面,P-F,,,,,,
46201-3400-119.zip,069-1200,,true,-20.006,636.975,54.468,799.949,-248.552,742.219,-174.785,904.470,旧土地台帳附属地図,地図に準ずる図面,P-F,,,,,,
46201-3400-119.zip,069-1201,,true,-59.567,1220.758,61.120,1353.512,-245.192,1390.675,-125.317,1522.933,旧土地台帳附属地図,地図に準ずる図面,P-F,,,,,,
46201-3400-119.zip,069-1202,,true,46.776,1953.764,-52.739,2102.957,-163.040,1814.753,-262.293,1963.205,旧土地台帳附属地図,地図に準ずる図面,P-F,,,,,,
46201-3400-119.zip,069-1203,,true,-48.067,2686.552,-220.408,2636.813,20.924,2444.581,-150.333,2394.798,旧土地台帳附属地図,地図に準ずる図面,P-F,,,,,,
46201-3400-119.zip,069-1204,,true,-613.756,269.673,-793.131,269.136,-613.789,18.021,-792.210,17.144,旧土地台帳附属地図,地図に準ずる図面,P-F,,,,,,
46201-3400-119.zip,069-1205,,true,-805.322,833.810,-805.880,654.436,-553.637,832.111,-553.963,653.612,旧土地台帳附属地図,地図に準ずる図面,P-F,,,,,,
46201-3400-119.zip,069-1206,,true,-804.574,1275.924,-636.732,1212.858,-715.303,1511.168,-548.201,1448.626,旧土地台帳附属地図,地図に準ずる図面,P-F,,,,,,
46201-3400-119.zip,069-1207,,true,-724.773,2089.565,-844.090,1955.628,-537.371,1921.495,-655.776,1788.123,旧土地台帳附属地図,地図に準ずる図面,P-F,,,,,,
46201-3400-119.zip,069-1208,,true,-632.356,2430.254,-541.758,2585.024,-849.071,2558.173,-759.295,2712.144,旧土地台帳附属地図,地図に準ずる図面,P-F,,,,,,
46201-3400-119.zip,069-1209,,true,-1237.789,27.883,-1140.644,178.676,-1448.865,164.907,-1352.397,315.003,旧土地台帳附属地図,地図に準ずる図面,P-F,,,,,,
46201-3400-119.zip,069-1210,,true,-1225.171,634.037,-1143.838,793.785,-1449.007,748.958,-1368.328,907.928,旧土地台帳附属地図,地図に準ずる図面,P-F,,,,,,
46201-3400-119.zip,069-1211,,true,-1429.716,1353.606,-1326.509,1206.802,-1223.300,1497.621,-1120.519,1351.822,旧土地台帳附属地図,地図に準ずる図面,P-F,,,,,,
46201-3400-119.zip,069-1212,,true,-1322.293,2090.057,-1444.039,1958.377,-1138.038,1918.654,-1258.946,1787.599,旧土地台帳附属地図,地図に準ずる図面,P-F,,,,,,
46201-3400-119.zip,069-1213,,true,-19.594,37.223,54.276,200.472,-248.440,141.538,-175.306,303.992,旧土地台帳附属地図,地図に準ずる図面,P-F,,,,,,
46201-3400-12.zip,077-103,,true,733.919,1120.197,949.947,1281.285,538.656,1382.097,754.798,1543.261,旧土地台帳附属地図,地図に準ずる図面,P-F,,,,,,
46201-3400-12.zip,077-104,,true,567.409,1337.531,563.599,1067.973,894.079,1332.921,890.231,1063.286,旧土地台帳附属地図,地図に準ずる図面,P-F,,,,,,
46201-3400-12.zip,077-105,,true,659.493,878.072,900.705,998.583,513.494,1170.300,754.782,1290.849,旧土地台帳附属地図,地図に準ずる図面,P-F,,,,,,
46201-3400-12.zip,077-106,,true,946.706,1162.239,677.034,1158.810,950.783,835.493,680.996,832.140,旧土地台帳附属地図,地図に準ずる図面,P-F,,,,,,
46201-3400-12.zip,077-107,,true,639.539,957.385,700.957,694.837,957.713,1031.718,1019.054,769.018,旧土地台帳附属地図,地図に準ずる図面,P-F,,,,,,
46201-3400-12.zip,077-108,,true,795.301,515.888,973.609,718.085,550.279,731.991,728.664,934.265,旧土地台帳附属地図,地図に準ずる図面,P-F,,,,,,
46201-3400-12.zip,077-109,,true,660.220,791.545,464.080,606.493,884.362,553.800,688.147,368.824,旧土地台帳附属地図,地図に準ずる図面,P-F,,,,,,
46201-3400-12.zip,077-111,,true,351.701,894.014,353.340,624.380,678.410,895.995,680.010,626.209,旧土地台帳附属地図,地図に準ずる図面,P-F,,,,,,
46201-3400-12.zip,077-112,,true,469.672,569.821,340.208,806.347,183.007,413.040,53.543,649.603,旧土地台帳附属地図,地図に準ずる図面,P-F,,,,,,
46201-3400-12.zip,077-113,,true,216.544,410.361,477.911,344.372,296.554,727.163,558.035,661.060,旧土地台帳附属地図,地図に準ずる図面,P-F,,,,,,
46201-3400-12.zip,077-114,,true,370.455,16.732,569.414,198.659,150.008,257.829,349.043,439.871,旧土地台帳附属地図,地図に準ずる図面,P-F,,,,,,
46201-3400-12.zip,077-115,,true,179.601,287.011,445.120,333.798,122.946,608.690,388.503,655.553,旧土地台帳附属地図,地図に準ずる図面,P-F,,,,,,
46201-3400-12.zip,077-116,,true,248.903,692.138,-7.853,609.728,348.687,381.013,91.892,298.603,旧土地台帳附属地図,地図に準ずる図面,P-F,,,,,,
46201-3400-12.zip,077-102,600,false,968.868,1364.488,1238.346,1364.488,968.868,1691.170,1238.346,1691.170,旧土地台帳附属地図,地図に準ずる図面,P-F,,,,,,
46201-3400-12.zip,077-110,,true,350.743,654.893,546.653,469.689,575.190,892.295,771.177,707.014,旧土地台帳附属地図,地図に準ずる図面,P-F,,,,,,
46201-3400-12.zip,077-95,,true,586.664,1168.377,318.706,1137.630,623.812,843.726,355.816,813.055,旧土地台帳附属地図,地図に準ずる図面,P-F,,,,,,
46201-3400-120.zip,069-1245,,true,21.108,74.939,24.720,254.316,-230.587,80.901,-227.225,259.254,旧土地台帳附属地図,地図に準ずる図面,P-F,,,,,,
46201-3400-120.zip,069-1246,,true,33.069,815.364,-122.534,904.752,-92.950,597.539,-247.852,686.084,旧土地台帳附属地図,地図に準ずる図面,P-F,,,,,,
46201-3400-120.zip,069-1247,,true,16.520,1410.916,-138.424,1501.591,-111.095,1193.979,-264.534,1283.683,旧土地台帳附属地図,地図に準ずる図面,P-F,,,,,,
46201-3400-120.zip,069-1248,,true,-101.904,2089.740,-254.720,1995.957,29.338,1875.067,-122.033,1781.990,旧土地台帳附属地図,地図に準ずる図面,P-F,,,,,,
46201-3400-120.zip,069-1249,,true,-35.571,2434.334,36.956,2598.559,-265.514,2536.393,-193.900,2699.023,旧土地台帳附属地図,地図に準ずる図面,P-F,,,,,,
46201-3400-120.zip,069-1250,,true,-823.463,228.440,-821.405,48.924,-571.824,230.844,-569.670,53.120,旧土地台帳附属地図,地図に準ずる図面,P-F,,,,,,
46201-3400-120.zip,069-1251,,true,-586.943,817.464,-746.642,899.477,-702.265,594.006,-860.461,674.861,旧土地台帳附属地図,地図に準ずる図面,P-F,,,,,,
46201-3400-120.zip,069-1252,,true,-845.666,1368.251,-762.797,1209.037,-622.247,1483.979,-540.051,1326.391,旧土地台帳附属地図,地図に準ずる図面,P-F,,,,,,
46201-3400-120.zip,069-1253,,true,-844.379,1926.701,-717.907,1799.285,-665.490,2103.641,-540.116,1977.604,旧土地台帳附属地図,地図に準ずる図面,P-F,,,,,,
46201-3400-120.zip,069-1254,,true,-616.044,2654.517,-793.902,2678.383,-649.981,2405.165,-826.150,2428.725,旧土地台帳附属地図,地図に準ずる図面,P-F,,,,,,
46201-3400-120.zip,069-1255,,true,-1171.280,168.452,-1289.617,303.357,-1360.690,2.823,-1477.961,136.280,旧土地台帳附属地図,地図に準ずる図面,P-F,,,,,,
46201-3400-120.zip,069-1256,,true,-1343.618,618.123,-1174.531,678.226,-1427.520,855.416,-1260.038,915.031,旧土地台帳附属地図,地図に準ずる図面,P-F,,,,,,
46201-3400-120.zip,069-1257,,true,-1203.313,1441.514,-1376.544,1488.497,-1269.611,1198.753,-1441.144,1245.155,旧土地台帳附属地図,地図に準ずる図面,P-F,,,,,,
46201-3400-120.zip,069-1258,,true,-1227.760,1839.580,-1166.490,2008.329,-1464.128,1925.831,-1403.578,2092.937,旧土地台帳附属地図,地図に準ずる図面,P-F,,,,,,
46201-3400-120.zip,069-1259,,true,-1200.025,2466.140,-1187.490,2645.154,-1451.039,2484.031,-1438.741,2661.304,旧土地台帳附属地図,地図に準ずる図面,P-F,,,,,,
46201-3400-120.zip,069-1260,,true,-1881.924,16.167,-1755.878,143.844,-2060.799,193.120,-1936.094,319.766,旧土地台帳附属地図,地図に準ずる図面,P-F,,,,,,
46201-3400-120.zip,069-1261,,true,-2008.723,656.695,-1833.279,618.800,-1955.146,902.576,-1781.436,865.136,旧土地台帳附属地図,地図に準ずる図面,P-F,,,,,,
46201-3400-120.zip,069-1262,,true,-2046.640,1352.640,-1946.313,1203.807,-1837.673,1492.995,-1738.325,1345.617,旧土地台帳附属地図,地図に準ずる図面,P-F,,,,,,
46201-3400-120.zip,069-1263,,true,-1780.644,1899.198,-1817.799,2074.761,-2026.974,1847.534,-2063.821,2021.448,旧土地台帳附属地図,地図に準ずる図面,P-F,,,,,,
46201-3400-120.zip,069-1264,,true,-2025.403,2625.406,-2018.755,2446.040,-1773.874,2634.393,-1767.213,2456.743,旧土地台帳附属地図,地図に準ずる図面,P-F,,,,,,
46201-3400-120.zip,069-1265,,true,-2559.006,280.448,-2659.914,132.009,-2351.115,138.572,-2451.005,-8.440,旧土地台帳附属地図,地図に準ずる図面,P-F,,,,,,
46201-3400-120.zip,069-1266,,true,-2605.513,653.412,-2428.954,621.326,-2560.157,900.942,-2385.226,869.270,旧土地台帳附属地図,地図に準ずる図面,P-F,,,,,,
46201-3400-120.zip,069-1267,,true,-2623.134,1428.821,-2621.844,1249.374,-2371.525,1430.264,-2370.093,1252.495,旧土地台帳附属地図,地図に準ずる図面,P-F,,,,,,
46201-3400-120.zip,069-1268,,true,-2517.839,2089.649,-2658.822,1978.623,-2362.449,1891.704,-2501.983,1781.671,旧土地台帳附属地図,地図に準ずる図面,P-F,,,,,,
46201-3400-120.zip,069-1269,,true,-2530.706,2688.158,-2660.684,2564.375,-2357.451,2505.646,-2486.052,2383.013,旧土地台帳附属地図,地図に準ずる図面,P-F,,,,,,
46201-3400-120.zip,069-1270,,true,-3231.980,213.756,-3208.011,35.912,-2982.492,246.972,-2958.675,70.838,旧土地台帳附属地図,地図に準ずる図面,P-F,,,,,,
46201-3400-120.zip,069-1271,,true,-3183.832,635.960,-3004.386,639.906,-3188.961,887.558,-3011.269,891.582,旧土地台帳附属地図,地図に準ずる図面,P-F,,,,,,
46201-3400-120.zip,069-1272,,true,-3037.826,1232.985,-2962.097,1395.716,-3265.806,1339.448,-3190.970,1500.621,旧土地台帳附属地図,地図に準ずる図面,P-F,,,,,,
46201-3400-120.zip,069-1273,,true,-3013.088,1851.705,-2975.584,2027.272,-3259.143,1904.665,-3222.125,2078.504,旧土地台帳附属地図,地図に準ずる図面,P-F,,,,,,
46201-3400-121.zip,069-1311,,true,-113.783,18.875,48.589,94.923,-219.613,247.192,-58.083,322.973,旧土地台帳附属地図,地図に準ずる図面,P-F,,,,,,
46201-3400-121.zip,069-1312-1,,true,41.995,719.255,-17.129,888.485,-195.824,637.208,-254.842,805.548,旧土地台帳附属地図,地図に準ずる図面,P-F,,,,,,
46201-3400-121.zip,069-1312-2,,true,-169.366,1241.128,9.933,1241.356,-168.756,1492.703,9.590,1493.198,旧土地台帳附属地図,地図に準ずる図面,P-F,,,,,,
46201-3400-121.zip,069-1313,,true,-192.258,2049.969,-219.804,1872.875,56.229,2010.438,28.958,1834.111,旧土地台帳附属地図,地図に準ずる図面,P-F,,,,,,
46201-3400-121.zip,069-1314,,true,-227.046,2582.200,-156.582,2417.452,4.650,2680.312,74.976,2516.374,旧土地台帳附属地図,地図に準ずる図面,P-F,,,,,,
46201-3400-121.zip,069-1315,,true,-766.781,39.433,-587.570,43.672,-771.823,290.996,-593.454,295.368,旧土地台帳附属地図,地図に準ずる図面,P-F,,,,,,
46201-3400-121.zip,069-1316,,true,-668.185,619.052,-539.472,743.767,-842.502,800.394,-714.604,924.692,旧土地台帳附属地図,地図に準ずる図面,P-F,,,,,,
46201-3400-121.zip,069-1317,,true,-766.669,1239.298,-587.425,1243.766,-771.994,1490.893,-593.630,1495.493,旧土地台帳附属地図,地図に準ずる図面,P-F,,,,,,
46201-3400-121.zip,069-1318,,true,-829.705,1953.190,-726.190,1806.790,-623.715,2097.681,-520.572,1952.138,旧土地台帳附属地図,地図に準ずる図面,P-F,,,,,,
46201-3400-121.zip,069-1319,,true,-677.181,2417.800,-540.460,2533.797,-839.224,2610.338,-703.241,2725.910,旧土地台帳附属地図,地図に準ずる図面,P-F,,,,,,
46201-3400-121.zip,069-1320,,true,-1154.734,134.823,-1232.888,296.150,-1381.552,25.993,-1459.531,186.432,旧土地台帳附属地図,地図に準ずる図面,P-F,,,,,,
46201-3400-121.zip,069-1321,,true,-1367.547,639.900,-1188.312,642.987,-1370.881,891.530,-1192.527,894.832,旧土地台帳附属地図,地図に準ずる図面,P-F,,,,,,
46201-3400-121.zip,069-1322,,true,-1176.134,1279.126,-1179.012,1458.326,-1427.690,1276.009,-1430.709,1454.407,旧土地台帳附属地図,地図に準ずる図面,P-F,,,,,,
46201-3400-121.zip,069-1323,,true,-1418.680,1901.321,-1267.738,1804.692,-1282.322,2112.737,-1131.971,2016.668,旧土地台帳附属地図,地図に準ずる図面,P-F,,,,,,
46201-3400-121.zip,069-1324,,true,-1369.783,2441.411,-1190.560,2441.080,-1368.212,2693.020,-1189.827,2692.730,旧土地台帳附属地図,地図に準ずる図面,P-F,,,,,,
46201-3400-121.zip,069-1325,,true,-1777.744,76.702,-1776.806,255.961,-2029.348,78.912,-2028.643,257.334,旧土地台帳附属地図,地図に準ずる図面,P-F,,,,,,
46201-3400-121.zip,069-1326,,true,-1990.272,852.050,-2021.398,675.473,-1742.658,807.364,-1773.348,631.716,旧土地台帳附属地図,地図に準ずる図面,P-F,,,,,,
46201-3400-121.zip,069-1327,,true,-1836.875,1482.312,-2012.800,1447.691,-1789.234,1235.328,-1964.255,1200.650,旧土地台帳附属地図,地図に準ずる図面,P-F,,,,,,
46201-3400-121.zip,069-1328,,true,-1781.662,1871.391,-1772.175,2050.324,-2032.872,1885.635,-2023.579,2063.816,旧土地台帳附属地図,地図に準ずる図面,P-F,,,,,,
46201-3400-121.zip,069-1329,,true,-1968.550,2440.593,-1789.371,2442.059,-1969.648,2692.204,-1791.233,2693.856,旧土地台帳附属地図,地図に準ずる図面,P-F,,,,,,
46201-3400-121.zip,069-1330,,true,-2436.590,28.483,-2341.118,180.161,-2648.998,163.362,-2554.155,314.401,旧土地台帳附属地図,地図に準ずる図面,P-F,,,,,,
46201-3400-121.zip,069-1331,,true,-2566.900,639.477,-2387.686,643.565,-2571.640,891.084,-2393.303,895.230,旧土地台帳附属地図,地図に準ずる図面,P-F,,,,,,
46201-3400-121.zip,069-1332,,true,-2567.072,1239.586,-2387.851,1243.371,-2571.440,1491.162,-2393.098,1495.082,旧土地台帳附属地図,地図に準ずる図面,P-F,,,,,,
46201-3400-121.zip,069-1333A,,true,-2568.671,1840.629,-2389.453,1842.014,-2569.799,2092.201,-2391.344,2093.772,旧土地台帳附属地図,地図に準ずる図面,P-F,,,,,,
46201-3400-121.zip,069-1333B,,true,-2568.671,2440.629,-2389.453,2442.014,-2569.799,2692.201,-2391.344,2693.772,旧土地台帳附属地図,地図に準ずる図面,P-F,,,,,,
46201-3400-121.zip,069-1334A,,true,-2987.132,64.547,-2966.395,242.681,-3236.980,94.622,-3216.497,271.904,旧土地台帳附属地図,地図に準ずる図面,P-F,,,,,,
46201-3400-121.zip,069-1334B,,true,-2987.132,664.547,-2966.395,842.681,-3236.980,694.622,-3216.497,871.904,旧土地台帳附属地図,地図に準ずる図面,P-F,,,,,,
46201-3400-121.zip,069-1334C,,true,-2987.132,1264.547,-2966.395,1442.681,-3236.980,1294.622,-3216.497,1471.904,旧土地台帳附属地図,地図に準ずる図面,P-F,,,,,,
46201-3400-122.zip,069-1360,,true,-230.368,86.787,-71.488,3.691,-113.255,309.440,44.193,227.223,旧土地台帳附属地図,地図に準ずる図面,P-F,,,,,,
46201-3400-122.zip,069-1361,,true,-195.751,644.669,-17.050,629.579,-173.907,895.293,3.093,880.427,旧土地台帳附属地図,地図に準ずる図面,P-F,,,,,,
46201-3400-122.zip,069-1362,,true,-181.827,1234.691,-2.632,1241.828,-191.199,1486.091,-13.644,1493.241,旧土地台帳附属地図,地図に準ずる図面,P-F,,,,,,
46201-3400-122.zip,069-1363,,true,-133.419,1815.903,30.467,1888.630,-234.912,2046.096,-72.570,2118.266,旧土地台帳附属地図,地図に準ずる図面,P-F,,,,,,
46201-3400-122.zip,069-1364,,true,-186.222,2437.589,-6.923,2437.894,-185.955,2689.164,-8.333,2689.507,旧土地台帳附属地図,地図に準ずる図面,P-F,,,,,,
46201-3400-122.zip,069-1365,,true,-824.953,77.460,-660.071,7.019,-725.514,308.589,-562.157,238.845,旧土地台帳附属地図,地図に準ずる図面,P-F,,,,,,
46201-3400-122.zip,069-1366,,true,-784.737,636.557,-605.495,639.221,-787.768,888.189,-610.126,890.795,旧土地台帳附属地図,地図に準ずる図面,P-F,,,,,,
46201-3400-122.zip,069-1367,,true,-887.674,1235.107,-620.501,1199.312,-844.136,1559.096,-576.790,1523.161,旧土地台帳附属地図,地図に準ずる図面,P-F,,,,,,
46201-3400-122.zip,069-1368,,true,-676.498,2151.867,-932.459,2067.207,-574.038,1841.439,-830.143,1756.852,旧土地台帳附属地図,地図に準ずる図面,P-F,,,,,,
46201-3400-122.zip,069-1369,,true,-582.473,2461.849,-608.963,2730.143,-907.804,2429.855,-934.158,2698.315,旧土地台帳附属地図,地図に準ずる図面,P-F,,,,,,
46201-3400-122.zip,069-1370,,true,-1193.987,46.254,-1193.766,315.815,-1520.926,46.697,-1520.476,316.371,旧土地台帳附属地図,地図に準ずる図面,P-F,,,,,,
46201-3400-122.zip,069-1371,,true,-1158.390,824.575,-1380.471,977.426,-1343.887,555.354,-1565.954,708.426,旧土地台帳附属地図,地図に準ずる図面,P-F,,,,,,
46201-3400-122.zip,069-1372,,true,-1151.438,1389.957,-1342.382,1580.283,-1382.422,1158.579,-1573.284,1349.093,旧土地台帳附属地図,地図に準ずる図面,P-F,,,,,,
46201-3400-122.zip,069-1373,,true,-1463.464,1813.513,-1194.048,1822.334,-1474.034,2140.282,-1204.498,2148.916,旧土地台帳附属地図,地図に準ずる図面,P-F,,,,,,
46201-3400-122.zip,069-1374,,true,-1517.098,2662.552,-1468.345,2397.437,-1195.611,2721.588,-1146.981,2456.297,旧土地台帳附属地図,地図に準ずる図面,P-F,,,,,,
46201-3400-122.zip,069-1375,,true,-2137.955,135.554,-1934.801,-41.621,-1922.999,381.843,-1719.860,204.477,旧土地台帳附属地図,地図に準ずる図面,P-F,,,,,,
46201-3400-122.zip,069-1376,,true,-1752.254,797.106,-1950.124,980.221,-1974.440,557.319,-2172.233,740.571,旧土地台帳附属地図,地図に準ずる図面,P-F,,,,,,
46201-3400-122.zip,069-1377,,true,-2138.925,1342.110,-1941.806,1158.187,-1915.755,1580.981,-1718.711,1396.867,旧土地台帳附属地図,地図に準ずる図面,P-F,,,,,,
46201-3400-122.zip,069-1378,,true,-2103.469,2084.236,-2089.781,1815.023,-1776.979,2100.623,-1763.475,1831.249,旧土地台帳附属地図,地図に準ずる図面,P-F,,,,,,
46201-3400-122.zip,069-1379,,true,-1847.267,2737.920,-2113.759,2696.857,-1797.688,2414.763,-2064.288,2373.914,旧土地台帳附属地図,地図に準ずる図面,P-F,,,,,,
46201-3400-122.zip,069-1380,,true,-2740.920,170.389,-2572.580,-40.143,-2485.499,374.408,-2317.236,163.667,旧土地台帳附属地図,地図に準ずる図面,P-F,,,,,,
46201-3400-122.zip,069-1381,,true,-2534.475,961.700,-2757.280,809.843,-2350.482,691.590,-2573.488,539.825,旧土地台帳附属地図,地図に準ずる図面,P-F,,,,,,
46201-3400-122.zip,069-1382,,true,-2535.643,1561.830,-2757.513,1408.543,-2350.006,1292.846,-2572.026,1139.641,旧土地台帳附属地図,地図に準ずる図面,P-F,,,,,,
46201-3400-122.zip,069-1383,,true,-2611.100,1781.583,-2359.289,1877.881,-2727.751,2086.838,-2475.757,2183.084,旧土地台帳附属地図,地図に準ずる図面,P-F,,,,,,
46201-3400-122.zip,069-1384,,true,-2648.815,2398.457,-2382.340,2439.608,-2698.570,2721.471,-2431.964,2762.526,旧土地台帳附属地図,地図に準ずる図面,P-F,,,,,,
46201-3400-123.zip,069-1473,,true,-1427.129,2582.099,-1356.482,2417.346,-1195.473,2680.405,-1124.965,2516.463,旧土地台帳附属地図,地図に準ずる図面,P-F,,,,,,
46201-3400-123.zip,069-1474,,true,-1781.232,71.938,-1772.708,250.996,-2032.476,84.845,-2024.145,263.074,旧土地台帳附属地図,地図に準ずる図面,P-F,,,,,,
46201-3400-123.zip,069-1475,,true,-1789.147,848.315,-1963.559,889.725,-1848.242,603.740,-2021.847,644.761,旧土地台帳附属地図,地図に準ずる図面,P-F,,,,,,
46201-3400-123.zip,069-1476,,true,-1786.596,1445.434,-1959.777,1491.728,-1852.451,1202.592,-2024.891,1248.410,旧土地台帳附属地図,地図に準ずる図面,P-F,,,,,,
46201-3400-123.zip,069-1477,,true,-1818.416,1838.009,-1746.271,2002.070,-2048.411,1940.139,-1976.729,2103.530,旧土地台帳附属地図,地図に準ずる図面,P-F,,,,,,
46201-3400-123.zip,069-1478,,true,-1830.194,2431.371,-1742.421,2587.717,-2049.106,2555.414,-1961.878,2711.105,旧土地台帳附属地図,地図に準ずる図面,P-F,,,,,,
46201-3400-123.zip,069-1479,,true,-2356.728,186.526,-2488.709,307.833,-2527.784,1.950,-2659.199,122.579,旧土地台帳附属地図,地図に準ずる図面,P-F,,,,,,
46201-3400-123.zip,069-1480,,true,-2362.046,706.769,-2404.851,880.845,-2606.581,647.668,-2649.372,820.884,旧土地台帳附属地図,地図に準ずる図面,P-F,,,,,,
46201-3400-123.zip,069-1481,,true,-2603.913,1435.736,-2607.564,1256.474,-2352.411,1429.629,-2355.852,1251.277,旧土地台帳附属地図,地図に準ずる図面,P-F,,,,,,
46201-3400-123.zip,069-1482,,true,-2395.483,1855.893,-2359.316,2031.468,-2641.738,1907.547,-2605.964,2082.348,旧土地台帳附属地図,地図に準ずる図面,P-F,,,,,,
46201-3400-123.zip,069-1483,,true,-2570.279,2441.724,-2391.021,2440.633,-2567.695,2693.324,-2389.274,2692.354,旧土地台帳附属地図,地図に準ずる図面,P-F,,,,,,
46201-3400-123.zip,069-1459,,true,-60.366,20.654,61.019,152.511,-244.840,191.764,-124.134,323.109,旧土地台帳附属地図,地図に準ずる図面,P-F,,,,,,
46201-3400-123.zip,069-1461,,true,-216.741,1296.828,-62.460,1205.623,-87.851,1512.966,65.785,1422.320,旧土地台帳附属地図,地図に準ずる図面,P-F,,,,,,
46201-3400-123.zip,069-1462,,true,-190.419,1858.747,-14.640,1823.585,-140.228,2105.304,34.796,2070.449,旧土地台帳附属地図,地図に準ずる図面,P-F,,,,,,
46201-3400-123.zip,069-1463,,true,-133.330,2423.526,38.268,2475.242,-204.901,2664.785,-34.090,2716.345,旧土地台帳附属地図,地図に準ずる図面,P-F,,,,,,
46201-3400-123.zip,069-1464,,true,-820.985,106.973,-674.372,3.827,-675.414,312.154,-529.375,209.647,旧土地台帳附属地図,地図に準ずる図面,P-F,,,,,,
46201-3400-123.zip,069-1465,,true,-821.020,707.080,-674.542,603.742,-675.245,912.163,-529.320,809.496,旧土地台帳附属地図,地図に準ずる図面,P-F,,,,,,
46201-3400-123.zip,069-1466,,true,-581.598,1439.389,-751.938,1495.359,-661.138,1200.638,-830.681,1256.224,旧土地台帳附属地図,地図に準ずる図面,P-F,,,,,,
46201-3400-123.zip,069-1467,,true,-804.582,2034.722,-806.776,1855.513,-553.076,2030.790,-554.953,1852.377,旧土地台帳附属地図,地図に準ずる図面,P-F,,,,,,
46201-3400-123.zip,069-1468,,true,-769.657,2441.366,-590.434,2441.137,-768.405,2692.938,-590.020,2692.902,旧土地台帳附属地図,地図に準ずる図面,P-F,,,,,,
46201-3400-123.zip,069-1469,,true,-1184.985,243.483,-1357.223,293.032,-1255.383,1.919,-1426.942,51.073,旧土地台帳附属地図,地図に準ずる図面,P-F,,,,,,
46201-3400-123.zip,069-1470,,true,-1390.081,658.520,-1214.247,623.829,-1340.554,905.134,-1165.446,870.897,旧土地台帳附属地図,地図に準ずる図面,P-F,,,,,,
46201-3400-123.zip,069-1471,,true,-1423.545,1396.167,-1370.538,1224.922,-1182.941,1469.653,-1129.985,1299.349,旧土地台帳附属地図,地図に準ずる図面,P-F,,,,,,
46201-3400-123.zip,069-1472,,true,-1407.970,2029.858,-1402.409,1850.683,-1156.410,2036.666,-1150.760,1858.332,旧土地台帳附属地図,地図に準ずる図面,P-F,,,,,,
46201-3400-123.zip,069-1460,,true,29.562,661.953,34.510,841.146,-221.927,669.843,-217.156,848.203,旧土地台帳附属地図,地図に準ずる図面,P-F,,,,,,
46201-3400-124.zip,069-1528A,,true,888.256,936.813,869.940,758.414,1138.387,910.618,1120.391,733.833,旧土地台帳附属地図,地図に準ずる図面,P-F,,,,,,
46201-3400-124.zip,069-1528B,,true,-2014.005,1440.874,-2032.321,1262.475,-1763.874,1414.679,-1781.869,1237.894,旧土地台帳附属地図,地図に準ずる図面,P-F,,,,,,
46201-3400-124.zip,069-1522,,true,-1433.530,1410.514,-1405.082,1233.564,-1185.051,1449.866,-1156.699,1274.482,旧土地台帳附属地図,地図に準ずる図面,P-F,,,,,,
46201-3400-124.zip,069-1523,,true,-1439.849,1908.977,-1297.907,1799.492,-1285.776,2107.852,-1145.037,1999.490,旧土地台帳附属地図,地図に準ずる図面,P-F,,,,,,
46201-3400-124.zip,069-1527,,true,-2009.342,38.323,-1830.089,32.940,-2001.791,289.784,-1822.538,284.401,旧土地台帳附属地図,地図に準ずる図面,P-F,,,,,,
46201-3400-124.zip,069-1531,,true,-2646.614,149.390,-2543.122,3.068,-2440.905,294.278,-2338.220,149.298,旧土地台帳附属地図,地図に準ずる図面,P-F,,,,,,
46201-3400-124.zip,069-1532,,true,-2631.403,814.670,-2609.017,636.813,-2381.742,845.647,-2359.328,669.406,旧土地台帳附属地図,地図に準ずる図面,P-F,,,,,,
46201-3400-124.zip,069-1533,,true,-2373.994,1383.180,-2506.070,1504.327,-2544.493,1198.193,-2675.469,1318.173,旧土地台帳附属地図,地図に準ずる図面,P-F,,,,,,
46201-3400-124.zip,069-1534,,true,-2615.550,1864.408,-2443.603,1813.592,-2543.676,2105.537,-2373.303,2055.307,旧土地台帳附属地図,地図に準ずる図面,P-F,,,,,,
46201-3400-124.zip,069-1524,,true,-1240.427,2431.506,-1161.380,2592.483,-1466.003,2542.885,-1387.783,2702.443,旧土地台帳附属地図,地図に準ずる図面,P-F,,,,,,
46201-3400-124.zip,069-1529,,true,-1999.269,1826.586,-1820.012,1825.316,-1997.005,2078.189,-1819.386,2077.084,旧土地台帳附属地図,地図に準ずる図面,P-F,,,,,,
46201-3400-124.zip,069-1530,,true,-2042.223,2517.087,-1907.191,2399.070,-1876.242,2706.188,-1742.424,2589.387,旧土地台帳附属地図,地図に準ずる図面,P-F,,,,,,
46201-3400-124.zip,069-1535,,true,-2637.137,2501.490,-2489.013,2400.324,-2494.832,2708.902,-2348.024,2608.915,旧土地台帳附属地図,地図に準ずる図面,P-F,,,,,,
46201-3400-124.zip,069-1536,,true,-3240.526,111.179,-3100.450,-0.683,-3083.133,307.388,-2944.241,196.668,旧土地台帳附属地図,地図に準ずる図面,P-F,,,,,,
46201-3400-124.zip,069-1510,,true,-197.507,257.461,-245.554,84.680,44.712,189.495,-2.772,18.298,旧土地台帳附属地図,地図に準ずる図面,P-F,,,,,,
46201-3400-124.zip,069-1511,,true,-7.233,657.743,19.387,835.055,-255.899,695.631,-229.712,871.352,旧土地台帳附属地図,地図に準ずる図面,P-F,,,,,,
46201-3400-124.zip,069-1512,,true,-189.195,1463.841,-250.290,1295.272,47.154,1377.652,-13.224,1210.607,旧土地台帳附属地図,地図に準ずる図面,P-F,,,,,,
46201-3400-124.zip,069-1513,,true,-231.185,2015.284,-209.445,1837.308,18.609,2045.152,40.224,1868.849,旧土地台帳附属地図,地図に準ずる図面,P-F,,,,,,
46201-3400-124.zip,069-1514,,true,-246.137,2563.366,-157.854,2407.351,-26.915,2686.783,60.647,2532.200,旧土地台帳附属地図,地図に準ずる図面,P-F,,,,,,
46201-3400-124.zip,069-1515,,true,-716.747,13.863,-562.931,105.997,-845.432,229.946,-693.185,321.365,旧土地台帳附属地図,地図に準ずる図面,P-F,,,,,,
46201-3400-124.zip,069-1516,,true,-819.328,834.380,-826.666,655.231,-567.917,823.386,-575.185,645.874,旧土地台帳附属地図,地図に準ずる図面,P-F,,,,,,
46201-3400-124.zip,069-1517,,true,-571.300,1368.155,-689.333,1503.123,-761.102,1203.091,-878.148,1336.695,旧土地台帳附属地図,地図に準ずる図面,P-F,,,,,,
46201-3400-124.zip,069-1518,,true,-598.872,1867.687,-588.983,2046.713,-850.034,1882.095,-840.351,2059.492,旧土地台帳附属地図,地図に準ずる図面,P-F,,,,,,
46201-3400-124.zip,069-1519,,true,-602.079,2463.656,-585.490,2642.186,-852.563,2487.468,-836.241,2664.378,旧土地台帳附属地図,地図に準ずる図面,P-F,,,,,,
46201-3400-124.zip,069-1520,,true,-1426.000,224.288,-1417.798,45.215,-1174.705,235.301,-1166.384,57.835,旧土地台帳附属地図,地図に準ずる図面,P-F,,,,,,
46201-3400-124.zip,069-1521,,true,-1421.227,831.624,-1424.296,652.351,-1169.699,826.784,-1172.623,649.185,旧土地台帳附属地図,地図に準ずる図面,P-F,,,,,,
46201-3400-125.zip,069-1541,,true,-245.241,1932.177,-124.134,1799.908,-59.307,2101.698,60.781,1970.770,旧土地台帳附属地図,地図に準ずる図面,P-F,,,,,,
46201-3400-125.zip,069-1542,,true,-246.110,2539.758,-132.543,2401.011,-51.092,2698.625,61.556,2561.244,旧土地台帳附属地図,地図に準ずる図面,P-F,,,,,,
46201-3400-125.zip,069-1540,,true,23.053,1393.921,-118.522,1504.004,-131.769,1195.676,-272.156,1304.495,旧土地台帳附属地図,地図に準ずる図面,P-F,,,,,,
46201-3400-125.zip,069-1544,,true,-818.772,834.956,-827.276,655.935,-567.471,822.431,-575.743,645.039,旧土地台帳附属地図,地図に準ずる図面,P-F,,,,,,
46201-3400-125.zip,069-1550,,true,-1407.298,1430.412,-1402.975,1251.279,-1155.855,1435.695,-1151.288,1257.597,旧土地台帳附属地図,地図に準ずる図面,P-F,,,,,,
46201-3400-125.zip,069-1543,,true,-840.665,111.695,-700.971,-0.705,-682.606,307.368,-544.044,196.174,旧土地台帳附属地図,地図に準ずる図面,P-F,,,,,,
46201-3400-125.zip,069-1539,,true,-26.600,863.019,-205.867,869.263,-35.928,611.655,-213.450,617.646,旧土地台帳附属地図,地図に準ずる図面,P-F,,,,,,
46201-3400-125.zip,069-1538,,true,-31.281,266.333,-210.615,265.236,-30.186,14.722,-207.842,13.444,旧土地台帳附属地図,地図に準ずる図面,P-F,,,,,,
46201-3400-125.zip,069-1546,,true,-576.319,1991.962,-716.186,2104.208,-734.153,1796.058,-872.803,1907.081,旧土地台帳附属地図,地図に準ずる図面,P-F,,,,,,
46201-3400-125.zip,069-1547,,true,-829.074,2619.039,-812.964,2440.427,-578.511,2641.155,-562.292,2464.313,旧土地台帳附属地図,地図に準ずる図面,P-F,,,,,,
46201-3400-125.zip,069-1548,,true,-1428.760,170.078,-1344.046,12.226,-1206.753,288.251,-1122.373,131.345,旧土地台帳附属地図,地図に準ずる図面,P-F,,,,,,
46201-3400-125.zip,069-1551,,true,-1428.081,1935.392,-1306.773,1803.514,-1242.514,2105.090,-1121.678,1974.176,旧土地台帳附属地図,地図に準ずる図面,P-F,,,,,,
46201-3400-125.zip,069-1552,,true,-1429.441,2549.534,-1322.303,2405.908,-1227.350,2699.303,-1120.644,2556.638,旧土地台帳附属地図,地図に準ずる図面,P-F,,,,,,
46201-3400-125.zip,069-1549,,true,-1372.164,643.191,-1193.037,638.672,-1365.076,894.552,-1186.968,890.403,旧土地台帳附属地図,地図に準ずる図面,P-F,,,,,,
46201-3400-125.zip,069-1555,,true,-2026.573,1326.684,-1897.065,1202.849,-1852.168,1507.941,-1723.219,1385.010,旧土地台帳附属地図,地図に準ずる図面,P-F,,,,,,
46201-3400-125.zip,069-1556,,true,-1901.875,2093.027,-2041.729,1980.948,-1745.188,1896.253,-1884.072,1784.608,旧土地台帳附属地図,地図に準ずる図面,P-F,,,,,,
46201-3400-125.zip,069-1557,,true,-1920.447,2420.169,-1754.527,2487.930,-2014.758,2653.274,-1849.941,2720.915,旧土地台帳附属地図,地図に準ずる図面,P-F,,,,,,
46201-3400-125.zip,069-1558,,true,-2459.842,20.779,-2338.916,153.007,-2644.911,191.021,-2524.905,322.696,旧土地台帳附属地図,地図に準ずる図面,P-F,,,,,,
46201-3400-125.zip,069-1559,,true,-2392.095,659.248,-2361.932,835.875,-2639.850,702.261,-2610.198,877.933,旧土地台帳附属地図,地図に準ずる図面,P-F,,,,,,
46201-3400-125.zip,069-1560,,true,-2375.829,1279.571,-2379.382,1458.759,-2627.255,1275.318,-2631.093,1453.471,旧土地台帳附属地図,地図に準ずる図面,P-F,,,,,,
46201-3400-125.zip,069-1561,,true,-2428.150,1832.406,-2342.898,1990.054,-2648.999,1952.728,-2564.524,2109.584,旧土地台帳附属地図,地図に準ずる図面,P-F,,,,,,
46201-3400-125.zip,069-1562,,true,-2355.472,2530.679,-2428.720,2694.250,-2585.237,2428.591,-2658.378,2591.083,旧土地台帳附属地図,地図に準ずる図面,P-F,,,,,,
46201-3400-125.zip,069-1553,,true,-2028.959,167.930,-1941.871,11.333,-1808.782,289.478,-1721.908,133.894,旧土地台帳附属地図,地図に準ずる図面,P-F,,,,,,
46201-3400-125.zip,069-1554,,true,-2017.731,699.345,-1865.414,604.970,-1884.601,912.719,-1733.017,819.112,旧土地台帳附属地図,地図に準ずる図面,P-F,,,,,,
46201-3400-125.zip,069-1545,,true,-578.324,1398.191,-723.332,1503.710,-726.822,1195.025,-870.536,1299.410,旧土地台帳附属地図,地図に準ずる図面,P-F,,,,,,
46201-3400-126.zip,069-1567,,true,-21.875,2435.903,55.059,2597.731,-248.663,2544.530,-172.446,2705.560,旧土地台帳附属地図,地図に準ずる図面,P-F,,,,,,
46201-3400-126.zip,069-1568,,true,-807.803,80.893,-642.966,10.638,-708.521,311.967,-544.525,242.360,旧土地台帳附属地図,地図に準ずる図面,P-F,,,,,,
46201-3400-126.zip,069-1586,,true,-2629.397,1948.466,-2521.065,1805.690,-2428.508,2099.905,-2320.668,1958.094,旧土地台帳附属地図,地図に準ずる図面,P-F,,,,,,
46201-3400-126.zip,069-1585,,true,-2628.639,1370.943,-2544.969,1212.451,-2405.865,1487.662,-2322.455,1330.237,旧土地台帳附属地図,地図に準ずる図面,P-F,,,,,,
46201-3400-126.zip,069-1584,,true,-2628.729,740.029,-2511.884,604.132,-2437.399,903.379,-2321.100,768.469,旧土地台帳附属地図,地図に準ずる図面,P-F,,,,,,
46201-3400-126.zip,069-1583,,true,-2604.996,234.294,-2606.384,54.810,-2353.398,231.525,-2354.624,53.144,旧土地台帳附属地図,地図に準ずる図面,P-F,,,,,,
46201-3400-126.zip,069-1582,,true,-2009.565,2483.644,-1846.383,2409.533,-1904.788,2712.446,-1742.401,2639.073,旧土地台帳附属地図,地図に準ずる図面,P-F,,,,,,
46201-3400-126.zip,069-1581,,true,-2001.497,1871.873,-1831.686,1814.916,-1920.859,2110.054,-1751.854,2053.690,旧土地台帳附属地図,地図に準ずる図面,P-F,,,,,,
46201-3400-126.zip,069-1580,,true,-2026.359,1384.826,-1959.228,1218.651,-1792.821,1478.266,-1725.876,1313.166,旧土地台帳附属地図,地図に準ずる図面,P-F,,,,,,
46201-3400-126.zip,069-1579,,true,-2006.045,832.401,-2004.716,653.221,-1754.510,833.428,-1752.996,655.278,旧土地台帳附属地図,地図に準ずる図面,P-F,,,,,,
46201-3400-126.zip,069-1578,,true,-1778.330,75.793,-1776.193,255.118,-2029.760,79.765,-2027.905,257.912,旧土地台帳附属地図,地図に準ずる図面,P-F,,,,,,
46201-3400-126.zip,069-1577,,true,-1163.621,2502.838,-1200.963,2678.128,-1409.854,2451.085,-1447.201,2625.478,旧土地台帳附属地図,地図に準ずる図面,P-F,,,,,,
46201-3400-126.zip,069-1576,,true,-1384.776,2056.975,-1425.429,1882.503,-1140.046,1999.184,-1180.177,1825.606,旧土地台帳附属地図,地図に準ずる図面,P-F,,,,,,
46201-3400-126.zip,069-1575,,true,-1423.046,1396.755,-1371.168,1225.244,-1182.195,1468.898,-1130.250,1298.482,旧土地台帳附属地図,地図に準ずる図面,P-F,,,,,,
46201-3400-126.zip,069-1574,,true,-1177.286,677.387,-1177.438,856.572,-1428.785,677.959,-1429.204,856.115,旧土地台帳附属地図,地図に準ずる図面,P-F,,,,,,
46201-3400-126.zip,069-1573,,true,-1369.734,41.488,-1190.550,40.846,-1368.101,292.944,-1189.945,292.611,旧土地台帳附属地図,地図に準ずる図面,P-F,,,,,,
46201-3400-126.zip,069-1572,,true,-561.360,2508.716,-606.717,2682.065,-804.817,2445.773,-850.208,2618.050,旧土地台帳附属地図,地図に準ずる図面,P-F,,,,,,
46201-3400-126.zip,069-1571,,true,-767.787,1840.136,-588.619,1842.581,-770.432,2091.622,-592.296,2094.320,旧土地台帳附属地図,地図に準ずる図面,P-F,,,,,,
46201-3400-126.zip,069-1570,,true,-770.885,1468.185,-833.652,1300.354,-535.627,1379.379,-597.735,1212.439,旧土地台帳附属地図,地図に準ずる図面,P-F,,,,,,
46201-3400-126.zip,069-1569-1,,true,-809.639,683.884,-646.644,609.456,-704.505,912.271,-542.337,838.598,旧土地台帳附属地図,地図に準ずる図面,P-F,,,,,,
46201-3400-126.zip,069-1565,,true,5.732,1857.014,39.825,2032.926,-241.021,1905.637,-207.387,2080.590,旧土地台帳附属地図,地図に準ずる図面,P-F,,,,,,
46201-3400-126.zip,069-1564,,true,45.582,1337.292,-35.417,1497.124,-179.140,1224.287,-259.880,1383.097,旧土地台帳附属地図,地図に準ずる図面,P-F,,,,,,
46201-3400-126.zip,069-1563,,true,-221.361,801.964,-176.214,628.521,22.196,864.511,67.361,692.214,旧土地台帳附属地図,地図に準ずる図面,P-F,,,,,,
46201-3400-126.zip,069-1562,,true,-18.989,37.607,54.011,201.288,-248.345,140.700,-176.093,303.547,旧土地台帳附属地図,地図に準ずる図面,P-F,,,,,,
46201-3400-127.zip,069-1442-2,,true,-218.606,-274.491,261.815,-278.986,-212.916,325.331,266.972,320.839,旧土地台帳附属地図,地図に準ずる図面,P-F,,,,,,
46201-3400-128.zip,069-1569-3,,true,-264.230,-288.100,274.813,-320.812,-224.080,365.001,314.710,331.924,旧土地台帳附属地図,地図に準ずる図面,P-F,,,,,,
46201-3400-129.zip,E1  51-3,500,false,-151128.807,-42219.493,-150978.806,-42219.494,-151128.813,-42019.489,-150978.811,-42019.490,土地改良所在図,法第14条1項地図（国調法19-5指定）,P-F,,,,,,
46201-3400-129.zip,M1  15-2,500,false,-151278.804,-42419.496,-151128.802,-42419.497,-151278.809,-42219.492,-151128.807,-42219.493,土地改良所在図,法第14条1項地図（国調法19-5指定）,P-F,,,,,,
46201-3400-129.zip,N1  11-1,500,false,-151278.809,-42219.492,-151128.807,-42219.493,-151278.814,-42019.488,-151128.813,-42019.489,土地改良所在図,法第14条1項地図（国調法19-5指定）,P-F,,,,,,
46201-3400-129.zip,N1  11-3,500,false,-151428.810,-42219.491,-151278.809,-42219.492,-151428.815,-42019.487,-151278.814,-42019.488,土地改良所在図,法第14条1項地図（国調法19-5指定）,P-F,,,,,,
46201-3400-13.zip,077-121,,true,946.407,1043.926,1191.047,1156.360,810.123,1340.688,1055.144,1453.274,旧土地台帳附属地図,地図に準ずる図面,P-F,,,,,,
46201-3400-13.zip,077-122,,true,868.053,985.518,1106.217,1111.058,715.843,1274.507,954.426,1400.161,旧土地台帳附属地図,地図に準ずる図面,P-F,,,,,,
46201-3400-13.zip,077-123,,true,752.771,1454.196,624.983,1217.137,1040.198,1298.938,912.105,1061.727,旧土地台帳附属地図,地図に準ずる図面,P-F,,,,,,
46201-3400-13.zip,077-124,,true,764.803,1052.024,749.525,1320.896,438.704,1033.622,423.502,1302.837,旧土地台帳附属地図,地図に準ずる図面,P-F,,,,,,
46201-3400-13.zip,077-125,,true,690.649,1020.692,955.369,1070.184,630.718,1341.799,895.818,1391.253,旧土地台帳附属地図,地図に準ずる図面,P-F,,,,,,
46201-3400-13.zip,077-127,,true,474.576,846.809,743.829,841.589,481.129,1173.403,750.725,1167.992,旧土地台帳附属地図,地図に準ずる図面,P-F,,,,,,
46201-3400-13.zip,077-130,,true,558.237,467.913,827.490,462.045,565.666,794.506,835.224,788.410,旧土地台帳附属地図,地図に準ずる図面,P-F,,,,,,
46201-3400-13.zip,077-131,,true,664.732,646.443,398.183,684.734,618.097,323.164,351.206,361.607,旧土地台帳附属地図,地図に準ずる図面,P-F,,,,,,
46201-3400-13.zip,077-132,,true,676.684,381.829,473.382,558.347,462.409,135.360,258.917,312.144,旧土地台帳附属地図,地図に準ずる図面,P-F,,,,,,
46201-3400-13.zip,077-133,,true,532.100,200.719,437.574,452.865,226.271,86.190,131.668,338.641,旧土地台帳附属地図,地図に準ずる図面,P-F,,,,,,
46201-3400-13.zip,077-134,,true,512.830,423.100,282.973,563.346,342.637,144.398,112.513,284.834,旧土地台帳附属地図,地図に準ずる図面,P-F,,,,,,
46201-3400-13.zip,077-135,,true,16.276,140.190,248.572,4.021,181.668,421.902,414.155,285.351,旧土地台帳附属地図,地図に準ずる図面,P-F,,,,,,
46201-3400-13.zip,077-136,,true,389.892,564.662,132.183,642.767,295.023,252.165,37.009,330.461,旧土地台帳附属地図,地図に準ずる図面,P-F,,,,,,
46201-3400-13.zip,077-137,,true,279.353,429.083,542.624,485.204,211.344,748.476,475.035,804.673,旧土地台帳附属地図,地図に準ずる図面,P-F,,,,,,
46201-3400-13.zip,077-128,,true,409.793,892.857,452.655,627.033,732.272,944.749,775.058,678.506,旧土地台帳附属地図,地図に準ずる図面,P-F,,,,,,
46201-3400-13.zip,077-117,,true,1392.792,877.636,1205.073,1070.841,1158.438,650.178,970.605,843.574,旧土地台帳附属地図,地図に準ずる図面,P-F,,,,,,
46201-3400-13.zip,077-118,,true,1139.301,1162.072,912.377,1017.025,1315.057,886.761,1087.790,741.676,旧土地台帳附属地図,地図に準ずる図面,P-F,,,,,,
46201-3400-13.zip,077-119,,true,822.009,981.877,804.826,713.081,1147.993,960.922,1130.695,691.783,旧土地台帳附属地図,地図に準ずる図面,P-F,,,,,,
46201-3400-13.zip,077-120,,true,1120.662,1110.526,852.171,1131.671,1094.754,784.960,825.920,806.220,旧土地台帳附属地図,地図に準ずる図面,P-F,,,,,,
46201-3400-13.zip,077-129,,true,640.283,687.475,909.613,687.132,640.893,1014.107,910.565,1013.649,旧土地台帳附属地図,地図に準ずる図面,P-F,,,,,,
46201-3400-13.zip,077-126,,true,740.252,1174.561,575.203,961.772,998.190,974.231,832.836,761.328,旧土地台帳附属地図,地図に準ずる図面,P-F,,,,,,
46201-3400-130.zip,069-1410,,true,37.927,140.449,-92.430,376.390,-247.925,-17.513,-378.256,218.616,旧土地台帳附属地図,地図に準ずる図面,P-F,,,,,,
46201-3400-130.zip,069-1411,,true,11.910,673.061,-25.120,940.064,-311.642,628.319,-348.549,895.261,旧土地台帳附属地図,地図に準ずる図面,P-F,,,,,,
46201-3400-130.zip,069-1434,,true,-320.488,1475.794,-285.239,1208.320,3.347,1518.452,38.426,1250.801,旧土地台帳附属地図,地図に準ずる図面,P-F,,,,,,
46201-3400-131.zip,N1  52-4,500,false,-151250.000,-46725.000,-151125.000,-46725.000,-151250.000,-46550.000,-151125.000,-46550.000,土地改良所在図,法第14条1項地図,P-F,2003,6,9,,,
46201-3400-131.zip,N1  53-1,500,false,-151125.000,-46550.000,-151000.000,-46550.000,-151125.000,-46375.000,-151000.000,-46375.000,土地改良所在図,法第14条1項地図,P-F,2003,6,9,,,
46201-3400-131.zip,N1  53-3,500,false,-151250.000,-46550.000,-151125.000,-46550.000,-151250.000,-46375.000,-151125.000,-46375.000,土地改良所在図,法第14条1項地図,P-F,2003,6,9,,,
46201-3400-131.zip,N1  53-4,500,false,-151250.000,-46375.000,-151125.000,-46375.000,-151250.000,-46200.000,-151125.000,-46200.000,土地改良所在図,法第14条1項地図,P-F,2003,6,9,,,
46201-3400-131.zip,N1  52-3,500,false,-151250.000,-46900.000,-151125.000,-46900.000,-151250.000,-46725.000,-151125.000,-46725.000,土地改良所在図,法第14条1項地図,P-F,2003,6,9,,,
46201-3400-131.zip,N1  52-1,500,false,-151125.000,-46900.000,-151000.000,-46900.000,-151125.000,-46725.000,-151000.000,-46725.000,土地改良所在図,法第14条1項地図,P-F,2003,6,9,,,
46201-3400-131.zip,W1  12-1,500,false,-151375.000,-46900.000,-151250.000,-46900.000,-151375.000,-46725.000,-151250.000,-46725.000,土地改良所在図,法第14条1項地図,P-F,2003,6,9,,,
46201-3400-131.zip,N1  43-4,500,false,-151000.000,-46375.000,-150875.000,-46375.000,-151000.000,-46200.000,-150875.000,-46200.000,土地改良所在図,法第14条1項地図,P-F,2003,6,9,,,
46201-3400-131.zip,N1  44-3,500,false,-151000.000,-46200.000,-150875.000,-46200.000,-151000.000,-46025.000,-150875.000,-46025.000,土地改良所在図,法第14条1項地図,P-F,2003,6,9,,,
46201-3400-131.zip,N1  53-2,500,false,-151125.000,-46375.000,-151000.000,-46375.000,-151125.000,-46200.000,-151000.000,-46200.000,土地改良所在図,法第14条1項地図,P-F,2003,6,9,,,
46201-3400-131.zip,N1  54-1,500,false,-151125.000,-46200.000,-151000.000,-46200.000,-151125.000,-46025.000,-151000.000,-46025.000,土地改良所在図,法第14条1項地図,P-F,2003,6,9,,,
46201-3400-131.zip,N1  52-2,500,false,-151125.000,-46725.000,-151000.000,-46725.000,-151125.000,-46550.000,-151000.000,-46550.000,土地改良所在図,法第14条1項地図,P-F,2003,6,9,,,
46201-3400-132.zip,E1  53-2,500,false,-146478.752,-39219.512,-146328.751,-39219.512,-146478.753,-39019.511,-146328.752,-39019.512,地籍図,法第14条1項地図,P-F,,,,,,
46201-3400-132.zip,E1  53-1,500,false,-146478.753,-39419.513,-146328.751,-39419.513,-146478.752,-39219.512,-146328.751,-39219.512,地籍図,法第14条1項地図,P-F,,,,,,
46201-3400-132.zip,E1  53-4,500,false,-146628.755,-39219.510,-146478.752,-39219.512,-146628.755,-39019.510,-146478.753,-39019.511,地籍図,法第14条1項地図,P-F,,,,,,
46201-3400-132.zip,E1  53-3,500,false,-146628.756,-39419.511,-146478.753,-39419.513,-146628.755,-39219.510,-146478.752,-39219.512,地籍図,法第14条1項地図,P-F,,,,,,
46201-3400-132.zip,E1  54-3,500,false,-146628.755,-39019.510,-146478.753,-39019.511,-146628.756,-38819.509,-146478.754,-38819.511,地籍図,法第14条1項地図,P-F,,,,,,
46201-3400-132.zip,J1  13-2,500,false,-146778.758,-39219.509,-146628.755,-39219.510,-146778.758,-39019.508,-146628.755,-39019.510,地籍図,法第14条1項地図,P-F,,,,,,
46201-3400-132.zip,J1  14-1,500,false,-146778.758,-39019.508,-146628.755,-39019.510,-146778.757,-38819.508,-146628.756,-38819.509,地籍図,法第14条1項地図,P-F,,,,,,
46201-3400-132.zip,J1  14-2,500,false,-146778.757,-38819.508,-146628.756,-38819.509,-146778.757,-38619.508,-146628.756,-38619.509,地籍図,法第14条1項地図,P-F,,,,,,
46201-3400-132.zip,J1  14-3,500,false,-146928.760,-39019.507,-146778.758,-39019.508,-146928.759,-38819.507,-146778.757,-38819.508,地籍図,法第14条1項地図,P-F,,,,,,
46201-3400-132.zip,J1  14-4,500,false,-146928.759,-38819.507,-146778.757,-38819.508,-146928.759,-38619.507,-146778.757,-38619.508,地籍図,法第14条1項地図,P-F,,,,,,
46201-3400-132.zip,J1  15-3,500,false,-146928.759,-38619.507,-146778.757,-38619.508,-146928.758,-38419.506,-146778.757,-38419.507,地籍図,法第14条1項地図,P-F,,,,,,
46201-3400-132.zip,J1  23-2,500,false,-147078.763,-39219.506,-146928.761,-39219.507,-147078.762,-39019.506,-146928.760,-39019.507,地籍図,法第14条1項地図,P-F,,,,,,
46201-3400-132.zip,J1  23-4,500,false,-147228.766,-39219.504,-147078.763,-39219.506,-147228.765,-39019.504,-147078.762,-39019.506,地籍図,法第14条1項地図,P-F,,,,,,
46201-3400-132.zip,J1  24-1,500,false,-147078.762,-39019.506,-146928.760,-39019.507,-147078.761,-38819.506,-146928.759,-38819.507,地籍図,法第14条1項地図,P-F,,,,,,
46201-3400-132.zip,J1  24-2,500,false,-147078.761,-38819.506,-146928.759,-38819.507,-147078.760,-38619.505,-146928.759,-38619.507,地籍図,法第14条1項地図,P-F,,,,,,
46201-3400-132.zip,J1  24-3,500,false,-147228.765,-39019.504,-147078.762,-39019.506,-147228.763,-38819.504,-147078.761,-38819.506,地籍図,法第14条1項地図,P-F,,,,,,
46201-3400-132.zip,J1  24-4,500,false,-147228.763,-38819.504,-147078.761,-38819.506,-147228.762,-38619.504,-147078.760,-38619.505,地籍図,法第14条1項地図,P-F,,,,,,
46201-3400-132.zip,J1  25-1,500,false,-147078.760,-38619.505,-146928.759,-38619.507,-147078.759,-38419.505,-146928.758,-38419.506,地籍図,法第14条1項地図,P-F,,,,,,
46201-3400-132.zip,J1  33-2,500,false,-147378.769,-39219.503,-147228.766,-39219.504,-147378.767,-39019.503,-147228.765,-39019.504,地籍図,法第14条1項地図,P-F,,,,,,
46201-3400-132.zip,J1  33-3,500,false,-147528.775,-39419.501,-147378.770,-39419.504,-147528.774,-39219.500,-147378.769,-39219.503,地籍図,法第14条1項地図,P-F,,,,,,
46201-3400-132.zip,J1  33-4,500,false,-147528.774,-39219.500,-147378.769,-39219.503,-147528.773,-39019.500,-147378.767,-39019.503,地籍図,法第14条1項地図,P-F,,,,,,
46201-3400-132.zip,J1  34-1,500,false,-147378.767,-39019.503,-147228.765,-39019.504,-147378.765,-38819.503,-147228.763,-38819.504,地籍図,法第14条1項地図,P-F,,,,,,
46201-3400-132.zip,J1  34-3,500,false,-147528.773,-39019.500,-147378.767,-39019.503,-147528.771,-38819.500,-147378.765,-38819.503,地籍図,法第14条1項地図,P-F,,,,,,
46201-3400-132.zip,J1  43-2,500,false,-147678.779,-39219.497,-147528.774,-39219.500,-147678.779,-39019.496,-147528.773,-39019.500,地籍図,法第14条1項地図,P-F,,,,,,
46201-3400-133.zip,Z   34,1000,false,-144528.753,-41019.539,-144228.753,-41019.542,-144528.753,-40619.533,-144228.754,-40619.535,地籍図,法第14条1項地図,P-F,,,,,,
46201-3400-133.zip,Z   35,1000,false,-144528.753,-40619.533,-144228.754,-40619.535,-144528.751,-40219.526,-144228.752,-40219.529,地籍図,法第14条1項地図,P-F,,,,,,
46201-3400-133.zip,Z   25,1000,false,-144228.754,-40619.535,-143928.755,-40619.537,-144228.752,-40219.529,-143928.753,-40219.533,地籍図,法第14条1項地図,P-F,,,,,,
46201-3400-133.zip,Z   43,1000,false,-144828.757,-41419.543,-144528.754,-41419.545,-144828.755,-41019.537,-144528.753,-41019.539,地籍図,法第14条1項地図,P-F,,,,,,
46201-3400-133.zip,Z   44,1000,false,-144828.755,-41019.537,-144528.753,-41019.539,-144828.753,-40619.531,-144528.753,-40619.533,地籍図,法第14条1項地図,P-F,,,,,,
46201-3400-133.zip,Z   45,1000,false,-144828.753,-40619.531,-144528.753,-40619.533,-144828.751,-40219.525,-144528.751,-40219.526,地籍図,法第14条1項地図,P-F,,,,,,
46201-3400-133.zip,Z   53,1000,false,-145128.759,-41419.541,-144828.757,-41419.543,-145128.756,-41019.535,-144828.755,-41019.537,地籍図,法第14条1項地図,P-F,,,,,,
46201-3400-133.zip,Z   54,1000,false,-145128.756,-41019.535,-144828.755,-41019.537,-145128.753,-40619.530,-144828.753,-40619.531,地籍図,法第14条1項地図,P-F,,,,,,
46201-3400-133.zip,Z   55,1000,false,-145128.753,-40619.530,-144828.753,-40619.531,-145128.751,-40219.524,-144828.751,-40219.525,地籍図,法第14条1項地図,P-F,,,,,,
46201-3400-133.zip,A1  21,1000,false,-144228.752,-40219.529,-143928.753,-40219.533,-144228.749,-39819.524,-143928.750,-39819.529,地籍図,法第14条1項地図,P-F,,,,,,
46201-3400-133.zip,A1  31,1000,false,-144528.751,-40219.526,-144228.752,-40219.529,-144528.749,-39819.519,-144228.749,-39819.524,地籍図,法第14条1項地図,P-F,,,,,,
46201-3400-133.zip,A1  32,1000,false,-144528.749,-39819.519,-144228.749,-39819.524,-144528.747,-39419.513,-144228.747,-39419.519,地籍図,法第14条1項地図,P-F,,,,,,
46201-3400-133.zip,A1  41,1000,false,-144828.751,-40219.525,-144528.751,-40219.526,-144828.748,-39819.518,-144528.749,-39819.519,地籍図,法第14条1項地図,P-F,,,,,,
46201-3400-133.zip,A1  42,1000,false,-144828.748,-39819.518,-144528.749,-39819.519,-144828.746,-39419.512,-144528.747,-39419.513,地籍図,法第14条1項地図,P-F,,,,,,
46201-3400-133.zip,A1  43,1000,false,-144828.746,-39419.512,-144528.747,-39419.513,-144828.748,-39019.512,-144528.749,-39019.513,地籍図,法第14条1項地図,P-F,,,,,,
46201-3400-133.zip,A1  44,1000,false,-144828.748,-39019.512,-144528.749,-39019.513,-144828.752,-38619.515,-144528.752,-38619.517,地籍図,法第14条1項地図,P-F,,,,,,
46201-3400-133.zip,A1  51,1000,false,-145128.751,-40219.524,-144828.751,-40219.525,-145128.748,-39819.519,-144828.748,-39819.518,地籍図,法第14条1項地図,P-F,,,,,,
46201-3400-133.zip,A1  52,1000,false,-145128.748,-39819.519,-144828.748,-39819.518,-145128.746,-39419.513,-144828.746,-39419.512,地籍図,法第14条1項地図,P-F,,,,,,
46201-3400-133.zip,A1  53,1000,false,-145128.746,-39419.513,-144828.746,-39419.512,-145128.747,-39019.513,-144828.748,-39019.512,地籍図,法第14条1項地図,P-F,,,,,,
46201-3400-133.zip,A1  54,1000,false,-145128.747,-39019.513,-144828.748,-39019.512,-145128.750,-38619.515,-144828.752,-38619.515,地籍図,法第14条1項地図,P-F,,,,,,
46201-3400-133.zip,D1  13,1000,false,-145428.762,-41419.538,-145128.759,-41419.541,-145428.758,-41019.533,-145128.756,-41019.535,地籍図,法第14条1項地図,P-F,,,,,,
46201-3400-133.zip,D1  14,1000,false,-145428.758,-41019.533,-145128.756,-41019.535,-145428.754,-40619.528,-145128.753,-40619.530,地籍図,法第14条1項地図,P-F,,,,,,
46201-3400-133.zip,D1  15,1000,false,-145428.754,-40619.528,-145128.753,-40619.530,-145428.751,-40219.523,-145128.751,-40219.524,地籍図,法第14条1項地図,P-F,,,,,,
46201-3400-133.zip,D1  23,1000,false,-145728.765,-41419.536,-145428.762,-41419.538,-145728.760,-41019.531,-145428.758,-41019.533,地籍図,法第14条1項地図,P-F,,,,,,
46201-3400-133.zip,D1  24,1000,false,-145728.760,-41019.531,-145428.758,-41019.533,-145728.756,-40619.526,-145428.754,-40619.528,地籍図,法第14条1項地図,P-F,,,,,,
46201-3400-133.zip,D1  25,1000,false,-145728.756,-40619.526,-145428.754,-40619.528,-145728.753,-40219.522,-145428.751,-40219.523,地籍図,法第14条1項地図,P-F,,,,,,
46201-3400-133.zip,E1  11,1000,false,-145428.751,-40219.523,-145128.751,-40219.524,-145428.748,-39819.519,-145128.748,-39819.519,地籍図,法第14条1項地図,P-F,,,,,,
46201-3400-133.zip,E1  12,1000,false,-145428.748,-39819.519,-145128.748,-39819.519,-145428.745,-39419.515,-145128.746,-39419.513,地籍図,法第14条1項地図,P-F,,,,,,
46201-3400-133.zip,E1  13,1000,false,-145428.745,-39419.515,-145128.746,-39419.513,-145428.746,-39019.514,-145128.747,-39019.513,地籍図,法第14条1項地図,P-F,,,,,,
46201-3400-133.zip,E1  14,1000,false,-145428.746,-39019.514,-145128.747,-39019.513,-145428.749,-38619.514,-145128.750,-38619.515,地籍図,法第14条1項地図,P-F,,,,,,
46201-3400-133.zip,E1  15,1000,false,-145428.749,-38619.514,-145128.750,-38619.515,-145428.752,-38219.515,-145128.753,-38219.516,地籍図,法第14条1項地図,P-F,,,,,,
46201-3400-133.zip,E1  21,1000,false,-145728.753,-40219.522,-145428.751,-40219.523,-145728.750,-39819.519,-145428.748,-39819.519,地籍図,法第14条1項地図,P-F,,,,,,
46201-3400-133.zip,E1  22,1000,false,-145728.750,-39819.519,-145428.748,-39819.519,-145728.747,-39419.515,-145428.745,-39419.515,地籍図,法第14条1項地図,P-F,,,,,,
46201-3400-133.zip,E1  23,1000,false,-145728.747,-39419.515,-145428.745,-39419.515,-145728.748,-39019.514,-145428.746,-39019.514,地籍図,法第14条1項地図,P-F,,,,,,
46201-3400-133.zip,E1  24,1000,false,-145728.748,-39019.514,-145428.746,-39019.514,-145728.750,-38619.513,-145428.749,-38619.514,地籍図,法第14条1項地図,P-F,,,,,,
46201-3400-133.zip,E1  25,1000,false,-145728.750,-38619.513,-145428.749,-38619.514,-145728.752,-38219.513,-145428.752,-38219.515,地籍図,法第14条1項地図,P-F,,,,,,
46201-3400-133.zip,E1  32,1000,false,-146028.752,-39819.518,-145728.750,-39819.519,-146028.749,-39419.514,-145728.747,-39419.515,地籍図,法第14条1項地図,P-F,,,,,,
46201-3400-133.zip,E1  33,1000,false,-146028.749,-39419.514,-145728.747,-39419.515,-146028.750,-39019.513,-145728.748,-39019.514,地籍図,法第14条1項地図,P-F,,,,,,
46201-3400-133.zip,E1  34,1000,false,-146028.750,-39019.513,-145728.748,-39019.514,-146028.751,-38619.512,-145728.750,-38619.513,地籍図,法第14条1項地図,P-F,,,,,,
46201-3400-133.zip,E1  35,1000,false,-146028.751,-38619.512,-145728.750,-38619.513,-146028.753,-38219.511,-145728.752,-38219.513,地籍図,法第14条1項地図,P-F,,,,,,
46201-3400-133.zip,E1  43,1000,false,-146328.751,-39419.513,-146028.749,-39419.514,-146328.752,-39019.512,-146028.750,-39019.513,地籍図,法第14条1項地図,P-F,,,,,,
46201-3400-133.zip,E1  44,1000,false,-146328.752,-39019.512,-146028.750,-39019.513,-146328.753,-38619.511,-146028.751,-38619.512,地籍図,法第14条1項地図,P-F,,,,,,
46201-3400-133.zip,E1  45,1000,false,-146328.753,-38619.511,-146028.751,-38619.512,-146328.755,-38219.509,-146028.753,-38219.511,地籍図,法第14条1項地図,P-F,,,,,,
46201-3400-134.zip,Z   31,1000,false,-144528.761,-42219.553,-144228.756,-42219.556,-144528.756,-41819.550,-144228.753,-41819.554,地籍図,法第14条1項地図,P-F,,,,,,
46201-3400-134.zip,Z   32,1000,false,-144528.756,-41819.550,-144228.753,-41819.554,-144528.754,-41419.545,-144228.752,-41419.548,地籍図,法第14条1項地図,P-F,,,,,,
46201-3400-134.zip,Z   33,1000,false,-144528.754,-41419.545,-144228.752,-41419.548,-144528.753,-41019.539,-144228.753,-41019.542,地籍図,法第14条1項地図,P-F,,,,,,
46201-3400-134.zip,Z   41,1000,false,-144828.765,-42219.550,-144528.761,-42219.553,-144828.760,-41819.548,-144528.756,-41819.550,地籍図,法第14条1項地図,P-F,,,,,,
46201-3400-134.zip,Z   42,1000,false,-144828.760,-41819.548,-144528.756,-41819.550,-144828.757,-41419.543,-144528.754,-41419.545,地籍図,法第14条1項地図,P-F,,,,,,
46201-3400-134.zip,Z   43,1000,false,-144828.757,-41419.543,-144528.754,-41419.545,-144828.755,-41019.537,-144528.753,-41019.539,地籍図,法第14条1項地図,P-F,,,,,,
46201-3400-134.zip,Z   51,1000,false,-145128.768,-42219.548,-144828.765,-42219.550,-145128.763,-41819.545,-144828.760,-41819.548,地籍図,法第14条1項地図,P-F,,,,,,
46201-3400-134.zip,Z   52,1000,false,-145128.763,-41819.545,-144828.760,-41819.548,-145128.759,-41419.541,-144828.757,-41419.543,地籍図,法第14条1項地図,P-F,,,,,,
46201-3400-134.zip,Z   53,1000,false,-145128.759,-41419.541,-144828.757,-41419.543,-145128.756,-41019.535,-144828.755,-41019.537,地籍図,法第14条1項地図,P-F,,,,,,
46201-3400-134.zip,D1  11,1000,false,-145428.772,-42219.546,-145128.768,-42219.548,-145428.767,-41819.543,-145128.763,-41819.545,地籍図,法第14条1項地図,P-F,,,,,,
46201-3400-134.zip,D1  12,1000,false,-145428.767,-41819.543,-145128.763,-41819.545,-145428.762,-41419.538,-145128.759,-41419.541,地籍図,法第14条1項地図,P-F,,,,,,
46201-3400-134.zip,D1  13,1000,false,-145428.762,-41419.538,-145128.759,-41419.541,-145428.758,-41019.533,-145128.756,-41019.535,地籍図,法第14条1項地図,P-F,,,,,,
46201-3400-134.zip,D1  22,1000,false,-145728.769,-41819.541,-145428.767,-41819.543,-145728.765,-41419.536,-145428.762,-41419.538,地籍図,法第14条1項地図,P-F,,,,,,
46201-3400-134.zip,D1  25,1000,false,-145728.756,-40619.526,-145428.754,-40619.528,-145728.753,-40219.522,-145428.751,-40219.523,地籍図,法第14条1項地図,P-F,,,,,,
46201-3400-134.zip,D1  35,1000,false,-146028.758,-40619.525,-145728.756,-40619.526,-146028.755,-40219.521,-145728.753,-40219.522,地籍図,法第14条1項地図,P-F,,,,,,
46201-3400-134.zip,D1  45,1000,false,-146328.761,-40619.523,-146028.758,-40619.525,-146328.757,-40219.520,-146028.755,-40219.521,地籍図,法第14条1項地図,P-F,,,,,,
46201-3400-134.zip,D1  55,1000,false,-146628.765,-40619.521,-146328.761,-40619.523,-146628.761,-40219.517,-146328.757,-40219.520,地籍図,法第14条1項地図,P-F,,,,,,
46201-3400-134.zip,E1  11,1000,false,-145428.751,-40219.523,-145128.751,-40219.524,-145428.748,-39819.519,-145128.748,-39819.519,地籍図,法第14条1項地図,P-F,,,,,,
46201-3400-134.zip,E1  21,1000,false,-145728.753,-40219.522,-145428.751,-40219.523,-145728.750,-39819.519,-145428.748,-39819.519,地籍図,法第14条1項地図,P-F,,,,,,
46201-3400-134.zip,E1  22,1000,false,-145728.750,-39819.519,-145428.748,-39819.519,-145728.747,-39419.515,-145428.745,-39419.515,地籍図,法第14条1項地図,P-F,,,,,,
46201-3400-134.zip,E1  31,1000,false,-146028.755,-40219.521,-145728.753,-40219.522,-146028.752,-39819.518,-145728.750,-39819.519,地籍図,法第14条1項地図,P-F,,,,,,
46201-3400-134.zip,E1  32,1000,false,-146028.752,-39819.518,-145728.750,-39819.519,-146028.749,-39419.514,-145728.747,-39419.515,地籍図,法第14条1項地図,P-F,,,,,,
46201-3400-134.zip,E1  41,1000,false,-146328.757,-40219.520,-146028.755,-40219.521,-146328.754,-39819.517,-146028.752,-39819.518,地籍図,法第14条1項地図,P-F,,,,,,
46201-3400-134.zip,E1  42,1000,false,-146328.754,-39819.517,-146028.752,-39819.518,-146328.751,-39419.513,-146028.749,-39419.514,地籍図,法第14条1項地図,P-F,,,,,,
46201-3400-134.zip,E1  51,1000,false,-146628.761,-40219.517,-146328.757,-40219.520,-146628.759,-39819.514,-146328.754,-39819.517,地籍図,法第14条1項地図,P-F,,,,,,
46201-3400-135.zip,D1  12-4,500,false,-145428.764,-41619.541,-145278.763,-41619.542,-145428.762,-41419.538,-145278.761,-41419.539,地籍図,法第14条1項地図,P-F,,,,,,
46201-3400-135.zip,D1  13-3,500,false,-145428.762,-41419.538,-145278.761,-41419.539,-145428.760,-41219.536,-145278.759,-41219.537,地籍図,法第14条1項地図,P-F,,,,,,
46201-3400-135.zip,D1  13-4,500,false,-145428.760,-41219.536,-145278.759,-41219.537,-145428.758,-41019.533,-145278.757,-41019.534,地籍図,法第14条1項地図,P-F,,,,,,
46201-3400-135.zip,D1  22-2,500,false,-145578.766,-41619.540,-145428.764,-41619.541,-145578.763,-41419.537,-145428.762,-41419.538,地籍図,法第14条1項地図,P-F,,,,,,
46201-3400-135.zip,D1  22-4,500,false,-145728.767,-41619.539,-145578.766,-41619.540,-145728.765,-41419.536,-145578.763,-41419.537,地籍図,法第14条1項地図,P-F,,,,,,
46201-3400-135.zip,D1  23-1,500,false,-145578.763,-41419.537,-145428.762,-41419.538,-145578.761,-41219.535,-145428.760,-41219.536,地籍図,法第14条1項地図,P-F,,,,,,
46201-3400-135.zip,D1  23-2,500,false,-145578.761,-41219.535,-145428.760,-41219.536,-145578.759,-41019.532,-145428.758,-41019.533,地籍図,法第14条1項地図,P-F,,,,,,
46201-3400-135.zip,D1  23-3,500,false,-145728.765,-41419.536,-145578.763,-41419.537,-145728.762,-41219.534,-145578.761,-41219.535,地籍図,法第14条1項地図,P-F,,,,,,
46201-3400-135.zip,D1  23-4,500,false,-145728.762,-41219.534,-145578.761,-41219.535,-145728.760,-41019.531,-145578.759,-41019.532,地籍図,法第14条1項地図,P-F,,,,,,
46201-3400-135.zip,D1  24-1,500,false,-145578.759,-41019.532,-145428.758,-41019.533,-145578.757,-40819.530,-145428.756,-40819.531,地籍図,法第14条1項地図,P-F,,,,,,
46201-3400-135.zip,D1  24-2,500,false,-145578.757,-40819.530,-145428.756,-40819.531,-145578.755,-40619.527,-145428.754,-40619.528,地籍図,法第14条1項地図,P-F,,,,,,
46201-3400-135.zip,D1  24-3,500,false,-145728.760,-41019.531,-145578.759,-41019.532,-145728.758,-40819.529,-145578.757,-40819.530,地籍図,法第14条1項地図,P-F,,,,,,
46201-3400-135.zip,D1  24-4,500,false,-145728.758,-40819.529,-145578.757,-40819.530,-145728.756,-40619.526,-145578.755,-40619.527,地籍図,法第14条1項地図,P-F,,,,,,
46201-3400-135.zip,D1  25-3,500,false,-145728.756,-40619.526,-145578.755,-40619.527,-145728.754,-40419.524,-145578.753,-40419.525,地籍図,法第14条1項地図,P-F,,,,,,
46201-3400-135.zip,D1  25-4,500,false,-145728.754,-40419.524,-145578.753,-40419.525,-145728.753,-40219.522,-145578.751,-40219.523,地籍図,法第14条1項地図,P-F,,,,,,
46201-3400-135.zip,D1  32-2,500,false,-145878.768,-41619.538,-145728.767,-41619.539,-145878.766,-41419.535,-145728.765,-41419.536,地籍図,法第14条1項地図,P-F,,,,,,
46201-3400-135.zip,D1  32-4,500,false,-146028.769,-41619.537,-145878.768,-41619.538,-146028.767,-41419.534,-145878.766,-41419.535,地籍図,法第14条1項地図,P-F,,,,,,
46201-3400-135.zip,D1  33-1,500,false,-145878.766,-41419.535,-145728.765,-41419.536,-145878.764,-41219.533,-145728.762,-41219.534,地籍図,法第14条1項地図,P-F,,,,,,
46201-3400-135.zip,D1  33-2,500,false,-145878.764,-41219.533,-145728.762,-41219.534,-145878.761,-41019.530,-145728.760,-41019.531,地籍図,法第14条1項地図,P-F,,,,,,
46201-3400-135.zip,D1  33-3,500,false,-146028.767,-41419.534,-145878.766,-41419.535,-146028.765,-41219.532,-145878.764,-41219.533,地籍図,法第14条1項地図,P-F,,,,,,
46201-3400-135.zip,D1  33-4,500,false,-146028.765,-41219.532,-145878.764,-41219.533,-146028.763,-41019.530,-145878.761,-41019.530,地籍図,法第14条1項地図,P-F,,,,,,
46201-3400-135.zip,D1  34-1,500,false,-145878.761,-41019.530,-145728.760,-41019.531,-145878.759,-40819.528,-145728.758,-40819.529,地籍図,法第14条1項地図,P-F,,,,,,
46201-3400-135.zip,D1  34-2,500,false,-145878.759,-40819.528,-145728.758,-40819.529,-145878.757,-40619.526,-145728.756,-40619.526,地籍図,法第14条1項地図,P-F,,,,,,
46201-3400-135.zip,D1  34-3,500,false,-146028.763,-41019.530,-145878.761,-41019.530,-146028.760,-40819.527,-145878.759,-40819.528,地籍図,法第14条1項地図,P-F,,,,,,
46201-3400-135.zip,D1  34-4,500,false,-146028.760,-40819.527,-145878.759,-40819.528,-146028.758,-40619.525,-145878.757,-40619.526,地籍図,法第14条1項地図,P-F,,,,,,
46201-3400-135.zip,D1  35-1,500,false,-145878.757,-40619.526,-145728.756,-40619.526,-145878.755,-40419.523,-145728.754,-40419.524,地籍図,法第14条1項地図,P-F,,,,,,
46201-3400-135.zip,D1  35-2,500,false,-145878.755,-40419.523,-145728.754,-40419.524,-145878.754,-40219.522,-145728.753,-40219.522,地籍図,法第14条1項地図,P-F,,,,,,
46201-3400-135.zip,D1  35-3,500,false,-146028.758,-40619.525,-145878.757,-40619.526,-146028.756,-40419.523,-145878.755,-40419.523,地籍図,法第14条1項地図,P-F,,,,,,
46201-3400-135.zip,D1  35-4,500,false,-146028.756,-40419.523,-145878.755,-40419.523,-146028.755,-40219.521,-145878.754,-40219.522,地籍図,法第14条1項地図,P-F,,,,,,
46201-3400-135.zip,D1  42-2,500,false,-146178.770,-41619.536,-146028.769,-41619.537,-146178.768,-41419.533,-146028.767,-41419.534,地籍図,法第14条1項地図,P-F,,,,,,
46201-3400-135.zip,D1  42-4,500,false,-146328.772,-41619.535,-146178.770,-41619.536,-146328.770,-41419.533,-146178.768,-41419.533,地籍図,法第14条1項地図,P-F,,,,,,
46201-3400-135.zip,D1  43-1,500,false,-146178.768,-41419.533,-146028.767,-41419.534,-146178.766,-41219.531,-146028.765,-41219.532,地籍図,法第14条1項地図,P-F,,,,,,
46201-3400-135.zip,D1  43-2,500,false,-146178.766,-41219.531,-146028.765,-41219.532,-146178.764,-41019.529,-146028.763,-41019.530,地籍図,法第14条1項地図,P-F,,,,,,
46201-3400-135.zip,D1  43-3,500,false,-146328.770,-41419.533,-146178.768,-41419.533,-146328.767,-41219.530,-146178.766,-41219.531,地籍図,法第14条1項地図,P-F,,,,,,
46201-3400-135.zip,D1  43-4,500,false,-146328.767,-41219.530,-146178.766,-41219.531,-146328.765,-41019.528,-146178.764,-41019.529,地籍図,法第14条1項地図,P-F,,,,,,
46201-3400-135.zip,D1  44-1,500,false,-146178.764,-41019.529,-146028.763,-41019.530,-146178.762,-40819.526,-146028.760,-40819.527,地籍図,法第14条1項地図,P-F,,,,,,
46201-3400-135.zip,D1  44-2,500,false,-146178.762,-40819.526,-146028.760,-40819.527,-146178.760,-40619.524,-146028.758,-40619.525,地籍図,法第14条1項地図,P-F,,,,,,
46201-3400-135.zip,D1  44-3,500,false,-146328.765,-41019.528,-146178.764,-41019.529,-146328.763,-40819.526,-146178.762,-40819.526,地籍図,法第14条1項地図,P-F,,,,,,
46201-3400-135.zip,D1  44-4,500,false,-146328.763,-40819.526,-146178.762,-40819.526,-146328.761,-40619.523,-146178.760,-40619.524,地籍図,法第14条1項地図,P-F,,,,,,
46201-3400-135.zip,D1  45-1,500,false,-146178.760,-40619.524,-146028.758,-40619.525,-146178.758,-40419.522,-146028.756,-40419.523,地籍図,法第14条1項地図,P-F,,,,,,
46201-3400-135.zip,D1  45-2,500,false,-146178.758,-40419.522,-146028.756,-40419.523,-146178.756,-40219.520,-146028.755,-40219.521,地籍図,法第14条1項地図,P-F,,,,,,
46201-3400-135.zip,D1  45-3,500,false,-146328.761,-40619.523,-146178.760,-40619.524,-146328.759,-40419.521,-146178.758,-40419.522,地籍図,法第14条1項地図,P-F,,,,,,
46201-3400-135.zip,D1  45-4,500,false,-146328.759,-40419.521,-146178.758,-40419.522,-146328.757,-40219.520,-146178.756,-40219.520,地籍図,法第14条1項地図,P-F,,,,,,
46201-3400-135.zip,D1  53-1,500,false,-146478.771,-41419.531,-146328.770,-41419.533,-146478.769,-41219.529,-146328.767,-41219.530,地籍図,法第14条1項地図,P-F,,,,,,
46201-3400-135.zip,D1  53-2,500,false,-146478.769,-41219.529,-146328.767,-41219.530,-146478.766,-41019.527,-146328.765,-41019.528,地籍図,法第14条1項地図,P-F,,,,,,
46201-3400-135.zip,D1  53-3,500,false,-146628.772,-41419.530,-146478.771,-41419.531,-146628.770,-41219.528,-146478.769,-41219.529,地籍図,法第14条1項地図,P-F,,,,,,
46201-3400-135.zip,D1  53-4,500,false,-146628.770,-41219.528,-146478.769,-41219.529,-146628.768,-41019.525,-146478.766,-41019.527,地籍図,法第14条1項地図,P-F,,,,,,
46201-3400-135.zip,D1  54-1,500,false,-146478.766,-41019.527,-146328.765,-41019.528,-146478.764,-40819.525,-146328.763,-40819.526,地籍図,法第14条1項地図,P-F,,,,,,
46201-3400-135.zip,D1  54-2,500,false,-146478.764,-40819.525,-146328.763,-40819.526,-146478.762,-40619.522,-146328.761,-40619.523,地籍図,法第14条1項地図,P-F,,,,,,
46201-3400-135.zip,D1  54-3,500,false,-146628.768,-41019.525,-146478.766,-41019.527,-146628.766,-40819.523,-146478.764,-40819.525,地籍図,法第14条1項地図,P-F,,,,,,
46201-3400-135.zip,D1  54-4,500,false,-146628.766,-40819.523,-146478.764,-40819.525,-146628.765,-40619.521,-146478.762,-40619.522,地籍図,法第14条1項地図,P-F,,,,,,
46201-3400-135.zip,E1  31-3,500,false,-146028.755,-40219.521,-145878.754,-40219.522,-146028.753,-40019.519,-145878.752,-40019.520,地籍図,法第14条1項地図,P-F,,,,,,
46201-3400-135.zip,E1  31-4,500,false,-146028.753,-40019.519,-145878.752,-40019.520,-146028.752,-39819.518,-145878.751,-39819.518,地籍図,法第14条1項地図,P-F,,,,,,
46201-3400-135.zip,E1  41-1,500,false,-146178.756,-40219.520,-146028.755,-40219.521,-146178.755,-40019.519,-146028.753,-40019.519,地籍図,法第14条1項地図,P-F,,,,,,
46201-3400-135.zip,E1  41-2,500,false,-146178.755,-40019.519,-146028.753,-40019.519,-146178.753,-39819.517,-146028.752,-39819.518,地籍図,法第14条1項地図,P-F,,,,,,
46201-3400-135.zip,E1  41-3,500,false,-146328.757,-40219.520,-146178.756,-40219.520,-146328.756,-40019.518,-146178.755,-40019.519,地籍図,法第14条1項地図,P-F,,,,,,
46201-3400-135.zip,E1  41-4,500,false,-146328.756,-40019.518,-146178.755,-40019.519,-146328.754,-39819.517,-146178.753,-39819.517,地籍図,法第14条1項地図,P-F,,,,,,
46201-3400-135.zip,E1  51-1,500,false,-146478.759,-40219.519,-146328.757,-40219.520,-146478.757,-40019.517,-146328.756,-40019.518,地籍図,法第14条1項地図,P-F,,,,,,
46201-3400-135.zip,E1  51-2,500,false,-146478.757,-40019.517,-146328.756,-40019.518,-146478.756,-39819.516,-146328.754,-39819.517,地籍図,法第14条1項地図,P-F,,,,,,
46201-3400-135.zip,H1  13-1,500,false,-146778.773,-41419.529,-146628.772,-41419.530,-146778.772,-41219.526,-146628.770,-41219.528,地籍図,法第14条1項地図,P-F,,,,,,
46201-3400-135.zip,H1  13-2,500,false,-146778.772,-41219.526,-146628.770,-41219.528,-146778.770,-41019.524,-146628.768,-41019.525,地籍図,法第14条1項地図,P-F,,,,,,
46201-3400-135.zip,H1  13-4,500,false,-146928.773,-41219.525,-146778.772,-41219.526,-146928.772,-41019.522,-146778.770,-41019.524,地籍図,法第14条1項地図,P-F,,,,,,
46201-3400-135.zip,H1  14-1,500,false,-146778.770,-41019.524,-146628.768,-41019.525,-146778.769,-40819.522,-146628.766,-40819.523,地籍図,法第14条1項地図,P-F,,,,,,
46201-3400-135.zip,H1  14-2,500,false,-146778.769,-40819.522,-146628.766,-40819.523,-146778.767,-40619.519,-146628.765,-40619.521,地籍図,法第14条1項地図,P-F,,,,,,
46201-3400-136.zip,E1  51,1000,false,-146628.761,-40219.517,-146328.757,-40219.520,-146628.759,-39819.514,-146328.754,-39819.517,地籍図,法第14条1項地図,P-F,,,,,,
46201-3400-136.zip,H1  15,1000,false,-146928.769,-40619.518,-146628.765,-40619.521,-146928.767,-40219.514,-146628.761,-40219.517,地籍図,法第14条1項地図,P-F,,,,,,
46201-3400-136.zip,H1  25,1000,false,-147228.774,-40619.515,-146928.769,-40619.518,-147228.772,-40219.511,-146928.767,-40219.514,地籍図,法第14条1項地図,P-F,,,,,,
46201-3400-136.zip,J1  11,1000,false,-146928.767,-40219.514,-146628.761,-40219.517,-146928.764,-39819.511,-146628.759,-39819.514,地籍図,法第14条1項地図,P-F,,,,,,
46201-3400-136.zip,J1  21,1000,false,-147228.772,-40219.511,-146928.767,-40219.514,-147228.770,-39819.508,-146928.764,-39819.511,地籍図,法第14条1項地図,P-F,,,,,,
46201-3400-136.zip,J1  22,1000,false,-147228.770,-39819.508,-146928.764,-39819.511,-147228.767,-39419.505,-146928.762,-39419.508,地籍図,法第14条1項地図,P-F,,,,,,
46201-3400-136.zip,J1  31,1000,false,-147528.778,-40219.507,-147228.772,-40219.511,-147528.777,-39819.504,-147228.770,-39819.508,地籍図,法第14条1項地図,P-F,,,,,,
46201-3400-136.zip,J1  32,1000,false,-147528.777,-39819.504,-147228.770,-39819.508,-147528.775,-39419.501,-147228.767,-39419.505,地籍図,法第14条1項地図,P-F,,,,,,
46201-3400-136.zip,J1  41,1000,false,-147828.787,-40219.502,-147528.778,-40219.507,-147828.786,-39819.498,-147528.777,-39819.504,地籍図,法第14条1項地図,P-F,,,,,,
46201-3400-136.zip,J1  42,1000,false,-147828.786,-39819.498,-147528.777,-39819.504,-147828.785,-39419.495,-147528.775,-39419.501,地籍図,法第14条1項地図,P-F,,,,,,
46201-3400-137.zip,A1  55,1000,false,-145128.750,-38619.515,-144828.752,-38619.515,-145128.753,-38219.516,-144828.755,-38219.517,地籍図,法第14条1項地図,P-F,,,,,,
46201-3400-137.zip,M1  51,1000,false,-145128.753,-38219.516,-144828.755,-38219.517,-145128.754,-37819.519,-144828.757,-37819.520,地籍図,法第14条1項地図,P-F,,,,,,
46201-3400-137.zip,E1  15,1000,false,-145428.749,-38619.514,-145128.750,-38619.515,-145428.752,-38219.515,-145128.753,-38219.516,地籍図,法第14条1項地図,P-F,,,,,,
46201-3400-137.zip,E1  25,1000,false,-145728.750,-38619.513,-145428.749,-38619.514,-145728.752,-38219.513,-145428.752,-38219.515,地籍図,法第14条1項地図,P-F,,,,,,
46201-3400-137.zip,E1  32,1000,false,-146028.752,-39819.518,-145728.750,-39819.519,-146028.749,-39419.514,-145728.747,-39419.515,地籍図,法第14条1項地図,P-F,,,,,,
46201-3400-137.zip,E1  33,1000,false,-146028.749,-39419.514,-145728.747,-39419.515,-146028.750,-39019.513,-145728.748,-39019.514,地籍図,法第14条1項地図,P-F,,,,,,
46201-3400-137.zip,E1  35,1000,false,-146028.751,-38619.512,-145728.750,-38619.513,-146028.753,-38219.511,-145728.752,-38219.513,地籍図,法第14条1項地図,P-F,,,,,,
46201-3400-137.zip,E1  41,1000,false,-146328.757,-40219.520,-146028.755,-40219.521,-146328.754,-39819.517,-146028.752,-39819.518,地籍図,法第14条1項地図,P-F,,,,,,
46201-3400-137.zip,E1  42,1000,false,-146328.754,-39819.517,-146028.752,-39819.518,-146328.751,-39419.513,-146028.749,-39419.514,地籍図,法第14条1項地図,P-F,,,,,,
46201-3400-137.zip,E1  43,1000,false,-146328.751,-39419.513,-146028.749,-39419.514,-146328.752,-39019.512,-146028.750,-39019.513,地籍図,法第14条1項地図,P-F,,,,,,
46201-3400-137.zip,E1  44,1000,false,-146328.752,-39019.512,-146028.750,-39019.513,-146328.753,-38619.511,-146028.751,-38619.512,地籍図,法第14条1項地図,P-F,,,,,,
46201-3400-137.zip,E1  45,1000,false,-146328.753,-38619.511,-146028.751,-38619.512,-146328.755,-38219.509,-146028.753,-38219.511,地籍図,法第14条1項地図,P-F,,,,,,
46201-3400-137.zip,E1  51,1000,false,-146628.761,-40219.517,-146328.757,-40219.520,-146628.759,-39819.514,-146328.754,-39819.517,地籍図,法第14条1項地図,P-F,,,,,,
46201-3400-137.zip,E1  52,1000,false,-146628.759,-39819.514,-146328.754,-39819.517,-146628.756,-39419.511,-146328.751,-39419.513,地籍図,法第14条1項地図,P-F,,,,,,
46201-3400-137.zip,E1  53,1000,false,-146628.756,-39419.511,-146328.751,-39419.513,-146628.755,-39019.510,-146328.752,-39019.512,地籍図,法第14条1項地図,P-F,,,,,,
46201-3400-137.zip,E1  54,1000,false,-146628.755,-39019.510,-146328.752,-39019.512,-146628.756,-38619.509,-146328.753,-38619.511,地籍図,法第14条1項地図,P-F,,,,,,
46201-3400-137.zip,E1  55,1000,false,-146628.756,-38619.509,-146328.753,-38619.511,-146628.756,-38219.508,-146328.755,-38219.509,地籍図,法第14条1項地図,P-F,,,,,,
46201-3400-137.zip,F1  11,1000,false,-145428.752,-38219.515,-145128.753,-38219.516,-145428.752,-37819.517,-145128.754,-37819.519,地籍図,法第14条1項地図,P-F,,,,,,
46201-3400-137.zip,F1  12,1000,false,-145428.752,-37819.517,-145128.754,-37819.519,-145428.752,-37419.521,-145128.755,-37419.522,地籍図,法第14条1項地図,P-F,,,,,,
46201-3400-137.zip,F1  21,1000,false,-145728.752,-38219.513,-145428.752,-38219.515,-145728.752,-37819.515,-145428.752,-37819.517,地籍図,法第14条1項地図,P-F,,,,,,
46201-3400-137.zip,F1  22,1000,false,-145728.752,-37819.515,-145428.752,-37819.517,-145728.751,-37419.518,-145428.752,-37419.521,地籍図,法第14条1項地図,P-F,,,,,,
46201-3400-137.zip,F1  31,1000,false,-146028.753,-38219.511,-145728.752,-38219.513,-146028.753,-37819.513,-145728.752,-37819.515,地籍図,法第14条1項地図,P-F,,,,,,
46201-3400-137.zip,F1  32,1000,false,-146028.753,-37819.513,-145728.752,-37819.515,-146028.752,-37419.516,-145728.751,-37419.518,地籍図,法第14条1項地図,P-F,,,,,,
46201-3400-137.zip,F1  41,1000,false,-146328.755,-38219.509,-146028.753,-38219.511,-146328.754,-37819.511,-146028.753,-37819.513,地籍図,法第14条1項地図,P-F,,,,,,
46201-3400-137.zip,F1  51,1000,false,-146628.756,-38219.508,-146328.755,-38219.509,-146628.756,-37819.508,-146328.754,-37819.511,地籍図,法第14条1項地図,P-F,,,,,,
46201-3400-137.zip,F1  52,1000,false,-146628.756,-37819.508,-146328.754,-37819.511,-146628.756,-37419.509,-146328.753,-37419.513,地籍図,法第14条1項地図,P-F,,,,,,
46201-3400-137.zip,J1  11,1000,false,-146928.767,-40219.514,-146628.761,-40219.517,-146928.764,-39819.511,-146628.759,-39819.514,地籍図,法第14条1項地図,P-F,,,,,,
46201-3400-137.zip,J1  12,1000,false,-146928.764,-39819.511,-146628.759,-39819.514,-146928.762,-39419.508,-146628.756,-39419.511,地籍図,法第14条1項地図,P-F,,,,,,
46201-3400-137.zip,J1  14,1000,false,-146928.760,-39019.507,-146628.755,-39019.510,-146928.759,-38619.507,-146628.756,-38619.509,地籍図,法第14条1項地図,P-F,,,,,,
46201-3400-137.zip,J1  15,1000,false,-146928.759,-38619.507,-146628.756,-38619.509,-146928.757,-38219.506,-146628.756,-38219.508,地籍図,法第14条1項地図,P-F,,,,,,
46201-3400-137.zip,J1  24,1000,false,-147228.765,-39019.504,-146928.760,-39019.507,-147228.762,-38619.504,-146928.759,-38619.507,地籍図,法第14条1項地図,P-F,,,,,,
46201-3400-137.zip,J1  25,1000,false,-147228.762,-38619.504,-146928.759,-38619.507,-147228.759,-38219.504,-146928.757,-38219.506,地籍図,法第14条1項地図,P-F,,,,,,
46201-3400-137.zip,J1  35,1000,false,-147528.770,-38619.499,-147228.762,-38619.504,-147528.767,-38219.499,-147228.759,-38219.504,地籍図,法第14条1項地図,P-F,,,,,,
46201-3400-137.zip,J1  44,1000,false,-147828.784,-39019.493,-147528.773,-39019.500,-147828.784,-38619.491,-147528.770,-38619.499,地籍図,法第14条1項地図,P-F,,,,,,
46201-3400-137.zip,J1  45,1000,false,-147828.784,-38619.491,-147528.770,-38619.499,-147828.783,-38219.490,-147528.767,-38219.499,地籍図,法第14条1項地図,P-F,,,,,,
46201-3400-137.zip,J1  54,1000,false,-148128.796,-39019.486,-147828.784,-39019.493,-148128.797,-38619.483,-147828.784,-38619.491,地籍図,法第14条1項地図,P-F,,,,,,
46201-3400-137.zip,J1  55,1000,false,-148128.797,-38619.483,-147828.784,-38619.491,-148128.798,-38219.481,-147828.783,-38219.490,地籍図,法第14条1項地図,P-F,,,,,,
46201-3400-137.zip,L1  15,1000,false,-148428.812,-38619.474,-148128.797,-38619.483,-148428.815,-38219.471,-148128.798,-38219.481,地籍図,法第14条1項地図,P-F,,,,,,
46201-3400-137.zip,K1  11,1000,false,-146928.757,-38219.506,-146628.756,-38219.508,-146928.759,-37819.505,-146628.756,-37819.508,地籍図,法第14条1項地図,P-F,,,,,,
46201-3400-137.zip,K1  12,1000,false,-146928.759,-37819.505,-146628.756,-37819.508,-146928.761,-37419.505,-146628.756,-37419.509,地籍図,法第14条1項地図,P-F,,,,,,
46201-3400-137.zip,K1  21,1000,false,-147228.759,-38219.504,-146928.757,-38219.506,-147228.762,-37819.503,-146928.759,-37819.505,地籍図,法第14条1項地図,P-F,,,,,,
46201-3400-137.zip,K1  31,1000,false,-147528.767,-38219.499,-147228.759,-38219.504,-147528.770,-37819.497,-147228.762,-37819.503,地籍図,法第14条1項地図,P-F,,,,,,
46201-3400-137.zip,K1  41,1000,false,-147828.783,-38219.490,-147528.767,-38219.499,-147828.785,-37819.488,-147528.770,-37819.497,地籍図,法第14条1項地図,P-F,,,,,,
46201-3400-137.zip,K1  51,1000,false,-148128.798,-38219.481,-147828.783,-38219.490,-148128.801,-37819.478,-147828.785,-37819.488,地籍図,法第14条1項地図,P-F,,,,,,
46201-3400-137.zip,J1  34,1000,false,-147528.773,-39019.500,-147228.765,-39019.504,-147528.770,-38619.499,-147228.762,-38619.504,地籍図,法第14条1項地図,P-F,,,,,,
46201-3400-138.zip,Z   31,1000,false,-144528.761,-42219.553,-144228.756,-42219.556,-144528.756,-41819.550,-144228.753,-41819.554,土地改良所在図,法第14条1項地図,P-F,,,,,,
46201-3400-138.zip,Z   32,1000,false,-144528.756,-41819.550,-144228.753,-41819.554,-144528.754,-41419.545,-144228.752,-41419.548,土地改良所在図,法第14条1項地図,P-F,,,,,,
46201-3400-138.zip,Z   41,1000,false,-144828.765,-42219.550,-144528.761,-42219.553,-144828.760,-41819.548,-144528.756,-41819.550,土地改良所在図,法第14条1項地図,P-F,,,,,,
46201-3400-138.zip,Z   42,1000,false,-144828.760,-41819.548,-144528.756,-41819.550,-144828.757,-41419.543,-144528.754,-41419.545,土地改良所在図,法第14条1項地図,P-F,,,,,,
46201-3400-139.zip,J1  51-1,500,false,-147978.791,-40219.499,-147828.787,-40219.502,-147978.791,-40019.497,-147828.786,-40019.500,土地改良所在図,法第14条1項地図,P-F,,,,,,
46201-3400-139.zip,J1  51-2,500,false,-147978.791,-40019.497,-147828.786,-40019.500,-147978.791,-39819.496,-147828.786,-39819.498,土地改良所在図,法第14条1項地図,P-F,,,,,,
46201-3400-139.zip,J1  52-1,500,false,-147978.791,-39819.496,-147828.786,-39819.498,-147978.790,-39619.494,-147828.786,-39619.497,土地改良所在図,法第14条1項地図,P-F,,,,,,
46201-3400-139.zip,J1  52-2,500,false,-147978.790,-39619.494,-147828.786,-39619.497,-147978.790,-39419.492,-147828.785,-39419.495,土地改良所在図,法第14条1項地図,P-F,,,,,,
46201-3400-14.zip,077-138,,true,1127.460,406.784,861.522,451.742,1072.825,84.800,806.886,129.835,旧土地台帳附属地図,地図に準ずる図面,P-F,,,,,,
46201-3400-14.zip,077-139,,true,737.025,107.838,1006.545,117.706,725.024,434.279,994.772,444.033,旧土地台帳附属地図,地図に準ずる図面,P-F,,,,,,
46201-3400-14.zip,077-140,,true,624.130,94.940,893.879,94.750,624.549,421.610,894.260,421.305,旧土地台帳附属地図,地図に準ずる図面,P-F,,,,,,
46201-3400-14.zip,077-141,,true,575.393,16.212,806.279,155.353,406.686,295.904,637.839,435.160,旧土地台帳附属地図,地図に準ずる図面,P-F,,,,,,
46201-3400-14.zip,077-142,,true,798.291,223.689,782.060,492.828,472.192,204.258,456.114,473.359,旧土地台帳附属地図,地図に準ずる図面,P-F,,,,,,
46201-3400-14.zip,077-143,,true,393.993,441.605,634.252,319.228,542.279,732.728,782.652,610.046,旧土地台帳附属地図,地図に準ずる図面,P-F,,,,,,
46201-3400-14.zip,077-144,,true,1005.109,663.243,736.008,681.493,982.782,337.373,713.758,355.699,旧土地台帳附属地図,地図に準ずる図面,P-F,,,,,,
46201-3400-14.zip,077-145,,true,608.848,553.614,878.330,563.596,596.618,880.055,866.329,889.923,旧土地台帳附属地図,地図に準ずる図面,P-F,,,,,,
46201-3400-14.zip,077-146,,true,782.329,1064.758,615.641,852.769,1038.933,862.599,872.169,650.801,旧土地台帳附属地図,地図に準ずる図面,P-F,,,,,,
46201-3400-14.zip,077-147,,true,802.355,882.387,542.969,956.149,713.124,568.214,453.549,642.090,旧土地台帳附属地図,地図に準ずる図面,P-F,,,,,,
46201-3400-14.zip,077-148,,true,392.173,772.740,394.878,502.954,718.843,775.750,721.395,506.040,旧土地台帳附属地図,地図に準ずる図面,P-F,,,,,,
46201-3400-14.zip,077-149,,true,690.199,796.238,503.547,990.816,454.589,570.038,267.822,764.806,旧土地台帳附属地図,地図に準ずる図面,P-F,,,,,,
46201-3400-14.zip,077-150,,true,298.088,837.248,567.036,818.122,321.138,1163.118,590.392,1143.840,旧土地台帳附属地図,地図に準ずる図面,P-F,,,,,,
46201-3400-14.zip,077-151,,true,263.603,1235.510,330.583,974.257,580.024,1316.472,646.966,1055.220,旧土地台帳附属地図,地図に準ずる図面,P-F,,,,,,
46201-3400-14.zip,077-152,,true,290.968,1401.162,279.957,1131.718,617.372,1387.903,606.208,1118.192,旧土地台帳附属地図,地図に準ずる図面,P-F,,,,,,
46201-3400-14.zip,077-153,,true,794.791,814.906,1044.995,915.642,672.985,1117.916,923.189,1218.652,旧土地台帳附属地図,地図に準ずる図面,P-F,,,,,,
46201-3400-14.zip,077-154,,true,881.932,1268.361,717.987,1482.445,622.699,1069.669,458.640,1283.944,旧土地台帳附属地図,地図に準ずる図面,P-F,,,,,,
46201-3400-14.zip,077-155,,true,622.080,1682.977,390.736,1544.292,789.834,1402.636,558.453,1264.104,旧土地台帳附属地図,地図に準ずる図面,P-F,,,,,,
46201-3400-14.zip,077-156,,true,447.015,1425.890,674.816,1570.137,272.136,1701.773,500.203,1846.134,旧土地台帳附属地図,地図に準ずる図面,P-F,,,,,,
46201-3400-14.zip,077-158,,true,177.494,1563.783,406.666,1421.822,349.706,1841.380,578.840,1699.228,旧土地台帳附属地図,地図に準ずる図面,P-F,,,,,,
46201-3400-14.zip,077-159,,true,14.261,1632.859,79.678,1371.302,331.101,1712.259,396.519,1450.435,旧土地台帳附属地図,地図に準ずる図面,P-F,,,,,,
46201-3400-14.zip,077-160,,true,487.075,1241.807,562.360,1500.736,173.473,1333.171,248.835,1592.138,旧土地台帳附属地図,地図に準ずる図面,P-F,,,,,,
46201-3400-140.zip,H1  45-3,500,false,-147828.787,-40619.506,-147678.783,-40619.508,-147828.787,-40419.504,-147678.783,-40419.506,土地改良所在図,法第14条1項地図,P-F,,,,,,
46201-3400-140.zip,H1  45-4,500,false,-147828.787,-40419.504,-147678.783,-40419.506,-147828.787,-40219.502,-147678.783,-40219.504,土地改良所在図,法第14条1項地図,P-F,,,,,,
46201-3400-140.zip,H1  55-2,500,false,-147978.791,-40419.501,-147828.787,-40419.504,-147978.791,-40219.499,-147828.787,-40219.502,土地改良所在図,法第14条1項地図,P-F,,,,,,
46201-3400-140.zip,J1  41-1,500,false,-147678.783,-40219.504,-147528.778,-40219.507,-147678.782,-40019.503,-147528.778,-40019.505,土地改良所在図,法第14条1項地図,P-F,,,,,,
46201-3400-140.zip,J1  41-3,500,false,-147828.787,-40219.502,-147678.783,-40219.504,-147828.786,-40019.500,-147678.782,-40019.503,土地改良所在図,法第14条1項地図,P-F,,,,,,
46201-3400-140.zip,J1  41-4,500,false,-147828.786,-40019.500,-147678.782,-40019.503,-147828.786,-39819.498,-147678.781,-39819.501,土地改良所在図,法第14条1項地図,P-F,,,,,,
46201-3400-140.zip,J1  42-3,500,false,-147828.786,-39819.498,-147678.781,-39819.501,-147828.786,-39619.497,-147678.781,-39619.499,土地改良所在図,法第14条1項地図,P-F,,,,,,
46201-3400-140.zip,J1  51-1,500,false,-147978.791,-40219.499,-147828.787,-40219.502,-147978.791,-40019.497,-147828.786,-40019.500,土地改良所在図,法第14条1項地図,P-F,,,,,,
46201-3400-141.zip,D1  53-4,500,false,-146628.770,-41219.528,-146478.769,-41219.529,-146628.768,-41019.525,-146478.766,-41019.527,土地改良所在図,法第14条1項地図,P-F,,,,,,
46201-3400-141.zip,D1  54-1,500,false,-146478.766,-41019.527,-146328.765,-41019.528,-146478.764,-40819.525,-146328.763,-40819.526,土地改良所在図,法第14条1項地図,P-F,,,,,,
46201-3400-141.zip,D1  54-2,500,false,-146478.764,-40819.525,-146328.763,-40819.526,-146478.762,-40619.522,-146328.761,-40619.523,土地改良所在図,法第14条1項地図,P-F,,,,,,
46201-3400-141.zip,D1  54-3,500,false,-146628.768,-41019.525,-146478.766,-41019.527,-146628.766,-40819.523,-146478.764,-40819.525,土地改良所在図,法第14条1項地図,P-F,,,,,,
46201-3400-141.zip,D1  54-4,500,false,-146628.766,-40819.523,-146478.764,-40819.525,-146628.765,-40619.521,-146478.762,-40619.522,土地改良所在図,法第14条1項地図,P-F,,,,,,
46201-3400-141.zip,H1  13-2,500,false,-146778.772,-41219.526,-146628.770,-41219.528,-146778.770,-41019.524,-146628.768,-41019.525,土地改良所在図,法第14条1項地図,P-F,,,,,,
46201-3400-141.zip,H1  13-4,500,false,-146928.773,-41219.525,-146778.772,-41219.526,-146928.772,-41019.522,-146778.770,-41019.524,土地改良所在図,法第14条1項地図,P-F,,,,,,
46201-3400-141.zip,H1  14-1,500,false,-146778.770,-41019.524,-146628.768,-41019.525,-146778.769,-40819.522,-146628.766,-40819.523,土地改良所在図,法第14条1項地図,P-F,,,,,,
46201-3400-141.zip,H1  14-2,500,false,-146778.769,-40819.522,-146628.766,-40819.523,-146778.767,-40619.519,-146628.765,-40619.521,土地改良所在図,法第14条1項地図,P-F,,,,,,
46201-3400-141.zip,H1  14-3,500,false,-146928.772,-41019.522,-146778.770,-41019.524,-146928.771,-40819.520,-146778.769,-40819.522,土地改良所在図,法第14条1項地図,P-F,,,,,,
46201-3400-142.zip,509,1200,false,5200.000,222.660,5734.524,295.180,5110.326,869.278,5645.373,943.023,,,P-F,,,,1973,1,25
46201-3400-142.zip,510,1200,false,4984.952,2071.568,5022.914,1533.408,5635.008,2116.270,5670.934,1577.733,土地改良所在図,地図に準ずる図面,P-F,,,,1973,2,5
46201-3400-142.zip,511,1200,false,5023.502,3149.109,5180.416,2632.856,5642.284,3338.668,5800.000,2822.660,土地改良所在図,地図に準ずる図面,P-F,,,,1973,2,5
46201-3400-142.zip,512,1200,false,5072.673,3909.077,5600.000,4022.660,4936.717,4549.757,5465.646,4661.349,,,P-F,,,,1973,2,5
46201-3400-142.zip,513,1200,false,5095.413,5089.634,5632.339,5037.798,5156.386,5740.515,5693.706,5690.326,,,P-F,,,,1973,1,5
46201-3400-142.zip,514,1200,false,3987.572,332.013,4526.268,355.330,3955.642,984.997,4494.853,1010.848,,,P-F,,,,1973,1,25
46201-3400-142.zip,515,1200,false,3859.388,1608.520,4361.860,1412.414,4096.553,2218.996,4600.000,2022.660,,,P-F,,,,1973,1,25
46201-3400-142.zip,516,1200,false,3954.703,3336.510,3786.102,2823.499,4571.922,3133.702,4403.224,2620.645,,,P-F,,,,1973,1,25
46201-3400-142.zip,517,1200,false,4398.684,3794.726,4565.400,4307.662,3777.017,3995.337,3943.476,4509.167,,,P-F,,,,1973,1,25
46201-3400-142.zip,518,1200,false,3804.379,5139.786,4308.457,4945.364,4041.948,5750.238,4545.834,5553.364,,,P-F,,,,1973,1,5
46201-3400-142.zip,519,1200,false,2753.723,317.035,3293.610,296.632,2768.935,964.344,3309.109,950.869,,,P-F,,,,1973,1,25
46201-3400-142.zip,522,1000,false,3146.517,1650.650,3400.000,2022.660,2695.755,1957.603,2949.715,2329.745,土地改良所在図,地図に準ずる図面,P-F,,,,1972,3,10
46201-3400-142.zip,524,1000,false,2960.522,2666.799,3319.698,2938.042,2630.499,3101.106,2989.012,3373.440,土地改良所在図,地図に準ずる図面,P-F,,,,,,
46201-3400-142.zip,525,1000,false,3104.472,3883.732,3375.666,4242.865,2669.390,4212.514,2940.469,4571.495,土地改良所在図,地図に準ずる図面,P-F,,,,,,
46201-3400-142.zip,526,1000,false,3015.754,5019.150,3339.264,5331.616,2637.029,5411.176,2960.717,5723.548,土地改良所在図,地図に準ずる図面,P-F,,,,,,
46201-3400-142.zip,527,1000,false,1935.581,258.903,2200.000,622.660,1494.644,578.818,1759.436,943.088,土地改良所在図,地図に準ずる図面,P-F,,,,,,
46201-3400-143.zip,1864,600,false,100000.000,100000.000,99781.286,100158.278,99808.306,99735.112,99589.593,99893.390,旧土地台帳附属地図,地図に準ずる図面,P-F,,,,,,
46201-3400-143.zip,1865,600,false,99885.996,100421.416,100023.103,100618.388,99639.774,100592.805,99776.881,100789.776,旧土地台帳附属地図,地図に準ずる図面,P-F,,,,,,
46201-3400-143.zip,1866,600,false,99766.725,101473.620,99631.229,101240.107,100049.537,101309.518,99914.040,101076.005,旧土地台帳附属地図,地図に準ずる図面,P-F,,,,,,
46201-3400-143.zip,1867,600,false,99779.612,101745.113,100018.940,101870.052,99628.297,102034.967,99867.625,102159.906,旧土地台帳附属地図,地図に準ずる図面,P-F,,,,,,
46201-3400-143.zip,1869,600,false,99840.321,102846.532,99631.483,102675.434,100047.541,102593.605,99838.703,102422.507,旧土地台帳附属地図,地図に準ずる図面,P-F,,,,,,
46201-3400-143.zip,1881,600,false,99029.391,100074.827,99019.679,99805.025,99356.153,100063.065,99346.442,99793.263,旧土地台帳附属地図,地図に準ずる図面,P-F,,,,,,
46201-3400-143.zip,1882,600,false,99409.578,100602.259,99273.482,100835.423,99127.189,100437.431,98991.093,100670.595,旧土地台帳附属地図,地図に準ずる図面,P-F,,,,,,
46201-3400-143.zip,1883,600,false,99044.427,101425.014,99045.147,101155.038,99371.400,101425.886,99372.120,101155.910,旧土地台帳附属地図,地図に準ずる図面,P-F,,,,,,
46201-3400-143.zip,1933,600,false,99158.990,101790.000,99392.556,101925.404,98995.000,102072.877,99228.566,102208.281,旧土地台帳附属地図,地図に準ずる図面,P-F,,,,,,
46201-3400-143.zip,1934,600,false,99188.446,102871.558,99000.000,102678.230,99422.589,102643.328,99234.143,102450.000,旧土地台帳附属地図,地図に準ずる図面,P-F,,,,,,
46201-3400-143.zip,1935,600,false,98714.011,99941.874,98535.562,100144.466,98468.648,99725.752,98290.199,99928.344,旧土地台帳附属地図,地図に準ずる図面,P-F,,,,,,
46201-3400-143.zip,1937,600,false,98336.865,100759.101,98343.183,100489.198,98663.749,100766.753,98670.068,100496.850,旧土地台帳附属地図,地図に準ずる図面,P-F,,,,,,
46201-3400-143.zip,1975,600,false,98335.529,101241.453,98565.709,101100.369,98506.398,101520.228,98736.578,101379.144,旧土地台帳附属地図,地図に準ずる図面,P-F,,,,,,
46201-3400-143.zip,1976,600,true,98431.461,101839.850,98701.438,101839.850,98431.461,102166.824,98701.438,102166.824,旧土地台帳附属地図,地図に準ずる図面,P-F,,,,,,
46201-3400-143.zip,1977,600,false,98409.561,102800.462,98405.000,102530.523,98736.489,102794.938,98731.929,102525.000,旧土地台帳附属地図,地図に準ずる図面,P-F,,,,,,
46201-3400-143.zip,1978,600,false,97666.384,99991.989,97758.193,99738.102,97973.871,100103.180,98065.680,99849.293,旧土地台帳附属地図,地図に準ずる図面,P-F,,,,,,
46201-3400-143.zip,1985,600,false,98078.242,100642.585,97873.336,100818.372,97865.344,100394.419,97660.437,100570.206,旧土地台帳附属地図,地図に準ずる図面,P-F,,,,,,
46201-3400-143.zip,1994,600,false,97778.902,101115.646,98036.521,101196.392,97681.109,101427.653,97938.728,101508.399,旧土地台帳附属地図,地図に準ずる図面,P-F,,,,,,
46201-3400-143.zip,2015,600,false,97740.376,101792.341,97992.123,101889.866,97622.262,102097.236,97874.008,102194.761,旧土地台帳附属地図,地図に準ずる図面,P-F,,,,,,
46201-3400-144.zip,134-1097,,false,151.641,-123.350,152.213,146.322,-175.561,-122.324,-174.532,147.385,旧土地台帳附属地図,地図に準ずる図面,P-F,,,,,,
46201-3400-144.zip,134-1223,500,false,-326.982,-146.286,-105.656,-106.255,-375.233,121.596,-154.043,161.667,その他,地図に準ずる図面,P-F,,,,1981,11,29
46201-3400-144.zip,134-61,500,true,-568.354,-171.413,-343.224,-173.784,-565.342,101.434,-340.181,98.872,その他,地図に準ずる図面,P-F,,,,,,
46201-3400-144.zip,134-62,,false,105.068,107.736,244.495,338.301,-174.649,276.766,-35.013,507.382,旧土地台帳附属地図,地図に準ずる図面,P-F,,,,,,
46201-3400-144.zip,134-64,,false,-211.011,493.154,-446.273,361.496,-51.538,207.574,-287.071,76.244,旧土地台帳附属地図,地図に準ずる図面,P-F,,,,,,
46201-3400-144.zip,134-1096,500,false,-625.132,152.753,-400.265,158.889,-632.679,425.192,-407.717,431.331,旧土地台帳附属地図,地図に準ずる図面,P-F,,,,,,
46201-3400-145.zip,078-533,,true,-123.292,-151.642,146.913,-151.794,-123.254,175.218,147.294,175.142,旧土地台帳附属地図,地図に準ずる図面,P-F,,,,,,
46201-3400-145.zip,078-536,,true,-305.666,111.936,-35.502,113.576,-307.913,438.866,-37.370,440.701,旧土地台帳附属地図,地図に準ずる図面,P-F,,,,,,
46201-3400-145.zip,078-537,,true,-217.595,-85.833,52.570,-84.694,-219.115,241.100,51.430,242.393,旧土地台帳附属地図,地図に準ずる図面,P-F,,,,,,
46201-3400-145.zip,078-543,,true,-422.696,-283.412,-152.561,-283.642,-422.648,43.416,-152.096,43.416,旧土地台帳附属地図,地図に準ずる図面,P-F,,,,,,
46201-3400-145.zip,078-544,,true,-261.511,-266.639,8.694,-265.940,-262.591,60.219,7.917,61.148,旧土地台帳附属地図,地図に準ずる図面,P-F,,,,,,
46201-3400-145.zip,078-547,,true,-445.154,149.928,-175.026,153.210,-449.312,476.821,-178.768,480.266,旧土地台帳附属地図,地図に準ずる図面,P-F,,,,,,
46201-3400-145.zip,078-550,,true,-494.082,2.801,-223.915,3.068,-494.501,329.776,-223.915,330.119,旧土地台帳附属地図,地図に準ずる図面,P-F,,,,,,
46201-3400-145.zip,078-553-1,,true,-627.159,-66.154,-356.962,-64.007,-629.907,260.771,-359.330,263.036,旧土地台帳附属地図,地図に準ずる図面,P-F,,,,,,
46201-3400-145.zip,078-553-2,,true,-670.298,-256.908,-399.676,-258.153,-668.827,70.139,-397.824,68.931,旧土地台帳附属地図,地図に準ずる図面,P-F,,,,,,
46201-3400-146.zip,152-1540-3,600,false,-1557.799,432.912,-1287.931,431.169,-1555.687,760.043,-1285.818,758.300,旧土地台帳附属地図,地図に準ずる図面,P-F,,,,,,
46201-3400-146.zip,152-1537,500,false,-544.366,-231.381,-325.649,-200.938,-581.976,40.128,-362.572,68.773,旧土地台帳附属地図,地図に準ずる図面,P-F,,,,,,
46201-3400-146.zip,152-1538,500,false,-476.339,-507.204,-271.290,-424.985,-576.539,-256.410,-370.924,-174.236,旧土地台帳附属地図,地図に準ずる図面,P-F,,,,,,
46201-3400-146.zip,152-1535,500,false,-77.395,-140.675,140.000,-102.418,-123.983,125.034,93.705,163.281,旧土地台帳附属地図,地図に準ずる図面,P-F,,,,,,
46201-3400-146.zip,152-1530,,false,-485.198,630.527,-215.247,626.629,-480.252,957.771,-210.271,953.453,旧土地台帳附属地図,地図に準ずる図面,P-F,,,,,,
46201-3400-146.zip,152-1529-3,600,false,-263.823,561.222,6.258,558.347,-260.337,888.558,9.743,885.682,旧土地台帳附属地図,地図に準ずる図面,P-F,,,,,,
46201-3400-146.zip,132-1531,,false,-810.452,631.951,-540.464,634.645,-813.463,959.136,-543.467,961.487,旧土地台帳附属地図,地図に準ずる図面,P-F,,,,,,
46201-3400-146.zip,152-1534,500,false,-116.855,77.394,101.337,111.990,-158.531,340.819,59.815,376.051,旧土地台帳附属地図,地図に準ずる図面,P-F,,,,,,
46201-3400-146.zip,152-1539,500,false,-322.217,-144.887,-257.736,-356.151,-63.881,-66.267,-1.249,-278.654,旧土地台帳附属地図,地図に準ずる図面,P-F,,,,,,
46201-3400-146.zip,152-1533,,false,-1281.630,664.283,-1039.390,545.175,-1137.199,957.970,-895.025,838.469,旧土地台帳附属地図,地図に準ずる図面,P-F,,,,,,
46201-3400-146.zip,152-1540,,false,-1669.873,608.653,-1400.007,606.879,-1667.763,935.783,-1397.783,933.704,旧土地台帳附属地図,地図に準ずる図面,P-F,,,,,,
46201-3400-146.zip,152-1542,,false,-468.385,1147.205,-198.600,1156.682,-479.630,1474.233,-209.755,1483.408,旧土地台帳附属地図,地図に準ずる図面,P-F,,,,,,
46201-3400-146.zip,152-1543,,false,-800.541,1143.935,-530.647,1142.029,-798.181,1471.091,-528.175,1468.918,旧土地台帳附属地図,地図に準ずる図面,P-F,,,,,,
46201-3400-146.zip,152-494,,false,-902.304,1296.688,-1094.277,1485.811,-1131.345,1064.030,-1323.370,1252.991,旧土地台帳附属地図,地図に準ずる図面,P-F,,,,,,
46201-3400-146.zip,152-495,500,false,-196.321,1889.327,-165.949,1691.428,50.636,1927.589,80.753,1729.683,旧土地台帳附属地図,地図に準ずる図面,P-F,,,,,,
46201-3400-146.zip,152-497,,false,-598.116,1876.838,-507.864,1622.920,-290.508,1986.225,-200.137,1732.430,旧土地台帳附属地図,地図に準ずる図面,和-洋紙,,,,,,
46201-3400-146.zip,157-498,,false,-1015.221,1889.055,-932.064,1632.520,-704.116,1990.064,-621.092,1733.326,旧土地台帳附属地図,地図に準ずる図面,P-F,,,,,,
46201-3400-146.zip,152-1532,,false,-1305.132,1629.882,-1035.191,1631.861,-1307.452,1957.013,-1037.505,1958.687,旧土地台帳附属地図,地図に準ずる図面,P-F,,,,,,
46201-3400-146.zip,152-1536,500,false,-326.287,-147.332,-108.390,-111.429,-370.243,119.441,-152.346,155.344,旧土地台帳附属地図,地図に準ずる図面,P-F,,,,,,
46201-3400-146.zip,152-1529-2,600,false,-121.574,518.040,148.507,515.164,-118.088,845.375,151.992,842.500,旧土地台帳附属地図,地図に準ずる図面,P-F,,,,,,
46201-3400-146.zip,152-1529-1,,false,-165.872,630.909,104.206,628.049,-162.405,958.247,107.673,955.387,旧土地台帳附属地図,地図に準ずる図面,P-F,,,,,,
46201-3400-146.zip,152-1540-2,600,false,-1669.788,432.301,-1399.919,430.559,-1667.675,759.433,-1397.807,757.690,旧土地台帳附属地図,地図に準ずる図面,P-F,,,,,,
46201-3400-146.zip,152-1540-4,600,false,-1533.933,472.592,-1264.064,470.850,-1531.820,799.724,-1261.952,797.981,旧土地台帳附属地図,地図に準ずる図面,P-F,,,,,,
46201-3400-146.zip,152-1541,,true,-165.745,1152.364,103.930,1163.066,-178.767,1479.111,90.989,1489.624,旧土地台帳附属地図,地図に準ずる図面,P-F,,,,,,
46201-3400-147.zip,042-121,600,false,11989.436,33383.987,12221.844,33521.148,11823.560,33665.959,12056.289,33802.960,土地改良所在図,地図に準ずる図面,P-F,,,,1969,12,10
46201-3400-147.zip,042-127,600,false,11570.919,34103.222,11572.663,34373.270,11243.794,34105.335,11245.538,34375.383,土地改良所在図,地図に準ずる図面,P-F,,,,1969,12,10
46201-3400-147.zip,042-122,600,false,11951.683,33964.447,12180.521,34107.680,11778.354,34241.927,12007.339,34385.073,土地改良所在図,地図に準ずる図面,P-F,,,,1969,12,10
46201-3400-147.zip,042-126,600,false,11578.384,33489.598,11575.272,33759.558,11251.314,33486.023,11248.051,33755.830,土地改良所在図,地図に準ずる図面,P-F,,,,1969,12,10
46201-3400-147.zip,042-125,600,false,11821.660,36149.452,11827.469,35879.588,12148.897,36156.258,12154.743,35886.547,土地改良所在図,地図に準ずる図面,P-F,,,,1969,12,10
46201-3400-147.zip,042-124,600,false,12165.753,35300.391,12160.414,35570.248,11838.372,35294.075,11833.147,35564.009,土地改良所在図,地図に準ずる図面,P-F,,,,1969,12,10
46201-3400-147.zip,042-123,600,false,11807.611,34932.376,11813.769,34662.432,12134.611,34939.963,12141.073,34670.026,土地改良所在図,地図に準ずる図面,P-F,,,,1969,12,10
46201-3400-147.zip,042-129,600,false,11595.471,35546.022,11360.519,35679.004,11434.351,35261.326,11199.333,35394.039,旧土地台帳附属地図,地図に準ずる図面,P-F,,,,1969,12,10
46201-3400-147.zip,042-127-1,1000,true,10996.936,36186.549,11249.695,35814.435,11448.099,36493.002,11700.858,36120.888,その他,地図に準ずる図面,P-F,,,,1969,12,10
46201-3400-147.zip,042-128,600,false,11394.189,34576.859,11620.530,34723.816,11215.986,34851.051,11442.161,34998.400,土地改良所在図,地図に準ずる図面,P-F,,,,1969,12,10
46201-3400-148.zip,137-182,500,false,7981.346,22363.771,7982.235,22138.918,8251.632,22364.406,8251.696,22139.712,旧土地台帳附属地図,地図に準ずる図面,P-F,,,,,,
46201-3400-148.zip,137-183,500,false,7972.056,22957.977,7968.115,22733.373,8241.877,22953.608,8237.265,22728.862,旧土地台帳附属地図,地図に準ずる図面,P-F,,,,,,
46201-3400-148.zip,137-184,500,false,7971.797,23519.716,7973.290,23295.088,8241.384,23521.349,8242.784,23296.593,旧土地台帳附属地図,地図に準ずる図面,P-F,,,,,,
46201-3400-148.zip,137-181,500,false,7993.665,21745.541,7992.427,21521.102,8263.475,21744.748,8261.888,21520.022,旧土地台帳附属地図,地図に準ずる図面,P-F,,,,,,
46201-3400-148.zip,137-179,1500,false,8559.649,22242.484,8557.268,21568.306,9368.892,22239.722,9365.653,21564.496,旧土地台帳附属地図,地図に準ずる図面,P-F,,,,,,
46201-3400-148.zip,137-180,1500,false,8575.508,23395.828,8576.968,22721.075,9384.853,23397.006,9385.163,22723.390,旧土地台帳附属地図,地図に準ずる図面,P-F,,,,,,
46201-3400-149.zip,136-187,1000,false,12048.498,15070.151,12047.248,15519.739,11502.301,15071.216,11500.487,15519.973,旧土地台帳附属地図,地図に準ずる図面,P-F,,,,,,
46201-3400-149.zip,136-191,1000,false,10784.621,15068.477,10784.920,15518.251,10238.634,15071.341,10237.731,15520.031,旧土地台帳附属地図,地図に準ずる図面,P-F,,,,,,
46201-3400-149.zip,136-188,1000,false,12039.825,16285.130,12041.000,16734.707,11493.418,16289.366,11494.083,16738.183,旧土地台帳附属地図,地図に準ずる図面,P-F,,,,,,
46201-3400-149.zip,136-192,1000,false,10734.067,16289.241,10755.093,16738.456,10188.692,16317.687,10208.854,16766.051,旧土地台帳附属地図,地図に準ずる図面,P-F,,,,,,
46201-3400-149.zip,136-189,1000,false,12008.022,17473.180,12007.259,17923.140,11461.732,17475.275,11460.398,17924.156,旧土地台帳附属地図,地図に準ずる図面,P-F,,,,,,
46201-3400-149.zip,136-193,1000,false,10759.473,17489.023,10750.447,17938.136,10213.425,17480.173,10203.133,17929.064,旧土地台帳附属地図,地図に準ずる図面,P-F,,,,,,
46201-3400-149.zip,136-190,1000,false,12001.017,18695.565,11992.263,19145.314,11456.007,18686.226,11445.179,19134.977,旧土地台帳附属地図,地図に準ずる図面,P-F,,,,,,
46201-3400-149.zip,136-194,1000,false,10762.808,18680.804,10755.002,19130.318,10216.739,18673.766,10208.059,19122.563,旧土地台帳附属地図,地図に準ずる図面,P-F,,,,,,
46201-3400-15.zip,036-140,,true,26.249,11.975,296.340,18.223,18.895,338.492,289.025,344.931,旧土地台帳附属地図,地図に準ずる図面,P-F,,,,,,
46201-3400-15.zip,036-141,,true,21.875,252.472,288.957,211.362,71.748,575.332,338.868,534.451,旧土地台帳附属地図,地図に準ずる図面,P-F,,,,,,
46201-3400-15.zip,036-142,,true,23.930,465.733,293.907,476.096,11.548,792.212,281.563,802.919,旧土地台帳附属地図,地図に準ずる図面,P-F,,,,,,
46201-3400-150.zip,063-693-2,,true,-214.399,162.394,25.596,166.583,-219.393,462.125,20.526,466.312,旧土地台帳附属地図,地図に準ずる図面,P-F,,,,,,
46201-3400-150.zip,063-697B,,true,-178.548,-177.665,91.732,-176.596,-180.034,149.154,90.627,150.224,旧土地台帳附属地図,地図に準ずる図面,P-F,,,,,,
46201-3400-150.zip,063-698,,true,-121.539,-152.998,148.615,-150.282,-124.895,173.884,145.563,176.640,旧土地台帳附属地図,地図に準ずる図面,P-F,,,,,,
46201-3400-150.zip,063-699,,true,-248.338,-90.342,21.938,-88.637,-250.372,236.359,20.094,238.142,旧土地台帳附属地図,地図に準ずる図面,P-F,,,,,,
46201-3400-150.zip,063-700,,true,-365.769,150.755,-95.554,154.715,-370.818,477.540,-100.182,481.390,旧土地台帳附属地図,地図に準ずる図面,P-F,,,,,,
46201-3400-150.zip,063-702A,,true,-277.798,95.342,-7.555,95.380,-277.798,422.126,-7.402,422.050,旧土地台帳附属地図,地図に準ずる図面,P-F,,,,,,
46201-3400-150.zip,063-702B,,true,-188.866,18.274,81.377,18.312,-188.866,345.058,81.530,344.982,旧土地台帳附属地図,地図に準ずる図面,P-F,,,,,,
46201-3400-150.zip,063-702C,,true,-212.899,38.344,57.344,38.382,-212.899,365.128,57.497,365.052,旧土地台帳附属地図,地図に準ずる図面,P-F,,,,,,
46201-3400-150.zip,063-704A,,true,-296.191,279.557,-25.981,280.038,-296.590,606.310,-25.920,606.414,旧土地台帳附属地図,地図に準ずる図面,P-F,,,,,,
46201-3400-150.zip,063-704B,,true,-592.946,162.806,-322.736,163.287,-593.345,489.559,-322.675,489.663,旧土地台帳附属地図,地図に準ずる図面,P-F,,,,,,
46201-3400-150.zip,063-697A,,true,-18.402,-224.169,251.878,-223.100,-19.888,102.650,250.773,103.720,旧土地台帳附属地図,地図に準ずる図面,P-F,,,,,,
46201-3400-150.zip,063-701,,true,-143.671,16.932,126.488,19.221,-146.555,343.743,123.907,346.188,旧土地台帳附属地図,地図に準ずる図面,P-F,,,,,,
46201-3400-151.zip,063-696,,true,-269.389,17.567,0.945,21.275,-273.835,344.284,-3.350,348.070,旧土地台帳附属地図,地図に準ずる図面,P-F,,,,,,
46201-3400-151.zip,063-653,,true,-269.747,617.099,0.486,619.475,-272.532,943.910,-2.184,946.249,旧土地台帳附属地図,地図に準ずる図面,P-F,,,,,,
46201-3400-151.zip,063-676,,true,-274.920,1216.174,-4.756,1218.025,-277.363,1542.952,-6.779,1544.770,旧土地台帳附属地図,地図に準ずる図面,P-F,,,,,,
46201-3400-151.zip,063-677,,true,-269.690,1818.956,0.476,1819.965,-270.842,2145.662,-0.448,2146.710,旧土地台帳附属地図,地図に準ずる図面,P-F,,,,,,
46201-3400-151.zip,063-678,,true,-272.784,2417.927,-2.630,2419.191,-274.564,2744.782,-3.990,2746.080,旧土地台帳附属地図,地図に準ずる図面,P-F,,,,,,
46201-3400-151.zip,063-679,,true,-872.490,18.164,-602.284,18.441,-872.947,344.987,-602.360,345.380,旧土地台帳附属地図,地図に準ずる図面,P-F,,,,,,
46201-3400-151.zip,063-681,,true,-869.138,617.033,-598.913,620.318,-872.982,943.795,-602.567,947.006,旧土地台帳附属地図,地図に準ずる図面,P-F,,,,,,
46201-3400-151.zip,063-682,,true,-871.727,1218.700,-601.521,1218.471,-871.612,1545.560,-601.064,1545.065,旧土地台帳附属地図,地図に準ずる図面,P-F,,,,,,
46201-3400-151.zip,063-683,,true,-870.461,1816.269,-600.267,1818.841,-873.636,2143.038,-603.138,2145.727,旧土地台帳附属地図,地図に準ずる図面,P-F,,,,,,
46201-3400-151.zip,063-684,,true,-868.954,2417.033,-598.669,2421.465,-874.245,2743.853,-603.805,2748.174,旧土地台帳附属地図,地図に準ずる図面,P-F,,,,,,
46201-3400-151.zip,063-685,,true,-1470.715,16.506,-1200.492,19.909,-1475.017,343.338,-1204.372,346.556,旧土地台帳附属地図,地図に準ずる図面,P-F,,,,,,
46201-3400-151.zip,063-687,,true,-1470.102,1215.522,-1199.966,1219.633,-1475.262,1542.343,-1204.705,1546.345,旧土地台帳附属地図,地図に準ずる図面,P-F,,,,,,
46201-3400-151.zip,063-688,,true,-1471.165,1817.956,-1200.985,1821.818,-1475.930,2144.745,-1205.409,2148.728,旧土地台帳附属地図,地図に準ずる図面,P-F,,,,,,
46201-3400-151.zip,063-689,,true,-1468.418,2417.179,-1198.243,2421.369,-1473.390,2743.929,-1203.063,2748.160,旧土地台帳附属地図,地図に準ずる図面,P-F,,,,,,
46201-3400-151.zip,063-690,,true,-2071.926,17.438,-1801.762,19.149,-2074.128,344.293,-1803.581,345.817,旧土地台帳附属地図,地図に準ずる図面,P-F,,,,,,
46201-3400-151.zip,063-691,,true,-2071.514,619.530,-1801.321,622.263,-2074.882,946.336,-1804.385,949.186,旧土地台帳附属地図,地図に準ずる図面,P-F,,,,,,
46201-3400-151.zip,063-692,,true,-2073.422,1218.100,-1803.124,1221.597,-2077.594,1544.858,-1807.105,1548.243,旧土地台帳附属地図,地図に準ずる図面,P-F,,,,,,
46201-3400-151.zip,063-693,,true,-2070.035,1813.202,-1799.812,1819.057,-2077.365,2139.908,-1806.761,2145.774,旧土地台帳附属地図,地図に準ずる図面,P-F,,,,,,
46201-3400-151.zip,063-694,,true,-2071.591,2415.919,-1801.317,2418.128,-2074.471,2742.729,-1803.816,2744.903,旧土地台帳附属地図,地図に準ずる図面,P-F,,,,,,
46201-3400-151.zip,063-695A,,true,-2671.564,17.436,-2401.402,19.195,-2673.764,344.213,-2403.299,346.127,旧土地台帳附属地図,地図に準ずる図面,P-F,,,,,,
46201-3400-151.zip,063-695B,,true,-2671.564,617.436,-2401.402,619.195,-2673.764,944.213,-2403.299,946.127,旧土地台帳附属地図,地図に準ずる図面,P-F,,,,,,
46201-3400-151.zip,063-686,,true,-1470.752,619.565,-1200.556,621.593,-1473.205,946.382,-1203.009,948.409,旧土地台帳附属地図,地図に準ずる図面,P-F,,,,,,
46201-3400-152.zip,064-705,,true,200.224,689.804,470.464,694.714,194.052,1016.572,464.539,1020.763,旧土地台帳附属地図,地図に準ずる図面,P-F,,,,,,
46201-3400-152.zip,064-706,,true,136.425,511.759,406.737,514.141,133.564,838.420,404.029,840.805,旧土地台帳附属地図,地図に準ずる図面,P-F,,,,,,
46201-3400-152.zip,064-707,,true,20.579,498.694,290.865,500.575,18.107,825.518,288.813,827.368,旧土地台帳附属地図,地図に準ずる図面,P-F,,,,,,
46201-3400-152.zip,064-711,,true,-179.214,-37.575,91.044,-34.043,-183.457,289.219,86.992,292.716,旧土地台帳附属地図,地図に準ずる図面,P-F,,,,,,
46201-3400-152.zip,064-713,,true,-98.599,85.333,171.643,86.373,-99.789,412.152,170.605,413.194,旧土地台帳附属地図,地図に準ずる図面,P-F,,,,,,
46201-3400-152.zip,064-714,,true,-10.492,-54.074,259.771,-48.541,-17.406,272.713,253.280,278.102,旧土地台帳附属地図,地図に準ずる図面,P-F,,,,,,
46201-3400-152.zip,064-716,,true,-25.104,292.224,245.038,296.141,-30.190,618.895,240.448,622.822,旧土地台帳附属地図,地図に準ずる図面,P-F,,,,,,
46201-3400-152.zip,064-717,,true,394.281,679.878,664.508,683.046,390.469,1006.643,660.850,1009.775,旧土地台帳附属地図,地図に準ずる図面,P-F,,,,,,
46201-3400-152.zip,064-718,,true,58.199,377.772,328.427,381.007,54.349,704.538,324.768,707.777,旧土地台帳附属地図,地図に準ずる図面,P-F,,,,,,
46201-3400-152.zip,064-719,,true,124.428,473.068,394.552,475.561,121.179,799.956,391.762,802.304,旧土地台帳附属地図,地図に準ずる図面,P-F,,,,,,
46201-3400-152.zip,064-720A,,true,179.423,664.680,449.485,670.729,171.788,991.375,442.269,997.434,旧土地台帳附属地図,地図に準ずる図面,P-F,,,,,,
46201-3400-152.zip,064-721,,true,303.226,622.920,573.379,624.362,301.239,949.728,571.775,951.063,旧土地台帳附属地図,地図に準ずる図面,P-F,,,,,,
46201-3400-152.zip,064-715,,true,-94.634,209.401,175.547,215.403,-101.913,536.071,168.459,542.078,旧土地台帳附属地図,地図に準ずる図面,P-F,,,,,,
46201-3400-152.zip,064-712,,true,-122.544,-152.126,147.743,-151.181,-123.835,174.704,146.871,175.608,旧土地台帳附属地図,地図に準ずる図面,P-F,,,,,,
46201-3400-153.zip,064-720B,,true,-119.699,-154.411,150.363,-148.362,-127.334,172.284,143.147,178.343,旧土地台帳附属地図,地図に準ずる図面,P-F,,,,,,
46201-3400-153.zip,064-723,,true,-261.053,-114.950,9.085,-110.997,-266.059,211.757,4.458,215.907,旧土地台帳附属地図,地図に準ずる図面,P-F,,,,,,
46201-3400-153.zip,064-725,,true,-357.637,71.006,-87.472,72.202,-359.285,397.862,-88.702,399.174,旧土地台帳附属地図,地図に準ずる図面,P-F,,,,,,
46201-3400-154.zip,138-185,600,false,4598.425,24628.569,4699.533,24378.851,4898.596,24750.659,5000.305,24500.770,旧土地台帳附属地図,地図に準ずる図面,P-F,,,,1976,6,
46201-3400-154.zip,138-186,600,false,4595.428,25269.104,4697.000,25019.869,4895.260,25391.996,4997.528,25142.469,旧土地台帳附属地図,地図に準ずる図面,P-F,,,,1982,6,
46201-3400-155.zip,Z   25,1000,false,-146100.000,-50400.000,-145800.000,-50400.000,-146100.000,-50000.000,-145800.000,-50000.000,土地改良所在図,法第14条1項地図,P-F,,,,,,
46201-3400-155.zip,Z   35,1000,false,-146400.000,-50400.000,-146100.000,-50400.000,-146400.000,-50000.000,-146100.000,-50000.000,土地改良所在図,法第14条1項地図,P-F,,,,,,
46201-3400-156.zip,V   41,1000,false,-144828.792,-46219.570,-144528.783,-46219.577,-144828.798,-45819.562,-144528.788,-45819.568,地籍図,法第14条1項地図,P-F,,,,,,
46201-3400-156.zip,V   42,1000,false,-144828.798,-45819.562,-144528.788,-45819.568,-144828.804,-45419.553,-144528.793,-45419.560,地籍図,法第14条1項地図,P-F,,,,,,
46201-3400-156.zip,V   51,1000,false,-145128.800,-46219.563,-144828.792,-46219.570,-145128.807,-45819.555,-144828.798,-45819.562,地籍図,法第14条1項地図,P-F,,,,,,
46201-3400-156.zip,V   52,1000,false,-145128.807,-45819.555,-144828.798,-45819.562,-145128.814,-45419.546,-144828.804,-45419.553,地籍図,法第14条1項地図,P-F,,,,,,
46201-3400-156.zip,V   53,1000,false,-145128.814,-45419.546,-144828.804,-45419.553,-145128.812,-45019.544,-144828.802,-45019.550,地籍図,法第14条1項地図,P-F,,,,,,
46201-3400-156.zip,U   55,1000,false,-145128.795,-46619.574,-144828.788,-46619.581,-145128.800,-46219.563,-144828.792,-46219.570,地籍図,法第14条1項地図,P-F,,,,,,
46201-3400-156.zip,V   31,1000,false,-144528.783,-46219.577,-144228.772,-46219.582,-144528.788,-45819.568,-144228.776,-45819.574,地籍図,法第14条1項地図,P-F,,,,,,
46201-3400-156.zip,V   32,1000,false,-144528.788,-45819.568,-144228.776,-45819.574,-144528.793,-45419.560,-144228.780,-45419.566,地籍図,法第14条1項地図,P-F,,,,,,
46201-3400-156.zip,B1  24,1000,false,-145728.799,-47019.571,-145428.797,-47019.579,-145728.803,-46619.560,-145428.801,-46619.567,地籍図,法第14条1項地図,P-F,,,,,,
46201-3400-156.zip,B1  25,1000,false,-145728.803,-46619.560,-145428.801,-46619.567,-145728.809,-46219.551,-145428.808,-46219.556,地籍図,法第14条1項地図,P-F,,,,,,
46201-3400-156.zip,B1  33,1000,false,-146028.797,-47419.574,-145728.795,-47419.583,-146028.800,-47019.564,-145728.799,-47019.571,地籍図,法第14条1項地図,P-F,,,,,,
46201-3400-156.zip,B1  34,1000,false,-146028.800,-47019.564,-145728.799,-47019.571,-146028.803,-46619.554,-145728.803,-46619.560,地籍図,法第14条1項地図,P-F,,,,,,
46201-3400-156.zip,B1  35,1000,false,-146028.803,-46619.554,-145728.803,-46619.560,-146028.807,-46219.546,-145728.809,-46219.551,地籍図,法第14条1項地図,P-F,,,,,,
46201-3400-156.zip,B1  13,1000,false,-145428.793,-47419.591,-145128.789,-47419.599,-145428.797,-47019.579,-145128.792,-47019.586,地籍図,法第14条1項地図,P-F,,,,,,
46201-3400-156.zip,B1  14,1000,false,-145428.797,-47019.579,-145128.792,-47019.586,-145428.801,-46619.567,-145128.795,-46619.574,地籍図,法第14条1項地図,P-F,,,,,,
46201-3400-156.zip,B1  15,1000,false,-145428.801,-46619.567,-145128.795,-46619.574,-145428.808,-46219.556,-145128.800,-46219.563,地籍図,法第14条1項地図,P-F,,,,,,
46201-3400-156.zip,B1  23,1000,false,-145728.795,-47419.583,-145428.793,-47419.591,-145728.799,-47019.571,-145428.797,-47019.579,地籍図,法第14条1項地図,P-F,,,,,,
46201-3400-156.zip,B1  43,1000,false,-146328.799,-47419.566,-146028.797,-47419.574,-146328.801,-47019.557,-146028.800,-47019.564,地籍図,法第14条1項地図,P-F,,,,,,
46201-3400-156.zip,B1  44,1000,false,-146328.801,-47019.557,-146028.800,-47019.564,-146328.803,-46619.547,-146028.803,-46619.554,地籍図,法第14条1項地図,P-F,,,,,,
46201-3400-156.zip,B1  45,1000,false,-146328.803,-46619.547,-146028.803,-46619.554,-146328.806,-46219.541,-146028.807,-46219.546,地籍図,法第14条1項地図,P-F,,,,,,
46201-3400-156.zip,B1  53,1000,false,-146628.800,-47419.558,-146328.799,-47419.566,-146628.801,-47019.549,-146328.801,-47019.557,地籍図,法第14条1項地図,P-F,,,,,,
46201-3400-156.zip,B1  54,1000,false,-146628.801,-47019.549,-146328.801,-47019.557,-146628.802,-46619.541,-146328.803,-46619.547,地籍図,法第14条1項地図,P-F,,,,,,
46201-3400-156.zip,C1  11,1000,false,-145428.808,-46219.556,-145128.800,-46219.563,-145428.816,-45819.548,-145128.807,-45819.555,地籍図,法第14条1項地図,P-F,,,,,,
46201-3400-156.zip,C1  12,1000,false,-145428.816,-45819.548,-145128.807,-45819.555,-145428.824,-45419.539,-145128.814,-45419.546,地籍図,法第14条1項地図,P-F,,,,,,
46201-3400-156.zip,C1  13,1000,false,-145428.824,-45419.539,-145128.814,-45419.546,-145428.822,-45019.538,-145128.812,-45019.544,地籍図,法第14条1項地図,P-F,,,,,,
46201-3400-156.zip,C1  21,1000,false,-145728.809,-46219.551,-145428.808,-46219.556,-145728.816,-45819.543,-145428.816,-45819.548,地籍図,法第14条1項地図,P-F,,,,,,
46201-3400-156.zip,C1  22,1000,false,-145728.816,-45819.543,-145428.816,-45819.548,-145728.823,-45419.536,-145428.824,-45419.539,地籍図,法第14条1項地図,P-F,,,,,,
46201-3400-156.zip,C1  31,1000,false,-146028.807,-46219.546,-145728.809,-46219.551,-146028.813,-45819.540,-145728.816,-45819.543,地籍図,法第14条1項地図,P-F,,,,,,
46201-3400-156.zip,C1  32,1000,false,-146028.813,-45819.540,-145728.816,-45819.543,-146028.818,-45419.534,-145728.823,-45419.536,地籍図,法第14条1項地図,P-F,,,,,,
46201-3400-156.zip,U   25,1000,false,-144228.771,-46619.593,-143928.761,-46619.598,-144228.772,-46219.582,-143928.761,-46219.587,地籍図,法第14条1項地図,P-F,,,,,,
46201-3400-156.zip,U   34,1000,false,-144528.781,-47019.601,-144228.774,-47019.608,-144528.781,-46619.588,-144228.771,-46619.593,地籍図,法第14条1項地図,P-F,,,,,,
46201-3400-156.zip,U   35,1000,false,-144528.781,-46619.588,-144228.771,-46619.593,-144528.783,-46219.577,-144228.772,-46219.582,地籍図,法第14条1項地図,P-F,,,,,,
46201-3400-156.zip,U   43,1000,false,-144828.785,-47419.607,-144528.781,-47419.614,-144828.787,-47019.594,-144528.781,-47019.601,地籍図,法第14条1項地図,P-F,,,,,,
46201-3400-156.zip,U   44,1000,false,-144828.787,-47019.594,-144528.781,-47019.601,-144828.788,-46619.581,-144528.781,-46619.588,地籍図,法第14条1項地図,P-F,,,,,,
46201-3400-156.zip,U   45,1000,false,-144828.788,-46619.581,-144528.781,-46619.588,-144828.792,-46219.570,-144528.783,-46219.577,地籍図,法第14条1項地図,P-F,,,,,,
46201-3400-156.zip,U   53,1000,false,-145128.789,-47419.599,-144828.785,-47419.607,-145128.792,-47019.586,-144828.787,-47019.594,地籍図,法第14条1項地図,P-F,,,,,,
46201-3400-156.zip,U   54,1000,false,-145128.792,-47019.586,-144828.787,-47019.594,-145128.795,-46619.574,-144828.788,-46619.581,地籍図,法第14条1項地図,P-F,,,,,,
46201-3400-157.zip,B1  23-3,500,false,-145728.795,-47419.583,-145578.794,-47419.587,-145728.797,-47219.577,-145578.796,-47219.581,地籍図,法第14条1項地図,P-F,,,,,,
46201-3400-157.zip,B1  33-1,500,false,-145878.796,-47419.578,-145728.795,-47419.583,-145878.798,-47219.573,-145728.797,-47219.577,地籍図,法第14条1項地図,P-F,,,,,,
46201-3400-157.zip,B1  33-3,500,false,-146028.797,-47419.574,-145878.796,-47419.578,-146028.799,-47219.569,-145878.798,-47219.573,地籍図,法第14条1項地図,P-F,,,,,,
46201-3400-157.zip,B1  33-4,500,false,-146028.799,-47219.569,-145878.798,-47219.573,-146028.800,-47019.564,-145878.800,-47019.568,地籍図,法第14条1項地図,P-F,,,,,,
46201-3400-157.zip,B1  43-1,500,false,-146178.798,-47419.570,-146028.797,-47419.574,-146178.799,-47219.565,-146028.799,-47219.569,地籍図,法第14条1項地図,P-F,,,,,,
46201-3400-157.zip,B1  43-2,500,false,-146178.799,-47219.565,-146028.799,-47219.569,-146178.800,-47019.560,-146028.800,-47019.564,地籍図,法第14条1項地図,P-F,,,,,,
46201-3400-157.zip,B1  43-3,500,false,-146328.799,-47419.566,-146178.798,-47419.570,-146328.800,-47219.561,-146178.799,-47219.565,地籍図,法第14条1項地図,P-F,,,,,,
46201-3400-157.zip,B1  43-4,500,false,-146328.800,-47219.561,-146178.799,-47219.565,-146328.801,-47019.557,-146178.800,-47019.560,地籍図,法第14条1項地図,P-F,,,,,,
46201-3400-157.zip,B1  53-1,500,false,-146478.800,-47419.562,-146328.799,-47419.566,-146478.800,-47219.557,-146328.800,-47219.561,地籍図,法第14条1項地図,P-F,,,,,,
46201-3400-157.zip,B1  53-2,500,false,-146478.800,-47219.557,-146328.800,-47219.561,-146478.801,-47019.553,-146328.801,-47019.557,地籍図,法第14条1項地図,P-F,,,,,,
46201-3400-157.zip,U   33-3,500,false,-144528.781,-47419.614,-144378.779,-47419.618,-144528.781,-47219.608,-144378.778,-47219.611,地籍図,法第14条1項地図,P-F,,,,,,
46201-3400-157.zip,U   43-1,500,false,-144678.784,-47419.611,-144528.781,-47419.614,-144678.784,-47219.604,-144528.781,-47219.608,地籍図,法第14条1項地図,P-F,,,,,,
46201-3400-157.zip,U   43-3,500,false,-144828.785,-47419.607,-144678.784,-47419.611,-144828.786,-47219.600,-144678.784,-47219.604,地籍図,法第14条1項地図,P-F,,,,,,
46201-3400-157.zip,U   43-4,500,false,-144828.786,-47219.600,-144678.784,-47219.604,-144828.787,-47019.594,-144678.784,-47019.598,地籍図,法第14条1項地図,P-F,,,,,,
46201-3400-157.zip,U   52-4,500,false,-145128.788,-47619.605,-144978.786,-47619.609,-145128.789,-47419.599,-144978.787,-47419.603,地籍図,法第14条1項地図,P-F,,,,,,
46201-3400-157.zip,U   53-1,500,false,-144978.787,-47419.603,-144828.785,-47419.607,-144978.788,-47219.596,-144828.786,-47219.600,地籍図,法第14条1項地図,P-F,,,,,,
46201-3400-157.zip,U   53-2,500,false,-144978.788,-47219.596,-144828.786,-47219.600,-144978.789,-47019.590,-144828.787,-47019.594,地籍図,法第14条1項地図,P-F,,,,,,
46201-3400-157.zip,U   53-3,500,false,-145128.789,-47419.599,-144978.787,-47419.603,-145128.791,-47219.592,-144978.788,-47219.596,地籍図,法第14条1項地図,P-F,,,,,,
46201-3400-157.zip,U   53-4,500,false,-145128.791,-47219.592,-144978.788,-47219.596,-145128.792,-47019.586,-144978.789,-47019.590,地籍図,法第14条1項地図,P-F,,,,,,
46201-3400-157.zip,U   54-1,500,false,-145128.792,-47019.586,-144978.789,-47019.590,-145128.793,-46819.580,-144978.790,-46819.584,地籍図,法第14条1項地図,P-F,,,,,,
46201-3400-157.zip,B1  12-2,500,false,-145278.789,-47619.601,-145128.788,-47619.605,-145278.791,-47419.595,-145128.789,-47419.599,地籍図,法第14条1項地図,P-F,,,,,,
46201-3400-157.zip,B1  12-4,500,false,-145428.791,-47619.597,-145278.789,-47619.601,-145428.793,-47419.591,-145278.791,-47419.595,地籍図,法第14条1項地図,P-F,,,,,,
46201-3400-157.zip,B1  13-1,500,false,-145278.791,-47419.595,-145128.789,-47419.599,-145278.793,-47219.589,-145128.791,-47219.592,地籍図,法第14条1項地図,P-F,,,,,,
46201-3400-157.zip,B1  13-2,500,false,-145278.793,-47219.589,-145128.791,-47219.592,-145278.794,-47019.582,-145128.792,-47019.586,地籍図,法第14条1項地図,P-F,,,,,,
46201-3400-157.zip,B1  13-3,500,false,-145428.793,-47419.591,-145278.791,-47419.595,-145428.795,-47219.585,-145278.793,-47219.589,地籍図,法第14条1項地図,P-F,,,,,,
46201-3400-157.zip,B1  22-2,500,false,-145578.792,-47619.593,-145428.791,-47619.597,-145578.794,-47419.587,-145428.793,-47419.591,地籍図,法第14条1項地図,P-F,,,,,,
46201-3400-157.zip,B1  22-4,500,false,-145728.793,-47619.588,-145578.792,-47619.593,-145728.795,-47419.583,-145578.794,-47419.587,地籍図,法第14条1項地図,P-F,,,,,,
46201-3400-157.zip,B1  23-1,500,false,-145578.794,-47419.587,-145428.793,-47419.591,-145578.796,-47219.581,-145428.795,-47219.585,地籍図,法第14条1項地図,P-F,,,,,,
46201-3400-158.zip,D1  14,1000,false,-146928.813,-53019.734,-146628.812,-53019.739,-146928.817,-52619.716,-146628.815,-52619.723,土地改良所在図,法第14条1項地図（国調法19-5指定）,P-F,2002,10,31,,,
46201-3400-158.zip,W   44,1000,false,-146328.811,-53019.745,-146028.811,-53019.750,-146328.814,-52619.729,-146028.813,-52619.734,土地改良所在図,法第14条1項地図（国調法19-5指定）,P-F,2002,10,31,,,
46201-3400-158.zip,W   54,1000,false,-146628.812,-53019.739,-146328.811,-53019.745,-146628.815,-52619.723,-146328.814,-52619.729,土地改良所在図,法第14条1項地図（国調法19-5指定）,P-F,2002,10,31,,,
46201-3400-159.zip,A1  41-4,500,false,-146328.804,-50019.638,-146178.803,-50019.643,-146328.803,-49819.632,-146178.802,-49819.637,地籍図,法第14条1項地図,P-F,,,,,,
46201-3400-159.zip,A1  42-1,500,false,-146178.802,-49819.637,-146028.801,-49819.641,-146178.802,-49619.630,-146028.801,-49619.635,地籍図,法第14条1項地図,P-F,,,,,,
46201-3400-159.zip,A1  42-3,500,false,-146328.803,-49819.632,-146178.802,-49819.637,-146328.803,-49619.626,-146178.802,-49619.630,地籍図,法第14条1項地図,P-F,,,,,,
46201-3400-159.zip,A1  51-1,500,false,-146478.806,-50219.639,-146328.805,-50219.644,-146478.805,-50019.633,-146328.804,-50019.638,地籍図,法第14条1項地図,P-F,,,,,,
46201-3400-159.zip,Z   45-2,500,false,-146178.806,-50419.655,-146028.805,-50419.660,-146178.804,-50219.649,-146028.803,-50219.653,地籍図,法第14条1項地図,P-F,,,,,,
46201-3400-159.zip,Z   45-4,500,false,-146328.807,-50419.651,-146178.806,-50419.655,-146328.805,-50219.644,-146178.804,-50219.649,地籍図,法第14条1項地図,P-F,,,,,,
46201-3400-159.zip,A1  31-4,500,false,-146028.802,-50019.647,-145878.801,-50019.652,-146028.801,-49819.641,-145878.800,-49819.646,地籍図,法第14条1項地図,P-F,,,,,,
46201-3400-159.zip,A1  41-1,500,false,-146178.804,-50219.649,-146028.803,-50219.653,-146178.803,-50019.643,-146028.802,-50019.647,地籍図,法第14条1項地図,P-F,,,,,,
46201-3400-159.zip,A1  41-2,500,false,-146178.803,-50019.643,-146028.802,-50019.647,-146178.802,-49819.637,-146028.801,-49819.641,地籍図,法第14条1項地図,P-F,,,,,,
46201-3400-159.zip,A1  41-3,500,false,-146328.805,-50219.644,-146178.804,-50219.649,-146328.804,-50019.638,-146178.803,-50019.643,地籍図,法第14条1項地図,P-F,,,,,,
46201-3400-16.zip,065-1,500,false,-159568.923,-45319.410,-159418.927,-45319.412,-159568.923,-45119.408,-159418.926,-45119.410,土地区画整理所在図,法第14条1項地図（国調法19-5指定）,P-F,,,,,,
46201-3400-16.zip,065-2,500,false,-159568.923,-45119.408,-159418.926,-45119.410,-159568.921,-44919.405,-159418.925,-44919.407,土地区画整理所在図,法第14条1項地図（国調法19-5指定）,P-F,,,,,,
46201-3400-16.zip,065-3,500,false,-159718.920,-45319.408,-159568.923,-45319.410,-159718.919,-45119.406,-159568.923,-45119.408,土地区画整理所在図,法第14条1項地図（国調法19-5指定）,P-F,,,,,,
46201-3400-16.zip,065-4,500,false,-159718.919,-45119.406,-159568.923,-45119.408,-159718.918,-44919.404,-159568.921,-44919.405,土地区画整理所在図,法第14条1項地図（国調法19-5指定）,P-F,,,,,,
46201-3400-16.zip,065-5,500,false,-159868.916,-45319.406,-159718.920,-45319.408,-159868.915,-45119.405,-159718.919,-45119.406,土地区画整理所在図,法第14条1項地図（国調法19-5指定）,P-F,,,,,,
46201-3400-16.zip,065-6,500,false,-159868.915,-45119.405,-159718.919,-45119.406,-159868.915,-44919.403,-159718.918,-44919.404,土地区画整理所在図,法第14条1項地図（国調法19-5指定）,P-F,,,,,,
46201-3400-160.zip,D1  15,1000,false,-146928.817,-52619.716,-146628.815,-52619.723,-146928.819,-52219.699,-146628.817,-52219.707,地籍図,法第14条1項地図,P-F,,,,,,
46201-3400-160.zip,D1  23,1000,false,-147228.811,-53419.746,-146928.809,-53419.751,-147228.815,-53019.728,-146928.813,-53019.734,地籍図,法第14条1項地図,P-F,,,,,,
46201-3400-160.zip,D1  24,1000,false,-147228.815,-53019.728,-146928.813,-53019.734,-147228.818,-52619.710,-146928.817,-52619.716,地籍図,法第14条1項地図,P-F,,,,,,
46201-3400-160.zip,D1  25,1000,false,-147228.818,-52619.710,-146928.817,-52619.716,-147228.821,-52219.692,-146928.819,-52219.699,地籍図,法第14条1項地図,P-F,,,,,,
46201-3400-160.zip,D1  33,1000,false,-147528.814,-53419.739,-147228.811,-53419.746,-147528.817,-53019.721,-147228.815,-53019.728,地籍図,法第14条1項地図,P-F,,,,,,
46201-3400-160.zip,D1  34,1000,false,-147528.817,-53019.721,-147228.815,-53019.728,-147528.820,-52619.703,-147228.818,-52619.710,地籍図,法第14条1項地図,P-F,,,,,,
46201-3400-160.zip,D1  35,1000,false,-147528.820,-52619.703,-147228.818,-52619.710,-147528.822,-52219.685,-147228.821,-52219.692,地籍図,法第14条1項地図,P-F,,,,,,
46201-3400-160.zip,D1  43,1000,false,-147828.817,-53419.732,-147528.814,-53419.739,-147828.819,-53019.714,-147528.817,-53019.721,地籍図,法第14条1項地図,P-F,,,,,,
46201-3400-160.zip,D1  44,1000,false,-147828.819,-53019.714,-147528.817,-53019.721,-147828.821,-52619.696,-147528.820,-52619.703,地籍図,法第14条1項地図,P-F,,,,,,
46201-3400-160.zip,D1  45,1000,false,-147828.821,-52619.696,-147528.820,-52619.703,-147828.822,-52219.677,-147528.822,-52219.685,地籍図,法第14条1項地図,P-F,,,,,,
46201-3400-160.zip,D1  53,1000,false,-148128.821,-53419.725,-147828.817,-53419.732,-148128.821,-53019.706,-147828.819,-53019.714,地籍図,法第14条1項地図,P-F,,,,,,
46201-3400-160.zip,D1  54,1000,false,-148128.821,-53019.706,-147828.819,-53019.714,-148128.821,-52619.688,-147828.821,-52619.696,地籍図,法第14条1項地図,P-F,,,,,,
46201-3400-160.zip,D1  55,1000,false,-148128.821,-52619.688,-147828.821,-52619.696,-148128.823,-52219.670,-147828.822,-52219.677,地籍図,法第14条1項地図,P-F,,,,,,
46201-3400-160.zip,E1  11,1000,false,-146928.819,-52219.699,-146628.817,-52219.707,-146928.819,-51819.683,-146628.817,-51819.691,地籍図,法第14条1項地図,P-F,,,,,,
46201-3400-160.zip,E1  12,1000,false,-146928.819,-51819.683,-146628.817,-51819.691,-146928.819,-51419.667,-146628.817,-51419.675,地籍図,法第14条1項地図,P-F,,,,,,
46201-3400-160.zip,E1  13,1000,false,-146928.819,-51419.667,-146628.817,-51419.675,-146928.817,-51019.652,-146628.815,-51019.661,地籍図,法第14条1項地図,P-F,,,,,,
46201-3400-160.zip,E1  21,1000,false,-147228.821,-52219.692,-146928.819,-52219.699,-147228.821,-51819.676,-146928.819,-51819.683,地籍図,法第14条1項地図,P-F,,,,,,
46201-3400-160.zip,E1  22,1000,false,-147228.821,-51819.676,-146928.819,-51819.683,-147228.821,-51419.659,-146928.819,-51419.667,地籍図,法第14条1項地図,P-F,,,,,,
46201-3400-160.zip,E1  23,1000,false,-147228.821,-51419.659,-146928.819,-51419.667,-147228.819,-51019.643,-146928.817,-51019.652,地籍図,法第14条1項地図,P-F,,,,,,
46201-3400-160.zip,E1  31,1000,false,-147528.822,-52219.685,-147228.821,-52219.692,-147528.823,-51819.668,-147228.821,-51819.676,地籍図,法第14条1項地図,P-F,,,,,,
46201-3400-160.zip,E1  32,1000,false,-147528.823,-51819.668,-147228.821,-51819.676,-147528.824,-51419.650,-147228.821,-51419.659,地籍図,法第14条1項地図,P-F,,,,,,
46201-3400-160.zip,E1  33,1000,false,-147528.824,-51419.650,-147228.821,-51419.659,-147528.823,-51019.634,-147228.819,-51019.643,地籍図,法第14条1項地図,P-F,,,,,,
46201-3400-160.zip,E1  34,1000,false,-147528.823,-51019.634,-147228.819,-51019.643,-147528.818,-50619.618,-147228.816,-50619.628,地籍図,法第14条1項地図,P-F,,,,,,
46201-3400-160.zip,E1  41,1000,false,-147828.822,-52219.677,-147528.822,-52219.685,-147828.825,-51819.659,-147528.823,-51819.668,地籍図,法第14条1項地図,P-F,,,,,,
46201-3400-160.zip,E1  42,1000,false,-147828.825,-51819.659,-147528.823,-51819.668,-147828.827,-51419.641,-147528.824,-51419.650,地籍図,法第14条1項地図,P-F,,,,,,
46201-3400-160.zip,D1  14,1000,false,-146928.813,-53019.734,-146628.812,-53019.739,-146928.817,-52619.716,-146628.815,-52619.723,地籍図,法第14条1項地図,P-F,,,,,,
46201-3400-160.zip,E1  43,1000,false,-147828.827,-51419.641,-147528.824,-51419.650,-147828.826,-51019.624,-147528.823,-51019.634,地籍図,法第14条1項地図,P-F,,,,,,
46201-3400-160.zip,E1  44,1000,false,-147828.826,-51019.624,-147528.823,-51019.634,-147828.821,-50619.608,-147528.818,-50619.618,地籍図,法第14条1項地図,P-F,,,,,,
46201-3400-160.zip,E1  51,1000,false,-148128.823,-52219.670,-147828.822,-52219.677,-148128.826,-51819.651,-147828.825,-51819.659,地籍図,法第14条1項地図,P-F,,,,,,
46201-3400-160.zip,E1  52,1000,false,-148128.826,-51819.651,-147828.825,-51819.659,-148128.830,-51419.632,-147828.827,-51419.641,地籍図,法第14条1項地図,P-F,,,,,,
46201-3400-160.zip,E1  54,1000,false,-148128.830,-51019.615,-147828.826,-51019.624,-148128.823,-50619.598,-147828.821,-50619.608,地籍図,法第14条1項地図,P-F,,,,,,
46201-3400-160.zip,H1  13,1000,false,-148428.822,-53419.717,-148128.821,-53419.725,-148428.821,-53019.698,-148128.821,-53019.706,地籍図,法第14条1項地図,P-F,,,,,,
46201-3400-160.zip,H1  14,1000,false,-148428.821,-53019.698,-148128.821,-53019.706,-148428.820,-52619.680,-148128.821,-52619.688,地籍図,法第14条1項地図,P-F,,,,,,
46201-3400-160.zip,H1  15,1000,false,-148428.820,-52619.680,-148128.821,-52619.688,-148428.822,-52219.661,-148128.823,-52219.670,地籍図,法第14条1項地図,P-F,,,,,,
46201-3400-160.zip,H1  23,1000,false,-148728.820,-53419.709,-148428.822,-53419.717,-148728.819,-53019.690,-148428.821,-53019.698,地籍図,法第14条1項地図,P-F,,,,,,
46201-3400-160.zip,H1  24,1000,false,-148728.819,-53019.690,-148428.821,-53019.698,-148728.818,-52619.671,-148428.820,-52619.680,地籍図,法第14条1項地図,P-F,,,,,,
46201-3400-160.zip,H1  25,1000,false,-148728.818,-52619.671,-148428.820,-52619.680,-148728.821,-52219.652,-148428.822,-52219.661,地籍図,法第14条1項地図,P-F,,,,,,
46201-3400-160.zip,H1  34,1000,false,-149028.817,-53019.681,-148728.819,-53019.690,-149028.816,-52619.662,-148728.818,-52619.671,地籍図,法第14条1項地図,P-F,,,,,,
46201-3400-160.zip,H1  35,1000,false,-149028.816,-52619.662,-148728.818,-52619.671,-149028.819,-52219.643,-148728.821,-52219.652,地籍図,法第14条1項地図,P-F,,,,,,
46201-3400-160.zip,J1  11,1000,false,-148428.822,-52219.661,-148128.823,-52219.670,-148428.828,-51819.642,-148128.826,-51819.651,地籍図,法第14条1項地図,P-F,,,,,,
46201-3400-160.zip,J1  12,1000,false,-148428.828,-51819.642,-148128.826,-51819.651,-148428.833,-51419.624,-148128.830,-51419.632,地籍図,法第14条1項地図,P-F,,,,,,
46201-3400-160.zip,J1  13,1000,false,-148428.833,-51419.624,-148128.830,-51419.632,-148428.834,-51019.606,-148128.830,-51019.615,地籍図,法第14条1項地図,P-F,,,,,,
46201-3400-160.zip,J1  14,1000,false,-148428.834,-51019.606,-148128.830,-51019.615,-148428.827,-50619.590,-148128.823,-50619.598,地籍図,法第14条1項地図,P-F,,,,,,
46201-3400-160.zip,J1  21,1000,false,-148728.821,-52219.652,-148428.822,-52219.661,-148728.829,-51819.634,-148428.828,-51819.642,地籍図,法第14条1項地図,P-F,,,,,,
46201-3400-160.zip,J1  22,1000,false,-148728.829,-51819.634,-148428.828,-51819.642,-148728.836,-51419.615,-148428.833,-51419.624,地籍図,法第14条1項地図,P-F,,,,,,
46201-3400-160.zip,J1  23,1000,false,-148728.836,-51419.615,-148428.833,-51419.624,-148728.838,-51019.598,-148428.834,-51019.606,地籍図,法第14条1項地図,P-F,,,,,,
46201-3400-160.zip,J1  24,1000,false,-148728.838,-51019.598,-148428.834,-51019.606,-148728.832,-50619.584,-148428.827,-50619.590,地籍図,法第14条1項地図,P-F,,,,,,
46201-3400-160.zip,J1  31,1000,false,-149028.819,-52219.643,-148728.821,-52219.652,-149028.830,-51819.625,-148728.829,-51819.634,地籍図,法第14条1項地図,P-F,,,,,,
46201-3400-160.zip,J1  32,1000,false,-149028.830,-51819.625,-148728.829,-51819.634,-149028.840,-51419.607,-148728.836,-51419.615,地籍図,法第14条1項地図,P-F,,,,,,
46201-3400-160.zip,J1  33,1000,false,-149028.840,-51419.607,-148728.836,-51419.615,-149028.843,-51019.591,-148728.838,-51019.598,地籍図,法第14条1項地図,P-F,,,,,,
46201-3400-160.zip,J1  42,1000,false,-149328.825,-51819.616,-149028.830,-51819.625,-149328.837,-51419.599,-149028.840,-51419.607,地籍図,法第14条1項地図,P-F,,,,,,
46201-3400-160.zip,J1  43,1000,false,-149328.837,-51419.599,-149028.840,-51419.607,-149328.841,-51019.584,-149028.843,-51019.591,地籍図,法第14条1項地図,P-F,,,,,,
46201-3400-160.zip,Z   42,1000,false,-146328.815,-51819.698,-146028.813,-51819.705,-146328.814,-51419.684,-146028.812,-51419.691,地籍図,法第14条1項地図,P-F,,,,,,
46201-3400-160.zip,Z   43,1000,false,-146328.814,-51419.684,-146028.812,-51419.691,-146328.812,-51019.670,-146028.810,-51019.678,地籍図,法第14条1項地図,P-F,,,,,,
46201-3400-160.zip,Z   52,1000,false,-146628.817,-51819.691,-146328.815,-51819.698,-146628.817,-51419.675,-146328.814,-51419.684,地籍図,法第14条1項地図,P-F,,,,,,
46201-3400-160.zip,E1  53,1000,false,-148128.830,-51419.632,-147828.827,-51419.641,-148128.830,-51019.615,-147828.826,-51019.624,地籍図,法第14条1項地図,P-F,,,,,,
46201-3400-160.zip,Z   53,1000,false,-146628.817,-51419.675,-146328.814,-51419.684,-146628.815,-51019.661,-146328.812,-51019.670,地籍図,法第14条1項地図,P-F,,,,,,
46201-3400-161.zip,Z   31,1000,false,-146028.814,-52219.720,-145728.813,-52219.726,-146028.813,-51819.705,-145728.811,-51819.712,地籍図,法第14条1項地図,P-F,,,,,,
46201-3400-161.zip,Z   32,1000,false,-146028.813,-51819.705,-145728.811,-51819.712,-146028.812,-51419.691,-145728.809,-51419.699,地籍図,法第14条1項地図,P-F,,,,,,
46201-3400-161.zip,Z   33,1000,false,-146028.812,-51419.691,-145728.809,-51419.699,-146028.810,-51019.678,-145728.807,-51019.686,地籍図,法第14条1項地図,P-F,,,,,,
46201-3400-161.zip,Z   42,1000,false,-146328.815,-51819.698,-146028.813,-51819.705,-146328.814,-51419.684,-146028.812,-51419.691,地籍図,法第14条1項地図,P-F,,,,,,
46201-3400-161.zip,Z   43,1000,false,-146328.814,-51419.684,-146028.812,-51419.691,-146328.812,-51019.670,-146028.810,-51019.678,地籍図,法第14条1項地図,P-F,,,,,,
46201-3400-161.zip,Z   11,1000,false,-145428.811,-52219.732,-145128.810,-52219.736,-145428.809,-51819.719,-145128.806,-51819.724,地籍図,法第14条1項地図,P-F,,,,,,
46201-3400-161.zip,Z   21,1000,false,-145728.813,-52219.726,-145428.811,-52219.732,-145728.811,-51819.712,-145428.809,-51819.719,地籍図,法第14条1項地図,P-F,,,,,,
46201-3400-161.zip,Z   22,1000,false,-145728.811,-51819.712,-145428.809,-51819.719,-145728.809,-51419.699,-145428.807,-51419.706,地籍図,法第14条1項地図,P-F,,,,,,
46201-3400-161.zip,Z   23,1000,false,-145728.809,-51419.699,-145428.807,-51419.706,-145728.807,-51019.686,-145428.804,-51019.694,地籍図,法第14条1項地図,P-F,,,,,,
46201-3400-162.zip,T   22,1000,false,-144228.781,-49819.696,-143928.776,-49819.704,-144228.779,-49419.683,-143928.774,-49419.690,地籍図,法第14条1項地図,P-F,,,,,,
46201-3400-162.zip,T   23,1000,false,-144228.779,-49419.683,-143928.774,-49419.690,-144228.778,-49019.670,-143928.772,-49019.676,地籍図,法第14条1項地図,P-F,,,,,,
46201-3400-162.zip,T   24,1000,false,-144228.778,-49019.670,-143928.772,-49019.676,-144228.777,-48619.657,-143928.771,-48619.664,地籍図,法第14条1項地図,P-F,,,,,,
46201-3400-162.zip,T   25,1000,false,-144228.777,-48619.657,-143928.771,-48619.664,-144228.777,-48219.646,-143928.772,-48219.653,地籍図,法第14条1項地図,P-F,,,,,,
46201-3400-162.zip,T   31,1000,false,-144528.789,-50219.697,-144228.784,-50219.705,-144528.787,-49819.687,-144228.781,-49819.696,地籍図,法第14条1項地図,P-F,,,,,,
46201-3400-162.zip,T   32,1000,false,-144528.787,-49819.687,-144228.781,-49819.696,-144528.785,-49419.675,-144228.779,-49419.683,地籍図,法第14条1項地図,P-F,,,,,,
46201-3400-162.zip,T   33,1000,false,-144528.785,-49419.675,-144228.779,-49419.683,-144528.783,-49019.663,-144228.778,-49019.670,地籍図,法第14条1項地図,P-F,,,,,,
46201-3400-162.zip,T   34,1000,false,-144528.783,-49019.663,-144228.778,-49019.670,-144528.782,-48619.651,-144228.777,-48619.657,地籍図,法第14条1項地図,P-F,,,,,,
46201-3400-162.zip,T   35,1000,false,-144528.782,-48619.651,-144228.777,-48619.657,-144528.782,-48219.639,-144228.777,-48219.646,地籍図,法第14条1項地図,P-F,,,,,,
46201-3400-162.zip,T   41,1000,false,-144828.792,-50219.689,-144528.789,-50219.697,-144828.790,-49819.678,-144528.787,-49819.687,地籍図,法第14条1項地図,P-F,,,,,,
46201-3400-162.zip,T   42,1000,false,-144828.790,-49819.678,-144528.787,-49819.687,-144828.789,-49419.666,-144528.785,-49419.675,地籍図,法第14条1項地図,P-F,,,,,,
46201-3400-162.zip,T   43,1000,false,-144828.789,-49419.666,-144528.785,-49419.675,-144828.787,-49019.654,-144528.783,-49019.663,地籍図,法第14条1項地図,P-F,,,,,,
46201-3400-162.zip,T   44,1000,false,-144828.787,-49019.654,-144528.783,-49019.663,-144828.786,-48619.642,-144528.782,-48619.651,地籍図,法第14条1項地図,P-F,,,,,,
46201-3400-162.zip,T   51,1000,false,-145128.795,-50219.680,-144828.792,-50219.689,-145128.793,-49819.669,-144828.790,-49819.678,地籍図,法第14条1項地図,P-F,,,,,,
46201-3400-162.zip,T   52,1000,false,-145128.793,-49819.669,-144828.790,-49819.678,-145128.792,-49419.657,-144828.789,-49419.666,地籍図,法第14条1項地図,P-F,,,,,,
46201-3400-162.zip,T   53,1000,false,-145128.792,-49419.657,-144828.789,-49419.666,-145128.791,-49019.645,-144828.787,-49019.654,地籍図,法第14条1項地図,P-F,,,,,,
46201-3400-162.zip,T   54,1000,false,-145128.791,-49019.645,-144828.787,-49019.654,-145128.790,-48619.633,-144828.786,-48619.642,地籍図,法第14条1項地図,P-F,,,,,,
46201-3400-162.zip,Z   15,1000,false,-145428.801,-50619.683,-145128.798,-50619.691,-145428.799,-50219.672,-145128.795,-50219.680,地籍図,法第14条1項地図,P-F,,,,,,
46201-3400-162.zip,Z   25,1000,false,-145728.804,-50619.674,-145428.801,-50619.683,-145728.801,-50219.663,-145428.799,-50219.672,地籍図,法第14条1項地図,P-F,,,,,,
46201-3400-162.zip,Z   35,1000,false,-146028.806,-50619.666,-145728.804,-50619.674,-146028.803,-50219.653,-145728.801,-50219.663,地籍図,法第14条1項地図,P-F,,,,,,
46201-3400-162.zip,Z   45,1000,false,-146328.809,-50619.657,-146028.806,-50619.666,-146328.805,-50219.644,-146028.803,-50219.653,地籍図,法第14条1項地図,P-F,,,,,,
46201-3400-162.zip,S   45,1000,false,-144828.794,-50619.699,-144528.790,-50619.706,-144828.792,-50219.689,-144528.789,-50219.697,地籍図,法第14条1項地図,P-F,,,,,,
46201-3400-162.zip,S   55,1000,false,-145128.798,-50619.691,-144828.794,-50619.699,-145128.795,-50219.680,-144828.792,-50219.689,地籍図,法第14条1項地図,P-F,,,,,,
46201-3400-162.zip,T   11,1000,false,-143928.779,-50219.713,-143628.773,-50219.720,-143928.776,-49819.704,-143628.770,-49819.712,地籍図,法第14条1項地図,P-F,,,,,,
46201-3400-162.zip,A1  21,1000,false,-145728.801,-50219.663,-145428.799,-50219.672,-145728.799,-49819.651,-145428.797,-49819.660,地籍図,法第14条1項地図,P-F,,,,,,
46201-3400-162.zip,T   12,1000,false,-143928.776,-49819.704,-143628.770,-49819.712,-143928.774,-49419.690,-143628.768,-49419.698,地籍図,法第14条1項地図,P-F,,,,,,
46201-3400-162.zip,T   13,1000,false,-143928.774,-49419.690,-143628.768,-49419.698,-143928.772,-49019.676,-143628.766,-49019.683,地籍図,法第14条1項地図,P-F,,,,,,
46201-3400-162.zip,T   14,1000,false,-143928.772,-49019.676,-143628.766,-49019.683,-143928.771,-48619.664,-143628.765,-48619.670,地籍図,法第14条1項地図,P-F,,,,,,
46201-3400-162.zip,T   21,1000,false,-144228.784,-50219.705,-143928.779,-50219.713,-144228.781,-49819.696,-143928.776,-49819.704,地籍図,法第14条1項地図,P-F,,,,,,
46201-3400-162.zip,A1  41,1000,false,-146328.805,-50219.644,-146028.803,-50219.653,-146328.803,-49819.632,-146028.801,-49819.641,地籍図,法第14条1項地図,P-F,,,,,,
46201-3400-162.zip,A1  42,1000,false,-146328.803,-49819.632,-146028.801,-49819.641,-146328.802,-49419.620,-146028.800,-49419.629,地籍図,法第14条1項地図,P-F,,,,,,
46201-3400-162.zip,L   34,1000,false,-143028.770,-51019.729,-142728.764,-51019.731,-143028.764,-50619.724,-142728.758,-50619.725,地籍図,法第14条1項地図,P-F,,,,,,
46201-3400-162.zip,L   35,1000,false,-143028.764,-50619.724,-142728.758,-50619.725,-143028.759,-50219.719,-142728.751,-50219.718,地籍図,法第14条1項地図,P-F,,,,,,
46201-3400-162.zip,L   44,1000,false,-143328.776,-51019.728,-143028.770,-51019.729,-143328.771,-50619.724,-143028.764,-50619.724,地籍図,法第14条1項地図,P-F,,,,,,
46201-3400-162.zip,L   45,1000,false,-143328.771,-50619.724,-143028.764,-50619.724,-143328.766,-50219.719,-143028.759,-50219.719,地籍図,法第14条1項地図,P-F,,,,,,
46201-3400-162.zip,L   54,1000,false,-143628.782,-51019.727,-143328.776,-51019.728,-143628.778,-50619.724,-143328.771,-50619.724,地籍図,法第14条1項地図,P-F,,,,,,
46201-3400-162.zip,L   55,1000,false,-143628.778,-50619.724,-143328.771,-50619.724,-143628.773,-50219.720,-143328.766,-50219.719,地籍図,法第14条1項地図,P-F,,,,,,
46201-3400-162.zip,M   31,1000,false,-143028.759,-50219.719,-142728.751,-50219.718,-143028.754,-49819.711,-142728.746,-49819.710,地籍図,法第14条1項地図,P-F,,,,,,
46201-3400-162.zip,M   32,1000,false,-143028.754,-49819.711,-142728.746,-49819.710,-143028.751,-49419.699,-142728.743,-49419.700,地籍図,法第14条1項地図,P-F,,,,,,
46201-3400-162.zip,M   33,1000,false,-143028.751,-49419.699,-142728.743,-49419.700,-143028.749,-49019.687,-142728.740,-49019.690,地籍図,法第14条1項地図,P-F,,,,,,
46201-3400-162.zip,M   41,1000,false,-143328.766,-50219.719,-143028.759,-50219.719,-143328.762,-49819.712,-143028.754,-49819.711,地籍図,法第14条1項地図,P-F,,,,,,
46201-3400-162.zip,M   42,1000,false,-143328.762,-49819.712,-143028.754,-49819.711,-143328.760,-49419.698,-143028.751,-49419.699,地籍図,法第14条1項地図,P-F,,,,,,
46201-3400-162.zip,M   43,1000,false,-143328.760,-49419.698,-143028.751,-49419.699,-143328.757,-49019.685,-143028.749,-49019.687,地籍図,法第14条1項地図,P-F,,,,,,
46201-3400-162.zip,M   51,1000,false,-143628.773,-50219.720,-143328.766,-50219.719,-143628.770,-49819.712,-143328.762,-49819.712,地籍図,法第14条1項地図,P-F,,,,,,
46201-3400-162.zip,M   52,1000,false,-143628.770,-49819.712,-143328.762,-49819.712,-143628.768,-49419.698,-143328.760,-49419.698,地籍図,法第14条1項地図,P-F,,,,,,
46201-3400-162.zip,M   53,1000,false,-143628.768,-49419.698,-143328.760,-49419.698,-143628.766,-49019.683,-143328.757,-49019.685,地籍図,法第14条1項地図,P-F,,,,,,
46201-3400-162.zip,S   14,1000,false,-143928.786,-51019.723,-143628.782,-51019.727,-143928.782,-50619.718,-143628.778,-50619.724,地籍図,法第14条1項地図,P-F,,,,,,
46201-3400-162.zip,S   15,1000,false,-143928.782,-50619.718,-143628.778,-50619.724,-143928.779,-50219.713,-143628.773,-50219.720,地籍図,法第14条1項地図,P-F,,,,,,
46201-3400-162.zip,S   25,1000,false,-144228.786,-50619.712,-143928.782,-50619.718,-144228.784,-50219.705,-143928.779,-50219.713,地籍図,法第14条1項地図,P-F,,,,,,
46201-3400-162.zip,S   35,1000,false,-144528.790,-50619.706,-144228.786,-50619.712,-144528.789,-50219.697,-144228.784,-50219.705,地籍図,法第14条1項地図,P-F,,,,,,
46201-3400-162.zip,A1  11,1000,false,-145428.799,-50219.672,-145128.795,-50219.680,-145428.797,-49819.660,-145128.793,-49819.669,地籍図,法第14条1項地図,P-F,,,,,,
46201-3400-162.zip,A1  12,1000,false,-145428.797,-49819.660,-145128.793,-49819.669,-145428.796,-49419.648,-145128.792,-49419.657,地籍図,法第14条1項地図,P-F,,,,,,
46201-3400-162.zip,A1  13,1000,false,-145428.796,-49419.648,-145128.792,-49419.657,-145428.795,-49019.636,-145128.791,-49019.645,地籍図,法第14条1項地図,P-F,,,,,,
46201-3400-162.zip,A1  14,1000,false,-145428.795,-49019.636,-145128.791,-49019.645,-145428.794,-48619.624,-145128.790,-48619.633,地籍図,法第14条1項地図,P-F,,,,,,
46201-3400-162.zip,A1  22,1000,false,-145728.799,-49819.651,-145428.797,-49819.660,-145728.798,-49419.639,-145428.796,-49419.648,地籍図,法第14条1項地図,P-F,,,,,,
46201-3400-162.zip,A1  31,1000,false,-146028.803,-50219.653,-145728.801,-50219.663,-146028.801,-49819.641,-145728.799,-49819.651,地籍図,法第14条1項地図,P-F,,,,,,
46201-3400-162.zip,A1  32,1000,false,-146028.801,-49819.641,-145728.799,-49819.651,-146028.800,-49419.629,-145728.798,-49419.639,地籍図,法第14条1項地図,P-F,,,,,,
46201-3400-163.zip,W   45,1000,false,-146328.814,-52619.729,-146028.813,-52619.734,-146328.816,-52219.713,-146028.814,-52219.720,地籍図,法第14条1項地図,P-F,,,,,,
46201-3400-163.zip,W   54,1000,false,-146628.812,-53019.739,-146328.811,-53019.745,-146628.815,-52619.723,-146328.814,-52619.729,地籍図,法第14条1項地図,P-F,,,,,,
46201-3400-163.zip,W   55,1000,false,-146628.815,-52619.723,-146328.814,-52619.729,-146628.817,-52219.707,-146328.816,-52219.713,地籍図,法第14条1項地図,P-F,,,,,,
46201-3400-163.zip,Z   11,1000,false,-145428.811,-52219.732,-145128.810,-52219.736,-145428.809,-51819.719,-145128.806,-51819.724,地籍図,法第14条1項地図,P-F,,,,,,
46201-3400-163.zip,Z   21,1000,false,-145728.813,-52219.726,-145428.811,-52219.732,-145728.811,-51819.712,-145428.809,-51819.719,地籍図,法第14条1項地図,P-F,,,,,,
46201-3400-163.zip,Z   22,1000,false,-145728.811,-51819.712,-145428.809,-51819.719,-145728.809,-51419.699,-145428.807,-51419.706,地籍図,法第14条1項地図,P-F,,,,,,
46201-3400-163.zip,Z   31,1000,false,-146028.814,-52219.720,-145728.813,-52219.726,-146028.813,-51819.705,-145728.811,-51819.712,地籍図,法第14条1項地図,P-F,,,,,,
46201-3400-163.zip,Z   32,1000,false,-146028.813,-51819.705,-145728.811,-51819.712,-146028.812,-51419.691,-145728.809,-51419.699,地籍図,法第14条1項地図,P-F,,,,,,
46201-3400-163.zip,Z   41,1000,false,-146328.816,-52219.713,-146028.814,-52219.720,-146328.815,-51819.698,-146028.813,-51819.705,地籍図,法第14条1項地図,P-F,,,,,,
46201-3400-163.zip,Z   42,1000,false,-146328.815,-51819.698,-146028.813,-51819.705,-146328.814,-51419.684,-146028.812,-51419.691,地籍図,法第14条1項地図,P-F,,,,,,
46201-3400-163.zip,Z   51,1000,false,-146628.817,-52219.707,-146328.816,-52219.713,-146628.817,-51819.691,-146328.815,-51819.698,地籍図,法第14条1項地図,P-F,,,,,,
46201-3400-163.zip,Z   52,1000,false,-146628.817,-51819.691,-146328.815,-51819.698,-146628.817,-51419.675,-146328.814,-51419.684,地籍図,法第14条1項地図,P-F,,,,,,
46201-3400-163.zip,W   35,1000,false,-146028.813,-52619.734,-145728.812,-52619.740,-146028.814,-52219.720,-145728.813,-52219.726,地籍図,法第14条1項地図,P-F,,,,,,
46201-3400-163.zip,W   43,1000,false,-146328.807,-53419.761,-146028.808,-53419.765,-146328.811,-53019.745,-146028.811,-53019.750,地籍図,法第14条1項地図,P-F,,,,,,
46201-3400-163.zip,W   44,1000,false,-146328.811,-53019.745,-146028.811,-53019.750,-146328.814,-52619.729,-146028.813,-52619.734,地籍図,法第14条1項地図,P-F,,,,,,
46201-3400-163.zip,E1  12,1000,false,-146928.819,-51819.683,-146628.817,-51819.691,-146928.819,-51419.667,-146628.817,-51419.675,地籍図,法第14条1項地図,P-F,,,,,,
46201-3400-163.zip,R   14,1000,false,-143928.810,-53019.773,-143628.809,-53019.775,-143928.806,-52619.760,-143628.804,-52619.761,地籍図,法第14条1項地図,P-F,,,,,,
46201-3400-163.zip,R   15,1000,false,-143928.806,-52619.760,-143628.804,-52619.761,-143928.801,-52219.748,-143628.798,-52219.749,地籍図,法第14条1項地図,P-F,,,,,,
46201-3400-163.zip,R   23,1000,false,-144228.814,-53419.784,-143928.814,-53419.786,-144228.811,-53019.771,-143928.810,-53019.773,地籍図,法第14条1項地図,P-F,,,,,,
46201-3400-163.zip,R   24,1000,false,-144228.811,-53019.771,-143928.810,-53019.773,-144228.808,-52619.758,-143928.806,-52619.760,地籍図,法第14条1項地図,P-F,,,,,,
46201-3400-163.zip,R   25,1000,false,-144228.808,-52619.758,-143928.806,-52619.760,-144228.804,-52219.746,-143928.801,-52219.748,地籍図,法第14条1項地図,P-F,,,,,,
46201-3400-163.zip,R   33,1000,false,-144528.815,-53419.782,-144228.814,-53419.784,-144528.812,-53019.769,-144228.811,-53019.771,地籍図,法第14条1項地図,P-F,,,,,,
46201-3400-163.zip,R   34,1000,false,-144528.812,-53019.769,-144228.811,-53019.771,-144528.810,-52619.757,-144228.808,-52619.758,地籍図,法第14条1項地図,P-F,,,,,,
46201-3400-163.zip,R   35,1000,false,-144528.810,-52619.757,-144228.808,-52619.758,-144528.806,-52219.745,-144228.804,-52219.746,地籍図,法第14条1項地図,P-F,,,,,,
46201-3400-163.zip,R   44,1000,false,-144828.812,-53019.766,-144528.812,-53019.769,-144828.810,-52619.753,-144528.810,-52619.757,地籍図,法第14条1項地図,P-F,,,,,,
46201-3400-163.zip,R   45,1000,false,-144828.810,-52619.753,-144528.810,-52619.757,-144828.808,-52219.741,-144528.806,-52219.745,地籍図,法第14条1項地図,P-F,,,,,,
46201-3400-163.zip,R   52,1000,false,-145128.812,-53819.787,-144828.815,-53819.789,-145128.812,-53419.776,-144828.813,-53419.779,地籍図,法第14条1項地図,P-F,,,,,,
46201-3400-163.zip,D1  14,1000,false,-146928.813,-53019.734,-146628.812,-53019.739,-146928.817,-52619.716,-146628.815,-52619.723,地籍図,法第14条1項地図,P-F,,,,,,
46201-3400-163.zip,D1  15,1000,false,-146928.817,-52619.716,-146628.815,-52619.723,-146928.819,-52219.699,-146628.817,-52219.707,地籍図,法第14条1項地図,P-F,,,,,,
46201-3400-163.zip,D1  25,1000,false,-147228.818,-52619.710,-146928.817,-52619.716,-147228.821,-52219.692,-146928.819,-52219.699,地籍図,法第14条1項地図,P-F,,,,,,
46201-3400-163.zip,E1  11,1000,false,-146928.819,-52219.699,-146628.817,-52219.707,-146928.819,-51819.683,-146628.817,-51819.691,地籍図,法第14条1項地図,P-F,,,,,,
46201-3400-163.zip,R   53,1000,false,-145128.812,-53419.776,-144828.813,-53419.779,-145128.811,-53019.763,-144828.812,-53019.766,地籍図,法第14条1項地図,P-F,,,,,,
46201-3400-163.zip,R   54,1000,false,-145128.811,-53019.763,-144828.812,-53019.766,-145128.811,-52619.749,-144828.810,-52619.753,地籍図,法第14条1項地図,P-F,,,,,,
46201-3400-163.zip,R   55,1000,false,-145128.811,-52619.749,-144828.810,-52619.753,-145128.810,-52219.736,-144828.808,-52219.741,地籍図,法第14条1項地図,P-F,,,,,,
46201-3400-163.zip,S   41,1000,false,-144828.808,-52219.741,-144528.806,-52219.745,-144828.804,-51819.730,-144528.801,-51819.735,地籍図,法第14条1項地図,P-F,,,,,,
46201-3400-163.zip,S   51,1000,false,-145128.810,-52219.736,-144828.808,-52219.741,-145128.806,-51819.724,-144828.804,-51819.730,地籍図,法第14条1項地図,P-F,,,,,,
46201-3400-163.zip,W   13,1000,false,-145428.810,-53419.773,-145128.812,-53419.776,-145428.811,-53019.759,-145128.811,-53019.763,地籍図,法第14条1項地図,P-F,,,,,,
46201-3400-163.zip,W   14,1000,false,-145428.811,-53019.759,-145128.811,-53019.763,-145428.812,-52619.745,-145128.811,-52619.749,地籍図,法第14条1項地図,P-F,,,,,,
46201-3400-163.zip,W   15,1000,false,-145428.812,-52619.745,-145128.811,-52619.749,-145428.811,-52219.732,-145128.810,-52219.736,地籍図,法第14条1項地図,P-F,,,,,,
46201-3400-163.zip,W   23,1000,false,-145728.809,-53419.769,-145428.810,-53419.773,-145728.811,-53019.755,-145428.811,-53019.759,地籍図,法第14条1項地図,P-F,,,,,,
46201-3400-163.zip,W   24,1000,false,-145728.811,-53019.755,-145428.811,-53019.759,-145728.812,-52619.740,-145428.812,-52619.745,地籍図,法第14条1項地図,P-F,,,,,,
46201-3400-163.zip,W   25,1000,false,-145728.812,-52619.740,-145428.812,-52619.745,-145728.813,-52219.726,-145428.811,-52219.732,地籍図,法第14条1項地図,P-F,,,,,,
46201-3400-163.zip,W   33,1000,false,-146028.808,-53419.765,-145728.809,-53419.769,-146028.811,-53019.750,-145728.811,-53019.755,地籍図,法第14条1項地図,P-F,,,,,,
46201-3400-163.zip,W   34,1000,false,-146028.811,-53019.750,-145728.811,-53019.755,-146028.813,-52619.734,-145728.812,-52619.740,地籍図,法第14条1項地図,P-F,,,,,,
46201-3400-164.zip,L   15,1000,false,-142428.750,-50619.725,-142128.742,-50619.725,-142428.743,-50219.718,-142128.735,-50219.717,地籍図,法第14条1項地図,P-F,,,,,,
46201-3400-164.zip,L   24,1000,false,-142728.764,-51019.731,-142428.757,-51019.732,-142728.758,-50619.725,-142428.750,-50619.725,地籍図,法第14条1項地図,P-F,,,,,,
46201-3400-164.zip,L   25,1000,false,-142728.758,-50619.725,-142428.750,-50619.725,-142728.751,-50219.718,-142428.743,-50219.718,地籍図,法第14条1項地図,P-F,,,,,,
46201-3400-164.zip,L   34,1000,false,-143028.770,-51019.729,-142728.764,-51019.731,-143028.764,-50619.724,-142728.758,-50619.725,地籍図,法第14条1項地図,P-F,,,,,,
46201-3400-164.zip,L   35,1000,false,-143028.764,-50619.724,-142728.758,-50619.725,-143028.759,-50219.719,-142728.751,-50219.718,地籍図,法第14条1項地図,P-F,,,,,,
46201-3400-164.zip,L   45,1000,false,-143328.771,-50619.724,-143028.764,-50619.724,-143328.766,-50219.719,-143028.759,-50219.719,地籍図,法第14条1項地図,P-F,,,,,,
46201-3400-164.zip,M   11,1000,false,-142428.743,-50219.718,-142128.735,-50219.717,-142428.738,-49819.709,-142128.730,-49819.708,地籍図,法第14条1項地図,P-F,,,,,,
46201-3400-164.zip,M   12,1000,false,-142428.738,-49819.709,-142128.730,-49819.708,-142428.735,-49419.700,-142128.728,-49419.699,地籍図,法第14条1項地図,P-F,,,,,,
46201-3400-164.zip,M   13,1000,false,-142428.735,-49419.700,-142128.728,-49419.699,-142428.733,-49019.690,-142128.726,-49019.690,地籍図,法第14条1項地図,P-F,,,,,,
46201-3400-164.zip,M   14,1000,false,-142428.733,-49019.690,-142128.726,-49019.690,-142428.730,-48619.679,-142128.723,-48619.679,地籍図,法第14条1項地図,P-F,,,,,,
46201-3400-164.zip,M   21,1000,false,-142728.751,-50219.718,-142428.743,-50219.718,-142728.746,-49819.710,-142428.738,-49819.709,地籍図,法第14条1項地図,P-F,,,,,,
46201-3400-164.zip,M   22,1000,false,-142728.746,-49819.710,-142428.738,-49819.709,-142728.743,-49419.700,-142428.735,-49419.700,地籍図,法第14条1項地図,P-F,,,,,,
46201-3400-164.zip,M   23,1000,false,-142728.743,-49419.700,-142428.735,-49419.700,-142728.740,-49019.690,-142428.733,-49019.690,地籍図,法第14条1項地図,P-F,,,,,,
46201-3400-164.zip,M   24,1000,false,-142728.740,-49019.690,-142428.733,-49019.690,-142728.737,-48619.678,-142428.730,-48619.679,地籍図,法第14条1項地図,P-F,,,,,,
46201-3400-164.zip,M   31,1000,false,-143028.759,-50219.719,-142728.751,-50219.718,-143028.754,-49819.711,-142728.746,-49819.710,地籍図,法第14条1項地図,P-F,,,,,,
46201-3400-164.zip,M   32,1000,false,-143028.754,-49819.711,-142728.746,-49819.710,-143028.751,-49419.699,-142728.743,-49419.700,地籍図,法第14条1項地図,P-F,,,,,,
46201-3400-164.zip,M   33,1000,false,-143028.751,-49419.699,-142728.743,-49419.700,-143028.749,-49019.687,-142728.740,-49019.690,地籍図,法第14条1項地図,P-F,,,,,,
46201-3400-164.zip,M   34,1000,false,-143028.749,-49019.687,-142728.740,-49019.690,-143028.747,-48619.676,-142728.737,-48619.678,地籍図,法第14条1項地図,P-F,,,,,,
46201-3400-164.zip,M   41,1000,false,-143328.766,-50219.719,-143028.759,-50219.719,-143328.762,-49819.712,-143028.754,-49819.711,地籍図,法第14条1項地図,P-F,,,,,,
46201-3400-164.zip,M   43,1000,false,-143328.760,-49419.698,-143028.751,-49419.699,-143328.757,-49019.685,-143028.749,-49019.687,地籍図,法第14条1項地図,P-F,,,,,,
46201-3400-164.zip,F   45,1000,false,-141828.716,-48619.680,-141528.710,-48619.681,-141828.713,-48219.669,-141528.707,-48219.671,地籍図,法第14条1項地図,P-F,,,,,,
46201-3400-164.zip,F   51,1000,false,-142128.735,-50219.717,-141828.728,-50219.717,-142128.730,-49819.708,-141828.722,-49819.707,地籍図,法第14条1項地図,P-F,,,,,,
46201-3400-164.zip,F   52,1000,false,-142128.730,-49819.708,-141828.722,-49819.707,-142128.728,-49419.699,-141828.720,-49419.699,地籍図,法第14条1項地図,P-F,,,,,,
46201-3400-164.zip,E   15,1000,false,-140928.711,-50619.731,-140628.706,-50619.736,-140928.703,-50219.717,-140628.698,-50219.723,地籍図,法第14条1項地図,P-F,,,,,,
46201-3400-164.zip,F   53,1000,false,-142128.728,-49419.699,-141828.720,-49419.699,-142128.726,-49019.690,-141828.719,-49019.690,地籍図,法第14条1項地図,P-F,,,,,,
46201-3400-164.zip,F   54,1000,false,-142128.726,-49019.690,-141828.719,-49019.690,-142128.723,-48619.679,-141828.716,-48619.680,地籍図,法第14条1項地図,P-F,,,,,,
46201-3400-164.zip,F   55,1000,false,-142128.723,-48619.679,-141828.716,-48619.680,-142128.720,-48219.668,-141828.713,-48219.669,地籍図,法第14条1項地図,P-F,,,,,,
46201-3400-164.zip,L   14,1000,false,-142428.757,-51019.732,-142128.749,-51019.733,-142428.750,-50619.725,-142128.742,-50619.725,地籍図,法第14条1項地図,P-F,,,,,,
46201-3400-164.zip,E   24,1000,false,-141228.726,-51019.741,-140928.718,-51019.744,-141228.719,-50619.729,-140928.711,-50619.731,地籍図,法第14条1項地図,P-F,,,,,,
46201-3400-164.zip,E   44,1000,false,-141828.742,-51019.735,-141528.734,-51019.738,-141828.735,-50619.726,-141528.727,-50619.727,地籍図,法第14条1項地図,P-F,,,,,,
46201-3400-164.zip,E   45,1000,false,-141828.735,-50619.726,-141528.727,-50619.727,-141828.728,-50219.717,-141528.720,-50219.716,地籍図,法第14条1項地図,P-F,,,,,,
46201-3400-164.zip,E   54,1000,false,-142128.749,-51019.733,-141828.742,-51019.735,-142128.742,-50619.725,-141828.735,-50619.726,地籍図,法第14条1項地図,P-F,,,,,,
46201-3400-164.zip,E   55,1000,false,-142128.742,-50619.725,-141828.735,-50619.726,-142128.735,-50219.717,-141828.728,-50219.717,地籍図,法第14条1項地図,P-F,,,,,,
46201-3400-164.zip,F   11,1000,false,-140928.703,-50219.717,-140628.698,-50219.723,-140928.699,-49819.705,-140628.693,-49819.712,地籍図,法第14条1項地図,P-F,,,,,,
46201-3400-164.zip,F   12,1000,false,-140928.699,-49819.705,-140628.693,-49819.712,-140928.699,-49419.699,-140628.693,-49419.705,地籍図,法第14条1項地図,P-F,,,,,,
46201-3400-164.zip,F   21,1000,false,-141228.712,-50219.716,-140928.703,-50219.717,-141228.707,-49819.706,-140928.699,-49819.705,地籍図,法第14条1項地図,P-F,,,,,,
46201-3400-164.zip,F   22,1000,false,-141228.707,-49819.706,-140928.699,-49819.705,-141228.706,-49419.699,-140928.699,-49419.699,地籍図,法第14条1項地図,P-F,,,,,,
46201-3400-164.zip,F   23,1000,false,-141228.706,-49419.699,-140928.699,-49419.699,-141228.706,-49019.691,-140928.699,-49019.692,地籍図,法第14条1項地図,P-F,,,,,,
46201-3400-164.zip,F   24,1000,false,-141228.706,-49019.691,-140928.699,-49019.692,-141228.704,-48619.683,-140928.698,-48619.685,地籍図,法第14条1項地図,P-F,,,,,,
46201-3400-164.zip,F   25,1000,false,-141228.704,-48619.683,-140928.698,-48619.685,-141228.701,-48219.673,-140928.696,-48219.676,地籍図,法第14条1項地図,P-F,,,,,,
46201-3400-164.zip,F   31,1000,false,-141528.720,-50219.716,-141228.712,-50219.716,-141528.715,-49819.707,-141228.707,-49819.706,地籍図,法第14条1項地図,P-F,,,,,,
46201-3400-164.zip,F   32,1000,false,-141528.715,-49819.707,-141228.707,-49819.706,-141528.713,-49419.699,-141228.706,-49419.699,地籍図,法第14条1項地図,P-F,,,,,,
46201-3400-164.zip,F   33,1000,false,-141528.713,-49419.699,-141228.706,-49419.699,-141528.712,-49019.690,-141228.706,-49019.691,地籍図,法第14条1項地図,P-F,,,,,,
46201-3400-164.zip,F   34,1000,false,-141528.712,-49019.690,-141228.706,-49019.691,-141528.710,-48619.681,-141228.704,-48619.683,地籍図,法第14条1項地図,P-F,,,,,,
46201-3400-164.zip,F   35,1000,false,-141528.710,-48619.681,-141228.704,-48619.683,-141528.707,-48219.671,-141228.701,-48219.673,地籍図,法第14条1項地図,P-F,,,,,,
46201-3400-164.zip,F   41,1000,false,-141828.728,-50219.717,-141528.720,-50219.716,-141828.722,-49819.707,-141528.715,-49819.707,地籍図,法第14条1項地図,P-F,,,,,,
46201-3400-164.zip,F   42,1000,false,-141828.722,-49819.707,-141528.715,-49819.707,-141828.720,-49419.699,-141528.713,-49419.699,地籍図,法第14条1項地図,P-F,,,,,,
46201-3400-164.zip,F   43,1000,false,-141828.720,-49419.699,-141528.713,-49419.699,-141828.719,-49019.690,-141528.712,-49019.690,地籍図,法第14条1項地図,P-F,,,,,,
46201-3400-164.zip,F   44,1000,false,-141828.719,-49019.690,-141528.712,-49019.690,-141828.716,-48619.680,-141528.710,-48619.681,地籍図,法第14条1項地図,P-F,,,,,,
46201-3400-164.zip,B   54,1000,false,-140628.714,-51019.750,-140328.710,-51019.755,-140628.706,-50619.736,-140328.702,-50619.743,地籍図,法第14条1項地図,P-F,,,,,,
46201-3400-164.zip,B   55,1000,false,-140628.706,-50619.736,-140328.702,-50619.743,-140628.698,-50219.723,-140328.694,-50219.731,地籍図,法第14条1項地図,P-F,,,,,,
46201-3400-164.zip,E   13,1000,false,-140928.728,-51419.756,-140628.723,-51419.761,-140928.718,-51019.744,-140628.714,-51019.750,地籍図,法第14条1項地図,P-F,,,,,,
46201-3400-164.zip,E   14,1000,false,-140928.718,-51019.744,-140628.714,-51019.750,-140928.711,-50619.731,-140628.706,-50619.736,地籍図,法第14条1項地図,P-F,,,,,,
46201-3400-164.zip,E   25,1000,false,-141228.719,-50619.729,-140928.711,-50619.731,-141228.712,-50219.716,-140928.703,-50219.717,地籍図,法第14条1項地図,P-F,,,,,,
46201-3400-164.zip,E   34,1000,false,-141528.734,-51019.738,-141228.726,-51019.741,-141528.727,-50619.727,-141228.719,-50619.729,地籍図,法第14条1項地図,P-F,,,,,,
46201-3400-164.zip,E   35,1000,false,-141528.727,-50619.727,-141228.719,-50619.729,-141528.720,-50219.716,-141228.712,-50219.716,地籍図,法第14条1項地図,P-F,,,,,,
46201-3400-165.zip,S   11,1000,false,-143928.801,-52219.748,-143628.798,-52219.749,-143928.796,-51819.739,-143628.793,-51819.741,土地改良所在図,法第14条1項地図,P-F,,,,,,
46201-3400-165.zip,K   44,1000,false,-143328.806,-53019.775,-143028.803,-53019.775,-143328.801,-52619.760,-143028.799,-52619.759,土地改良所在図,法第14条1項地図,P-F,,,,,,
46201-3400-165.zip,K   54,1000,false,-143628.809,-53019.775,-143328.806,-53019.775,-143628.804,-52619.761,-143328.801,-52619.760,土地改良所在図,法第14条1項地図,P-F,,,,,,
46201-3400-165.zip,K   55,1000,false,-143628.804,-52619.761,-143328.801,-52619.760,-143628.798,-52219.749,-143328.796,-52219.748,土地改良所在図,法第14条1項地図,P-F,,,,,,
46201-3400-165.zip,R   15,1000,false,-143928.806,-52619.760,-143628.804,-52619.761,-143928.801,-52219.748,-143628.798,-52219.749,土地改良所在図,法第14条1項地図,P-F,,,,,,
46201-3400-166.zip,075-209-2,500,false,4650.000,950.000,4800.000,950.000,4650.000,1150.000,4800.000,1150.000,土地改良所在図,地図に準ずる図面,P-F,,,,,,
46201-3400-166.zip,075-209-3,500,false,4500.000,950.000,4650.000,950.000,4500.000,1150.000,4650.000,1150.000,土地改良所在図,地図に準ずる図面,P-F,,,,,,
46201-3400-166.zip,075-210-2,500,false,4800.000,950.000,4950.000,950.000,4800.000,1150.000,4950.000,1150.000,土地改良所在図,地図に準ずる図面,P-F,,,,,,
46201-3400-166.zip,075-211-2,500,false,4950.000,950.000,5100.000,950.000,4950.000,1150.000,5100.000,1150.000,土地改良所在図,地図に準ずる図面,P-F,,,,,,
46201-3400-166.zip,075-209-4,500,false,4350.000,950.269,4500.000,950.269,4350.000,1150.269,4500.000,1150.269,土地改良所在図,地図に準ずる図面,P-F,,,,,,
46201-3400-167.zip,L   34,1000,false,-143028.770,-51019.729,-142728.764,-51019.731,-143028.764,-50619.724,-142728.758,-50619.725,地籍図,法第14条1項地図,P-F,,,,,,
46201-3400-167.zip,L   42,1000,false,-143328.789,-51819.741,-143028.786,-51819.741,-143328.782,-51419.734,-143028.777,-51419.735,地籍図,法第14条1項地図,P-F,,,,,,
46201-3400-167.zip,L   43,1000,false,-143328.782,-51419.734,-143028.777,-51419.735,-143328.776,-51019.728,-143028.770,-51019.729,地籍図,法第14条1項地図,P-F,,,,,,
46201-3400-167.zip,L   44,1000,false,-143328.776,-51019.728,-143028.770,-51019.729,-143328.771,-50619.724,-143028.764,-50619.724,地籍図,法第14条1項地図,P-F,,,,,,
46201-3400-167.zip,L   52,1000,false,-143628.793,-51819.741,-143328.789,-51819.741,-143628.788,-51419.733,-143328.782,-51419.734,地籍図,法第14条1項地図,P-F,,,,,,
46201-3400-167.zip,L   53,1000,false,-143628.788,-51419.733,-143328.782,-51419.734,-143628.782,-51019.727,-143328.776,-51019.728,地籍図,法第14条1項地図,P-F,,,,,,
46201-3400-167.zip,L   54,1000,false,-143628.782,-51019.727,-143328.776,-51019.728,-143628.778,-50619.724,-143328.771,-50619.724,地籍図,法第14条1項地図,P-F,,,,,,
46201-3400-167.zip,S   13,1000,false,-143928.790,-51419.731,-143628.788,-51419.733,-143928.786,-51019.723,-143628.782,-51019.727,地籍図,法第14条1項地図,P-F,,,,,,
46201-3400-167.zip,S   14,1000,false,-143928.786,-51019.723,-143628.782,-51019.727,-143928.782,-50619.718,-143628.778,-50619.724,地籍図,法第14条1項地図,P-F,,,,,,
46201-3400-167.zip,L   15,1000,false,-142428.750,-50619.725,-142128.742,-50619.725,-142428.743,-50219.718,-142128.735,-50219.717,地籍図,法第14条1項地図,P-F,,,,,,
46201-3400-167.zip,L   22,1000,false,-142728.782,-51819.741,-142428.775,-51819.744,-142728.772,-51419.736,-142428.765,-51419.738,地籍図,法第14条1項地図,P-F,,,,,,
46201-3400-167.zip,L   23,1000,false,-142728.772,-51419.736,-142428.765,-51419.738,-142728.764,-51019.731,-142428.757,-51019.732,地籍図,法第14条1項地図,P-F,,,,,,
46201-3400-167.zip,E   12,1000,false,-140928.738,-51819.766,-140628.732,-51819.771,-140928.728,-51419.756,-140628.723,-51419.761,地籍図,法第14条1項地図,P-F,,,,,,
46201-3400-167.zip,L   24,1000,false,-142728.764,-51019.731,-142428.757,-51019.732,-142728.758,-50619.725,-142428.750,-50619.725,地籍図,法第14条1項地図,P-F,,,,,,
46201-3400-167.zip,L   25,1000,false,-142728.758,-50619.725,-142428.750,-50619.725,-142728.751,-50219.718,-142428.743,-50219.718,地籍図,法第14条1項地図,P-F,,,,,,
46201-3400-167.zip,L   32,1000,false,-143028.786,-51819.741,-142728.782,-51819.741,-143028.777,-51419.735,-142728.772,-51419.736,地籍図,法第14条1項地図,P-F,,,,,,
46201-3400-167.zip,L   33,1000,false,-143028.777,-51419.735,-142728.772,-51419.736,-143028.770,-51019.729,-142728.764,-51019.731,地籍図,法第14条1項地図,P-F,,,,,,
46201-3400-167.zip,E   13,1000,false,-140928.728,-51419.756,-140628.723,-51419.761,-140928.718,-51019.744,-140628.714,-51019.750,地籍図,法第14条1項地図,P-F,,,,,,
46201-3400-167.zip,E   14,1000,false,-140928.718,-51019.744,-140628.714,-51019.750,-140928.711,-50619.731,-140628.706,-50619.736,地籍図,法第14条1項地図,P-F,,,,,,
46201-3400-167.zip,E   21,1000,false,-141228.755,-52219.771,-140928.748,-52219.776,-141228.745,-51819.761,-140928.738,-51819.766,地籍図,法第14条1項地図,P-F,,,,,,
46201-3400-167.zip,E   22,1000,false,-141228.745,-51819.761,-140928.738,-51819.766,-141228.735,-51419.752,-140928.728,-51419.756,地籍図,法第14条1項地図,P-F,,,,,,
46201-3400-167.zip,E   23,1000,false,-141228.735,-51419.752,-140928.728,-51419.756,-141228.726,-51019.741,-140928.718,-51019.744,地籍図,法第14条1項地図,P-F,,,,,,
46201-3400-167.zip,E   24,1000,false,-141228.726,-51019.741,-140928.718,-51019.744,-141228.719,-50619.729,-140928.711,-50619.731,地籍図,法第14条1項地図,P-F,,,,,,
46201-3400-167.zip,E   25,1000,false,-141228.719,-50619.729,-140928.711,-50619.731,-141228.712,-50219.716,-140928.703,-50219.717,地籍図,法第14条1項地図,P-F,,,,,,
46201-3400-167.zip,E   31,1000,false,-141528.761,-52219.766,-141228.755,-52219.771,-141528.752,-51819.757,-141228.745,-51819.761,地籍図,法第14条1項地図,P-F,,,,,,
46201-3400-167.zip,E   32,1000,false,-141528.752,-51819.757,-141228.745,-51819.761,-141528.743,-51419.748,-141228.735,-51419.752,地籍図,法第14条1項地図,P-F,,,,,,
46201-3400-167.zip,E   33,1000,false,-141528.743,-51419.748,-141228.735,-51419.752,-141528.734,-51019.738,-141228.726,-51019.741,地籍図,法第14条1項地図,P-F,,,,,,
46201-3400-167.zip,E   34,1000,false,-141528.734,-51019.738,-141228.726,-51019.741,-141528.727,-50619.727,-141228.719,-50619.729,地籍図,法第14条1項地図,P-F,,,,,,
46201-3400-167.zip,E   35,1000,false,-141528.727,-50619.727,-141228.719,-50619.729,-141528.720,-50219.716,-141228.712,-50219.716,地籍図,法第14条1項地図,P-F,,,,,,
46201-3400-167.zip,B   51,1000,false,-140628.742,-52219.781,-140328.735,-52219.786,-140628.732,-51819.771,-140328.727,-51819.776,地籍図,法第14条1項地図,P-F,,,,,,
46201-3400-167.zip,B   52,1000,false,-140628.732,-51819.771,-140328.727,-51819.776,-140628.723,-51419.761,-140328.718,-51419.766,地籍図,法第14条1項地図,P-F,,,,,,
46201-3400-167.zip,B   53,1000,false,-140628.723,-51419.761,-140328.718,-51419.766,-140628.714,-51019.750,-140328.710,-51019.755,地籍図,法第14条1項地図,P-F,,,,,,
46201-3400-167.zip,E   11,1000,false,-140928.748,-52219.776,-140628.742,-52219.781,-140928.738,-51819.766,-140628.732,-51819.771,地籍図,法第14条1項地図,P-F,,,,,,
46201-3400-167.zip,E   44,1000,false,-141828.742,-51019.735,-141528.734,-51019.738,-141828.735,-50619.726,-141528.727,-50619.727,地籍図,法第14条1項地図,P-F,,,,,,
46201-3400-167.zip,E   45,1000,false,-141828.735,-50619.726,-141528.727,-50619.727,-141828.728,-50219.717,-141528.720,-50219.716,地籍図,法第14条1項地図,P-F,,,,,,
46201-3400-167.zip,E   52,1000,false,-142128.767,-51819.749,-141828.759,-51819.753,-142128.758,-51419.741,-141828.750,-51419.744,地籍図,法第14条1項地図,P-F,,,,,,
46201-3400-167.zip,E   53,1000,false,-142128.758,-51419.741,-141828.750,-51419.744,-142128.749,-51019.733,-141828.742,-51019.735,地籍図,法第14条1項地図,P-F,,,,,,
46201-3400-167.zip,E   54,1000,false,-142128.749,-51019.733,-141828.742,-51019.735,-142128.742,-50619.725,-141828.735,-50619.726,地籍図,法第14条1項地図,P-F,,,,,,
46201-3400-167.zip,E   55,1000,false,-142128.742,-50619.725,-141828.735,-50619.726,-142128.735,-50219.717,-141828.728,-50219.717,地籍図,法第14条1項地図,P-F,,,,,,
46201-3400-167.zip,L   12,1000,false,-142428.775,-51819.744,-142128.767,-51819.749,-142428.765,-51419.738,-142128.758,-51419.741,地籍図,法第14条1項地図,P-F,,,,,,
46201-3400-167.zip,L   13,1000,false,-142428.765,-51419.738,-142128.758,-51419.741,-142428.757,-51019.732,-142128.749,-51019.733,地籍図,法第14条1項地図,P-F,,,,,,
46201-3400-167.zip,L   14,1000,false,-142428.757,-51019.732,-142128.749,-51019.733,-142428.750,-50619.725,-142128.742,-50619.725,地籍図,法第14条1項地図,P-F,,,,,,
46201-3400-167.zip,E   41,1000,false,-141828.768,-52219.762,-141528.761,-52219.766,-141828.759,-51819.753,-141528.752,-51819.757,地籍図,法第14条1項地図,P-F,,,,,,
46201-3400-167.zip,E   42,1000,false,-141828.759,-51819.753,-141528.752,-51819.757,-141828.750,-51419.744,-141528.743,-51419.748,地籍図,法第14条1項地図,P-F,,,,,,
46201-3400-167.zip,E   43,1000,false,-141828.750,-51419.744,-141528.743,-51419.748,-141828.742,-51019.735,-141528.734,-51019.738,地籍図,法第14条1項地図,P-F,,,,,,
46201-3400-168.zip,S   15,1000,false,-143928.782,-50619.718,-143628.778,-50619.724,-143928.779,-50219.713,-143628.773,-50219.720,土地改良所在図,法第14条1項地図,P-F,,,,,,
46201-3400-168.zip,S   25,1000,false,-144228.786,-50619.712,-143928.782,-50619.718,-144228.784,-50219.705,-143928.779,-50219.713,土地改良所在図,法第14条1項地図,P-F,,,,,,
46201-3400-168.zip,T   11,1000,false,-143928.779,-50219.713,-143628.773,-50219.720,-143928.776,-49819.704,-143628.770,-49819.712,土地改良所在図,法第14条1項地図,P-F,,,,,,
46201-3400-168.zip,T   21,1000,false,-144228.784,-50219.705,-143928.779,-50219.713,-144228.781,-49819.696,-143928.776,-49819.704,土地改良所在図,法第14条1項地図,P-F,,,,,,
46201-3400-168.zip,T   31,1000,false,-144528.789,-50219.697,-144228.784,-50219.705,-144528.787,-49819.687,-144228.781,-49819.696,土地改良所在図,法第14条1項地図,P-F,,,,,,
46201-3400-168.zip,L   45,1000,false,-143328.771,-50619.724,-143028.764,-50619.724,-143328.766,-50219.719,-143028.759,-50219.719,土地改良所在図,法第14条1項地図,P-F,,,,,,
46201-3400-168.zip,L   55,1000,false,-143628.778,-50619.724,-143328.771,-50619.724,-143628.773,-50219.720,-143328.766,-50219.719,土地改良所在図,法第14条1項地図,P-F,,,,,,
46201-3400-168.zip,M   41,1000,false,-143328.766,-50219.719,-143028.759,-50219.719,-143328.762,-49819.712,-143028.754,-49819.711,土地改良所在図,法第14条1項地図,P-F,,,,,,
46201-3400-168.zip,M   51,1000,false,-143628.773,-50219.720,-143328.766,-50219.719,-143628.770,-49819.712,-143328.762,-49819.712,土地改良所在図,法第14条1項地図,P-F,,,,,,
46201-3400-169.zip,T   41,1000,false,-144828.792,-50219.689,-144528.789,-50219.697,-144828.790,-49819.678,-144528.787,-49819.687,土地改良所在図,法第14条1項地図,P-F,,,,,,
46201-3400-169.zip,S   25,1000,false,-144228.786,-50619.712,-143928.782,-50619.718,-144228.784,-50219.705,-143928.779,-50219.713,土地改良所在図,法第14条1項地図,P-F,,,,,,
46201-3400-169.zip,S   35,1000,false,-144528.790,-50619.706,-144228.786,-50619.712,-144528.789,-50219.697,-144228.784,-50219.705,土地改良所在図,法第14条1項地図,P-F,,,,,,
46201-3400-169.zip,S   45,1000,false,-144828.794,-50619.699,-144528.790,-50619.706,-144828.792,-50219.689,-144528.789,-50219.697,土地改良所在図,法第14条1項地図,P-F,,,,,,
46201-3400-169.zip,T   31,1000,false,-144528.789,-50219.697,-144228.784,-50219.705,-144528.787,-49819.687,-144228.781,-49819.696,土地改良所在図,法第14条1項地図,P-F,,,,,,
46201-3400-17.zip,123-86,500,false,398.166,6575.043,554.329,6411.633,593.327,6762.451,749.985,6599.032,旧土地台帳附属地図,地図に準ずる図面,P-F,,,,1973,3,5
46201-3400-17.zip,123-81,500,false,1002.415,6610.211,1137.073,6428.239,1219.645,6771.306,1354.737,6589.656,旧土地台帳附属地図,地図に準ずる図面,P-F,,,,1973,3,5
46201-3400-17.zip,123-87,500,false,410.461,7180.325,553.294,7004.901,621.065,7351.456,763.576,7175.975,旧土地台帳附属地図,地図に準ずる図面,P-F,,,,1973,3,5
46201-3400-17.zip,123-82,500,false,1000.542,7216.343,1109.723,7017.851,1237.537,7346.768,1346.712,7148.417,旧土地台帳附属地図,地図に準ずる図面,P-F,,,,1973,3,5
46201-3400-17.zip,123-88,500,false,412.449,7799.160,561.847,7628.531,614.665,7978.168,764.336,7808.624,旧土地台帳附属地図,地図に準ずる図面,P-F,,,,1973,3,5
46201-3400-17.zip,123-83,500,false,1002.095,7757.487,1160.895,7595.384,1195.345,7946.832,1353.475,7786.257,旧土地台帳附属地図,地図に準ずる図面,P-F,,,,1973,3,5
46201-3400-17.zip,123-84,500,false,998.085,8402.147,1136.913,8223.335,1211.753,8567.992,1350.266,8389.016,旧土地台帳附属地図,地図に準ずる図面,P-F,,,,1973,3,5
46201-3400-17.zip,123-85,500,false,996.238,9010.899,1135.620,8831.995,1209.409,9177.432,1348.686,8999.333,旧土地台帳附属地図,地図に準ずる図面,P-F,,,,1973,3,5
46201-3400-170.zip,F   55,1000,false,-142128.723,-48619.679,-141828.716,-48619.680,-142128.720,-48219.668,-141828.713,-48219.669,土地改良所在図,法第14条1項地図,P-F,,,,,,
46201-3400-170.zip,M   13,1000,false,-142428.735,-49419.700,-142128.728,-49419.699,-142428.733,-49019.690,-142128.726,-49019.690,土地改良所在図,法第14条1項地図,P-F,,,,,,
46201-3400-170.zip,M   14,1000,false,-142428.733,-49019.690,-142128.726,-49019.690,-142428.730,-48619.679,-142128.723,-48619.679,土地改良所在図,法第14条1項地図,P-F,,,,,,
46201-3400-170.zip,M   15,1000,false,-142428.730,-48619.679,-142128.723,-48619.679,-142428.728,-48219.667,-142128.720,-48219.668,土地改良所在図,法第14条1項地図,P-F,,,,,,
46201-3400-170.zip,M   23,1000,false,-142728.743,-49419.700,-142428.735,-49419.700,-142728.740,-49019.690,-142428.733,-49019.690,土地改良所在図,法第14条1項地図,P-F,,,,,,
46201-3400-170.zip,M   24,1000,false,-142728.740,-49019.690,-142428.733,-49019.690,-142728.737,-48619.678,-142428.730,-48619.679,土地改良所在図,法第14条1項地図,P-F,,,,,,
46201-3400-170.zip,M   25,1000,false,-142728.737,-48619.678,-142428.730,-48619.679,-142728.735,-48219.666,-142428.728,-48219.667,土地改良所在図,法第14条1項地図,P-F,,,,,,
46201-3400-170.zip,M   33,1000,false,-143028.751,-49419.699,-142728.743,-49419.700,-143028.749,-49019.687,-142728.740,-49019.690,土地改良所在図,法第14条1項地図,P-F,,,,,,
46201-3400-170.zip,M   34,1000,false,-143028.749,-49019.687,-142728.740,-49019.690,-143028.747,-48619.676,-142728.737,-48619.678,土地改良所在図,法第14条1項地図,P-F,,,,,,
46201-3400-170.zip,M   35,1000,false,-143028.747,-48619.676,-142728.737,-48619.678,-143028.745,-48219.664,-142728.735,-48219.666,土地改良所在図,法第14条1項地図,P-F,,,,,,
46201-3400-170.zip,F   43,1000,false,-141828.720,-49419.699,-141528.713,-49419.699,-141828.719,-49019.690,-141528.712,-49019.690,土地改良所在図,法第14条1項地図,P-F,,,,,,
46201-3400-170.zip,F   44,1000,false,-141828.719,-49019.690,-141528.712,-49019.690,-141828.716,-48619.680,-141528.710,-48619.681,土地改良所在図,法第14条1項地図,P-F,,,,,,
46201-3400-170.zip,F   53,1000,false,-142128.728,-49419.699,-141828.720,-49419.699,-142128.726,-49019.690,-141828.719,-49019.690,土地改良所在図,法第14条1項地図,P-F,,,,,,
46201-3400-170.zip,F   54,1000,false,-142128.726,-49019.690,-141828.719,-49019.690,-142128.723,-48619.679,-141828.716,-48619.680,土地改良所在図,法第14条1項地図,P-F,,,,,,
46201-3400-171.zip,V   31,1000,false,-144528.783,-46219.577,-144228.772,-46219.582,-144528.788,-45819.568,-144228.776,-45819.574,土地改良所在図,法第14条1項地図,P-F,,,,,,
46201-3400-171.zip,V   41,1000,false,-144828.792,-46219.570,-144528.783,-46219.577,-144828.798,-45819.562,-144528.788,-45819.568,土地改良所在図,法第14条1項地図,P-F,,,,,,
46201-3400-171.zip,U   35,1000,false,-144528.781,-46619.588,-144228.771,-46619.593,-144528.783,-46219.577,-144228.772,-46219.582,土地改良所在図,法第14条1項地図,P-F,,,,,,
46201-3400-171.zip,U   45,1000,false,-144828.788,-46619.581,-144528.781,-46619.588,-144828.792,-46219.570,-144528.783,-46219.577,土地改良所在図,法第14条1項地図,P-F,,,,,,
46201-3400-171.zip,V   11,1000,false,-143928.761,-46219.587,-143628.749,-46219.592,-143928.764,-45819.580,-143628.751,-45819.585,土地改良所在図,法第14条1項地図,P-F,,,,,,
46201-3400-171.zip,V   21,1000,false,-144228.772,-46219.582,-143928.761,-46219.587,-144228.776,-45819.574,-143928.764,-45819.580,土地改良所在図,法第14条1項地図,P-F,,,,,,
46201-3400-172.zip,U   31,1000,false,-144528.782,-48219.639,-144228.777,-48219.646,-144528.782,-47819.627,-144228.777,-47819.635,土地改良所在図,法第14条1項地図,P-F,,,,,,
46201-3400-172.zip,U   41,1000,false,-144828.786,-48219.631,-144528.782,-48219.639,-144828.785,-47819.619,-144528.782,-47819.627,土地改良所在図,法第14条1項地図,P-F,,,,,,
46201-3400-172.zip,U   51,1000,false,-145128.789,-48219.622,-144828.786,-48219.631,-145128.788,-47819.611,-144828.785,-47819.619,土地改良所在図,法第14条1項地図,P-F,,,,,,
46201-3400-172.zip,T   25,1000,false,-144228.777,-48619.657,-143928.771,-48619.664,-144228.777,-48219.646,-143928.772,-48219.653,土地改良所在図,法第14条1項地図,P-F,,,,,,
46201-3400-172.zip,T   35,1000,false,-144528.782,-48619.651,-144228.777,-48619.657,-144528.782,-48219.639,-144228.777,-48219.646,土地改良所在図,法第14条1項地図,P-F,,,,,,
46201-3400-172.zip,T   45,1000,false,-144828.786,-48619.642,-144528.782,-48619.651,-144828.786,-48219.631,-144528.782,-48219.639,土地改良所在図,法第14条1項地図,P-F,,,,,,
46201-3400-172.zip,U   21,1000,false,-144228.777,-48219.646,-143928.772,-48219.653,-144228.777,-47819.635,-143928.772,-47819.642,土地改良所在図,法第14条1項地図,P-F,,,,,,
46201-3400-173.zip,S   51,1000,false,-145128.810,-52219.736,-144828.808,-52219.741,-145128.806,-51819.724,-144828.804,-51819.730,土地改良所在図,法第14条1項地図,P-F,,,,,,
46201-3400-173.zip,R   25,1000,false,-144228.808,-52619.758,-143928.806,-52619.760,-144228.804,-52219.746,-143928.801,-52219.748,土地改良所在図,法第14条1項地図,P-F,,,,,,
46201-3400-173.zip,R   35,1000,false,-144528.810,-52619.757,-144228.808,-52619.758,-144528.806,-52219.745,-144228.804,-52219.746,土地改良所在図,法第14条1項地図,P-F,,,,,,
46201-3400-173.zip,R   44,1000,false,-144828.812,-53019.766,-144528.812,-53019.769,-144828.810,-52619.753,-144528.810,-52619.757,土地改良所在図,法第14条1項地図,P-F,,,,,,
46201-3400-173.zip,R   45,1000,false,-144828.810,-52619.753,-144528.810,-52619.757,-144828.808,-52219.741,-144528.806,-52219.745,土地改良所在図,法第14条1項地図,P-F,,,,,,
46201-3400-173.zip,R   54,1000,false,-145128.811,-53019.763,-144828.812,-53019.766,-145128.811,-52619.749,-144828.810,-52619.753,土地改良所在図,法第14条1項地図,P-F,,,,,,
46201-3400-173.zip,R   55,1000,false,-145128.811,-52619.749,-144828.810,-52619.753,-145128.810,-52219.736,-144828.808,-52219.741,土地改良所在図,法第14条1項地図,P-F,,,,,,
46201-3400-173.zip,S   31,1000,false,-144528.806,-52219.745,-144228.804,-52219.746,-144528.801,-51819.735,-144228.798,-51819.737,土地改良所在図,法第14条1項地図,P-F,,,,,,
46201-3400-173.zip,S   41,1000,false,-144828.808,-52219.741,-144528.806,-52219.745,-144828.804,-51819.730,-144528.801,-51819.735,土地改良所在図,法第14条1項地図,P-F,,,,,,
46201-3400-174.zip,R   42,1000,false,-144828.815,-53819.789,-144528.818,-53819.792,-144828.813,-53419.779,-144528.815,-53419.782,地籍図,法第14条1項地図,P-F,,,,,,
46201-3400-174.zip,R   43,1000,false,-144828.813,-53419.779,-144528.815,-53419.782,-144828.812,-53019.766,-144528.812,-53019.769,地籍図,法第14条1項地図,P-F,,,,,,
46201-3400-174.zip,R   44,1000,false,-144828.812,-53019.766,-144528.812,-53019.769,-144828.810,-52619.753,-144528.810,-52619.757,地籍図,法第14条1項地図,P-F,,,,,,
46201-3400-174.zip,R   52,1000,false,-145128.812,-53819.787,-144828.815,-53819.789,-145128.812,-53419.776,-144828.813,-53419.779,地籍図,法第14条1項地図,P-F,,,,,,
46201-3400-174.zip,R   53,1000,false,-145128.812,-53419.776,-144828.813,-53419.779,-145128.811,-53019.763,-144828.812,-53019.766,地籍図,法第14条1項地図,P-F,,,,,,
46201-3400-174.zip,R   54,1000,false,-145128.811,-53019.763,-144828.812,-53019.766,-145128.811,-52619.749,-144828.810,-52619.753,地籍図,法第14条1項地図,P-F,,,,,,
46201-3400-174.zip,R   21,1000,false,-144228.821,-54219.807,-143928.820,-54219.812,-144228.818,-53819.796,-143928.818,-53819.799,地籍図,法第14条1項地図,P-F,,,,,,
46201-3400-174.zip,R   22,1000,false,-144228.818,-53819.796,-143928.818,-53819.799,-144228.814,-53419.784,-143928.814,-53419.786,地籍図,法第14条1項地図,P-F,,,,,,
46201-3400-174.zip,R   23,1000,false,-144228.814,-53419.784,-143928.814,-53419.786,-144228.811,-53019.771,-143928.810,-53019.773,地籍図,法第14条1項地図,P-F,,,,,,
46201-3400-174.zip,J   45,1000,false,-143328.819,-54619.832,-143028.813,-54619.831,-143328.816,-54219.818,-143028.811,-54219.818,地籍図,法第14条1項地図,P-F,,,,,,
46201-3400-174.zip,R   24,1000,false,-144228.811,-53019.771,-143928.810,-53019.773,-144228.808,-52619.758,-143928.806,-52619.760,地籍図,法第14条1項地図,P-F,,,,,,
46201-3400-174.zip,R   32,1000,false,-144528.818,-53819.792,-144228.818,-53819.796,-144528.815,-53419.782,-144228.814,-53419.784,地籍図,法第14条1項地図,P-F,,,,,,
46201-3400-174.zip,R   33,1000,false,-144528.815,-53419.782,-144228.814,-53419.784,-144528.812,-53019.769,-144228.811,-53019.771,地籍図,法第14条1項地図,P-F,,,,,,
46201-3400-174.zip,R   34,1000,false,-144528.812,-53019.769,-144228.811,-53019.771,-144528.810,-52619.757,-144228.808,-52619.758,地籍図,法第14条1項地図,P-F,,,,,,
46201-3400-174.zip,J   54,1000,false,-143628.823,-55019.832,-143328.819,-55019.832,-143628.823,-54619.832,-143328.819,-54619.832,地籍図,法第14条1項地図,P-F,,,,,,
46201-3400-174.zip,J   55,1000,false,-143628.823,-54619.832,-143328.819,-54619.832,-143628.820,-54219.817,-143328.816,-54219.818,地籍図,法第14条1項地図,P-F,,,,,,
46201-3400-174.zip,K   21,1000,false,-142728.807,-54219.818,-142428.805,-54219.818,-142728.805,-53819.806,-142428.802,-53819.807,地籍図,法第14条1項地図,P-F,,,,,,
46201-3400-174.zip,K   31,1000,false,-143028.811,-54219.818,-142728.807,-54219.818,-143028.809,-53819.805,-142728.805,-53819.806,地籍図,法第14条1項地図,P-F,,,,,,
46201-3400-174.zip,K   33,1000,false,-143028.807,-53419.791,-142728.803,-53419.793,-143028.803,-53019.775,-142728.800,-53019.776,地籍図,法第14条1項地図,P-F,,,,,,
46201-3400-174.zip,K   34,1000,false,-143028.803,-53019.775,-142728.800,-53019.776,-143028.799,-52619.759,-142728.797,-52619.758,地籍図,法第14条1項地図,P-F,,,,,,
46201-3400-174.zip,K   41,1000,false,-143328.816,-54219.818,-143028.811,-54219.818,-143328.813,-53819.804,-143028.809,-53819.805,地籍図,法第14条1項地図,P-F,,,,,,
46201-3400-174.zip,K   42,1000,false,-143328.813,-53819.804,-143028.809,-53819.805,-143328.810,-53419.790,-143028.807,-53419.791,地籍図,法第14条1項地図,P-F,,,,,,
46201-3400-174.zip,K   43,1000,false,-143328.810,-53419.790,-143028.807,-53419.791,-143328.806,-53019.775,-143028.803,-53019.775,地籍図,法第14条1項地図,P-F,,,,,,
46201-3400-174.zip,K   44,1000,false,-143328.806,-53019.775,-143028.803,-53019.775,-143328.801,-52619.760,-143028.799,-52619.759,地籍図,法第14条1項地図,P-F,,,,,,
46201-3400-174.zip,K   51,1000,false,-143628.820,-54219.817,-143328.816,-54219.818,-143628.818,-53819.803,-143328.813,-53819.804,地籍図,法第14条1項地図,P-F,,,,,,
46201-3400-174.zip,K   52,1000,false,-143628.818,-53819.803,-143328.813,-53819.804,-143628.814,-53419.788,-143328.810,-53419.790,地籍図,法第14条1項地図,P-F,,,,,,
46201-3400-174.zip,J   25,1000,false,-142728.808,-54619.831,-142428.808,-54619.829,-142728.807,-54219.818,-142428.805,-54219.818,地籍図,法第14条1項地図,P-F,,,,,,
46201-3400-174.zip,J   34,1000,false,-143028.815,-55019.832,-142728.811,-55019.832,-143028.813,-54619.831,-142728.808,-54619.831,地籍図,法第14条1項地図,P-F,,,,,,
46201-3400-174.zip,J   35,1000,false,-143028.813,-54619.831,-142728.808,-54619.831,-143028.811,-54219.818,-142728.807,-54219.818,地籍図,法第14条1項地図,P-F,,,,,,
46201-3400-174.zip,K   55,1000,false,-143628.804,-52619.761,-143328.801,-52619.760,-143628.798,-52219.749,-143328.796,-52219.748,地籍図,法第14条1項地図,P-F,,,,,,
46201-3400-174.zip,Q   14,1000,false,-143928.823,-55019.825,-143628.823,-55019.832,-143928.823,-54619.825,-143628.823,-54619.832,地籍図,法第14条1項地図,P-F,,,,,,
46201-3400-174.zip,Q   15,1000,false,-143928.823,-54619.825,-143628.823,-54619.832,-143928.820,-54219.812,-143628.820,-54219.817,地籍図,法第14条1項地図,P-F,,,,,,
46201-3400-174.zip,Q   24,1000,false,-144228.823,-55019.818,-143928.823,-55019.825,-144228.823,-54619.818,-143928.823,-54619.825,地籍図,法第14条1項地図,P-F,,,,,,
46201-3400-174.zip,Q   25,1000,false,-144228.823,-54619.818,-143928.823,-54619.825,-144228.821,-54219.807,-143928.820,-54219.812,地籍図,法第14条1項地図,P-F,,,,,,
46201-3400-174.zip,R   11,1000,false,-143928.820,-54219.812,-143628.820,-54219.817,-143928.818,-53819.799,-143628.818,-53819.803,地籍図,法第14条1項地図,P-F,,,,,,
46201-3400-174.zip,R   12,1000,false,-143928.818,-53819.799,-143628.818,-53819.803,-143928.814,-53419.786,-143628.814,-53419.788,地籍図,法第14条1項地図,P-F,,,,,,
46201-3400-174.zip,R   13,1000,false,-143928.814,-53419.786,-143628.814,-53419.788,-143928.810,-53019.773,-143628.809,-53019.775,地籍図,法第14条1項地図,P-F,,,,,,
46201-3400-174.zip,R   14,1000,false,-143928.810,-53019.773,-143628.809,-53019.775,-143928.806,-52619.760,-143628.804,-52619.761,地籍図,法第14条1項地図,P-F,,,,,,
46201-3400-174.zip,R   15,1000,false,-143928.806,-52619.760,-143628.804,-52619.761,-143928.801,-52219.748,-143628.798,-52219.749,地籍図,法第14条1項地図,P-F,,,,,,
46201-3400-174.zip,J   44,1000,false,-143328.819,-55019.832,-143028.815,-55019.832,-143328.819,-54619.832,-143028.813,-54619.831,地籍図,法第14条1項地図,P-F,,,,,,
46201-3400-174.zip,K   53,1000,false,-143628.814,-53419.788,-143328.810,-53419.790,-143628.809,-53019.775,-143328.806,-53019.775,地籍図,法第14条1項地図,P-F,,,,,,
46201-3400-174.zip,K   54,1000,false,-143628.809,-53019.775,-143328.806,-53019.775,-143628.804,-52619.761,-143328.801,-52619.760,地籍図,法第14条1項地図,P-F,,,,,,
46201-3400-175.zip,T   22,1000,false,-144228.781,-49819.696,-143928.776,-49819.704,-144228.779,-49419.683,-143928.774,-49419.690,土地改良所在図,法第14条1項地図,P-F,,,,,,
46201-3400-175.zip,T   23,1000,false,-144228.779,-49419.683,-143928.774,-49419.690,-144228.778,-49019.670,-143928.772,-49019.676,土地改良所在図,法第14条1項地図,P-F,,,,,,
46201-3400-175.zip,T   32,1000,false,-144528.787,-49819.687,-144228.781,-49819.696,-144528.785,-49419.675,-144228.779,-49419.683,土地改良所在図,法第14条1項地図,P-F,,,,,,
46201-3400-175.zip,M   21,1000,false,-142728.751,-50219.718,-142428.743,-50219.718,-142728.746,-49819.710,-142428.738,-49819.709,土地改良所在図,法第14条1項地図,P-F,,,,,,
46201-3400-175.zip,M   22,1000,false,-142728.746,-49819.710,-142428.738,-49819.709,-142728.743,-49419.700,-142428.735,-49419.700,土地改良所在図,法第14条1項地図,P-F,,,,,,
46201-3400-175.zip,M   31,1000,false,-143028.759,-50219.719,-142728.751,-50219.718,-143028.754,-49819.711,-142728.746,-49819.710,土地改良所在図,法第14条1項地図,P-F,,,,,,
46201-3400-175.zip,M   32,1000,false,-143028.754,-49819.711,-142728.746,-49819.710,-143028.751,-49419.699,-142728.743,-49419.700,土地改良所在図,法第14条1項地図,P-F,,,,,,
46201-3400-175.zip,M   41,1000,false,-143328.766,-50219.719,-143028.759,-50219.719,-143328.762,-49819.712,-143028.754,-49819.711,土地改良所在図,法第14条1項地図,P-F,,,,,,
46201-3400-175.zip,M   42,1000,false,-143328.762,-49819.712,-143028.754,-49819.711,-143328.760,-49419.698,-143028.751,-49419.699,土地改良所在図,法第14条1項地図,P-F,,,,,,
46201-3400-175.zip,M   52,1000,false,-143628.770,-49819.712,-143328.762,-49819.712,-143628.768,-49419.698,-143328.760,-49419.698,土地改良所在図,法第14条1項地図,P-F,,,,,,
46201-3400-175.zip,T   12,1000,false,-143928.776,-49819.704,-143628.770,-49819.712,-143928.774,-49419.690,-143628.768,-49419.698,土地改良所在図,法第14条1項地図,P-F,,,,,,
46201-3400-176.zip,D1  54,1000,false,-148128.821,-53019.706,-147828.819,-53019.714,-148128.821,-52619.688,-147828.821,-52619.696,土地改良所在図,法第14条1項地図,P-F,,,,,,
46201-3400-176.zip,H1  14,1000,false,-148428.821,-53019.698,-148128.821,-53019.706,-148428.820,-52619.680,-148128.821,-52619.688,土地改良所在図,法第14条1項地図,P-F,,,,,,
46201-3400-176.zip,H1  24,1000,false,-148728.819,-53019.690,-148428.821,-53019.698,-148728.818,-52619.671,-148428.820,-52619.680,土地改良所在図,法第14条1項地図,P-F,,,,,,
46201-3400-177.zip,B1  44,1000,false,-159828.777,-51019.340,-159528.775,-51019.337,-159828.764,-50619.315,-159528.762,-50619.312,土地改良所在図,法第14条1項地図,P-F,,,,,,
46201-3400-177.zip,B1  45,1000,false,-159828.764,-50619.315,-159528.762,-50619.312,-159828.750,-50219.290,-159528.749,-50219.287,土地改良所在図,法第14条1項地図,P-F,,,,,,
46201-3400-177.zip,B1  54,1000,false,-160128.779,-51019.342,-159828.777,-51019.340,-160128.765,-50619.318,-159828.764,-50619.315,土地改良所在図,法第14条1項地図,P-F,,,,,,
46201-3400-178.zip,U   13,1000,false,-143928.770,-47419.629,-143628.764,-47419.636,-143928.766,-47019.614,-143628.758,-47019.620,土地改良所在図,法第14条1項地図,P-F,,,,,,
46201-3400-178.zip,U   22,1000,false,-144228.777,-47819.635,-143928.772,-47819.642,-144228.776,-47419.622,-143928.770,-47419.629,土地改良所在図,法第14条1項地図,P-F,,,,,,
46201-3400-178.zip,U   23,1000,false,-144228.776,-47419.622,-143928.770,-47419.629,-144228.774,-47019.608,-143928.766,-47019.614,土地改良所在図,法第14条1項地図,P-F,,,,,,
46201-3400-178.zip,U   32,1000,false,-144528.782,-47819.627,-144228.777,-47819.635,-144528.781,-47419.614,-144228.776,-47419.622,土地改良所在図,法第14条1項地図,P-F,,,,,,
46201-3400-178.zip,U   33,1000,false,-144528.781,-47419.614,-144228.776,-47419.622,-144528.781,-47019.601,-144228.774,-47019.608,土地改良所在図,法第14条1項地図,P-F,,,,,,
46201-3400-178.zip,N   43,1000,false,-143328.752,-47419.637,-143028.740,-47419.639,-143328.745,-47019.621,-143028.733,-47019.622,土地改良所在図,法第14条1項地図,P-F,,,,,,
46201-3400-178.zip,N   52,1000,false,-143628.767,-47819.650,-143328.755,-47819.651,-143628.764,-47419.636,-143328.752,-47419.637,土地改良所在図,法第14条1項地図,P-F,,,,,,
46201-3400-178.zip,N   53,1000,false,-143628.764,-47419.636,-143328.752,-47419.637,-143628.758,-47019.620,-143328.745,-47019.621,土地改良所在図,法第14条1項地図,P-F,,,,,,
46201-3400-178.zip,U   12,1000,false,-143928.772,-47819.642,-143628.767,-47819.650,-143928.770,-47419.629,-143628.764,-47419.636,土地改良所在図,法第14条1項地図,P-F,,,,,,
46201-3400-179.zip,E1  31,1000,false,-147528.822,-52219.685,-147228.821,-52219.692,-147528.823,-51819.668,-147228.821,-51819.676,土地改良所在図,法第14条1項地図,P-F,,,,,,
46201-3400-179.zip,E1  32,1000,false,-147528.823,-51819.668,-147228.821,-51819.676,-147528.824,-51419.650,-147228.821,-51419.659,土地改良所在図,法第14条1項地図,P-F,,,,,,
46201-3400-179.zip,E1  41,1000,false,-147828.822,-52219.677,-147528.822,-52219.685,-147828.825,-51819.659,-147528.823,-51819.668,土地改良所在図,法第14条1項地図,P-F,,,,,,
46201-3400-179.zip,Z   52,1000,false,-146628.817,-51819.691,-146328.815,-51819.698,-146628.817,-51419.675,-146328.814,-51419.684,土地改良所在図,法第14条1項地図,P-F,,,,,,
46201-3400-179.zip,E1  11,1000,false,-146928.819,-52219.699,-146628.817,-52219.707,-146928.819,-51819.683,-146628.817,-51819.691,土地改良所在図,法第14条1項地図,P-F,,,,,,
46201-3400-179.zip,E1  12,1000,false,-146928.819,-51819.683,-146628.817,-51819.691,-146928.819,-51419.667,-146628.817,-51419.675,土地改良所在図,法第14条1項地図,P-F,,,,,,
46201-3400-179.zip,E1  21,1000,false,-147228.821,-52219.692,-146928.819,-52219.699,-147228.821,-51819.676,-146928.819,-51819.683,土地改良所在図,法第14条1項地図,P-F,,,,,,
46201-3400-179.zip,E1  22,1000,false,-147228.821,-51819.676,-146928.819,-51819.683,-147228.821,-51419.659,-146928.819,-51419.667,土地改良所在図,法第14条1項地図,P-F,,,,,,
46201-3400-18.zip,119-81C,600,false,9.125,7.856,94.615,9.169,7.458,116.353,92.948,117.666,その他,地図に準ずる図面,P-F,2000,6,27,,,
46201-3400-180.zip,D1  55,1000,false,-148128.821,-52619.688,-147828.821,-52619.696,-148128.823,-52219.670,-147828.822,-52219.677,土地改良所在図,法第14条1項地図,P-F,,,,,,
46201-3400-180.zip,H1  15,1000,false,-148428.820,-52619.680,-148128.821,-52619.688,-148428.822,-52219.661,-148128.823,-52219.670,土地改良所在図,法第14条1項地図,P-F,,,,,,
46201-3400-180.zip,D1  34,1000,false,-147528.817,-53019.721,-147228.815,-53019.728,-147528.820,-52619.703,-147228.818,-52619.710,土地改良所在図,法第14条1項地図,P-F,,,,,,
46201-3400-180.zip,D1  35,1000,false,-147528.820,-52619.703,-147228.818,-52619.710,-147528.822,-52219.685,-147228.821,-52219.692,土地改良所在図,法第14条1項地図,P-F,,,,,,
46201-3400-180.zip,D1  44,1000,false,-147828.819,-53019.714,-147528.817,-53019.721,-147828.821,-52619.696,-147528.820,-52619.703,土地改良所在図,法第14条1項地図,P-F,,,,,,
46201-3400-180.zip,D1  45,1000,false,-147828.821,-52619.696,-147528.820,-52619.703,-147828.822,-52219.677,-147528.822,-52219.685,土地改良所在図,法第14条1項地図,P-F,,,,,,
46201-3400-181.zip,B1  21,1000,false,-145728.795,-48219.604,-145428.793,-48219.613,-145728.794,-47819.594,-145428.791,-47819.602,土地改良所在図,法第14条1項地図,P-F,,,,,,
46201-3400-181.zip,B1  22,1000,false,-145728.794,-47819.594,-145428.791,-47819.602,-145728.795,-47419.583,-145428.793,-47419.591,土地改良所在図,法第14条1項地図,P-F,,,,,,
46201-3400-181.zip,B1  23,1000,false,-145728.795,-47419.583,-145428.793,-47419.591,-145728.799,-47019.571,-145428.797,-47019.579,土地改良所在図,法第14条1項地図,P-F,,,,,,
46201-3400-181.zip,B1  31,1000,false,-146028.797,-48219.595,-145728.795,-48219.604,-146028.796,-47819.585,-145728.794,-47819.594,土地改良所在図,法第14条1項地図,P-F,,,,,,
46201-3400-181.zip,B1  32,1000,false,-146028.796,-47819.585,-145728.794,-47819.594,-146028.797,-47419.574,-145728.795,-47419.583,土地改良所在図,法第14条1項地図,P-F,,,,,,
46201-3400-181.zip,B1  33,1000,false,-146028.797,-47419.574,-145728.795,-47419.583,-146028.800,-47019.564,-145728.799,-47019.571,土地改良所在図,法第14条1項地図,P-F,,,,,,
46201-3400-181.zip,A1  25,1000,false,-145728.796,-48619.615,-145428.794,-48619.624,-145728.795,-48219.604,-145428.793,-48219.613,土地改良所在図,法第14条1項地図,P-F,,,,,,
46201-3400-182.zip,G1  42,1000,false,-147828.802,-47819.536,-147528.802,-47819.543,-147828.799,-47419.528,-147528.800,-47419.534,土地改良所在図,法第14条1項地図,P-F,,,,,,
46201-3400-182.zip,G1  52,1000,false,-148128.802,-47819.529,-147828.802,-47819.536,-148128.798,-47419.521,-147828.799,-47419.528,土地改良所在図,法第14条1項地図,P-F,,,,,,
46201-3400-182.zip,K1  12,1000,false,-148428.803,-47819.523,-148128.802,-47819.529,-148428.798,-47419.516,-148128.798,-47419.521,土地改良所在図,法第14条1項地図,P-F,,,,,,
46201-3400-183.zip,G1  22,1000,false,-147228.801,-47819.550,-146928.801,-47819.559,-147228.800,-47419.541,-146928.800,-47419.550,土地改良所在図,法第14条1項地図,P-F,,,,,,
46201-3400-183.zip,G1  23,1000,false,-147228.800,-47419.541,-146928.800,-47419.550,-147228.799,-47019.534,-146928.800,-47019.542,土地改良所在図,法第14条1項地図,P-F,,,,,,
46201-3400-183.zip,G1  32,1000,false,-147528.802,-47819.543,-147228.801,-47819.550,-147528.800,-47419.534,-147228.800,-47419.541,土地改良所在図,法第14条1項地図,P-F,,,,,,
46201-3400-183.zip,G1  33,1000,false,-147528.800,-47419.534,-147228.800,-47419.541,-147528.797,-47019.527,-147228.799,-47019.534,土地改良所在図,法第14条1項地図,P-F,,,,,,
46201-3400-184.zip,T   32,1000,false,-144528.787,-49819.687,-144228.781,-49819.696,-144528.785,-49419.675,-144228.779,-49419.683,土地改良所在図,法第14条1項地図,P-F,,,,,,
46201-3400-184.zip,T   33,1000,false,-144528.785,-49419.675,-144228.779,-49419.683,-144528.783,-49019.663,-144228.778,-49019.670,土地改良所在図,法第14条1項地図,P-F,,,,,,
46201-3400-184.zip,T   34,1000,false,-144528.783,-49019.663,-144228.778,-49019.670,-144528.782,-48619.651,-144228.777,-48619.657,土地改良所在図,法第14条1項地図,P-F,,,,,,
46201-3400-184.zip,T   42,1000,false,-144828.790,-49819.678,-144528.787,-49819.687,-144828.789,-49419.666,-144528.785,-49419.675,土地改良所在図,法第14条1項地図,P-F,,,,,,
46201-3400-184.zip,T   43,1000,false,-144828.789,-49419.666,-144528.785,-49419.675,-144828.787,-49019.654,-144528.783,-49019.663,土地改良所在図,法第14条1項地図,P-F,,,,,,
46201-3400-184.zip,T   44,1000,false,-144828.787,-49019.654,-144528.783,-49019.663,-144828.786,-48619.642,-144528.782,-48619.651,土地改良所在図,法第14条1項地図,P-F,,,,,,
46201-3400-184.zip,T   52,1000,false,-145128.793,-49819.669,-144828.790,-49819.678,-145128.792,-49419.657,-144828.789,-49419.666,土地改良所在図,法第14条1項地図,P-F,,,,,,
46201-3400-184.zip,T   53,1000,false,-145128.792,-49419.657,-144828.789,-49419.666,-145128.791,-49019.645,-144828.787,-49019.654,土地改良所在図,法第14条1項地図,P-F,,,,,,
46201-3400-184.zip,T   54,1000,false,-145128.791,-49019.645,-144828.787,-49019.654,-145128.790,-48619.633,-144828.786,-48619.642,土地改良所在図,法第14条1項地図,P-F,,,,,,
46201-3400-184.zip,A1  12,1000,false,-145428.797,-49819.660,-145128.793,-49819.669,-145428.796,-49419.648,-145128.792,-49419.657,土地改良所在図,法第14条1項地図,P-F,,,,,,
46201-3400-184.zip,A1  13,1000,false,-145428.796,-49419.648,-145128.792,-49419.657,-145428.795,-49019.636,-145128.791,-49019.645,土地改良所在図,法第14条1項地図,P-F,,,,,,
46201-3400-184.zip,A1  22,1000,false,-145728.799,-49819.651,-145428.797,-49819.660,-145728.798,-49419.639,-145428.796,-49419.648,土地改良所在図,法第14条1項地図,P-F,,,,,,
46201-3400-184.zip,A1  23,1000,false,-145728.798,-49419.639,-145428.796,-49419.648,-145728.797,-49019.627,-145428.795,-49019.636,土地改良所在図,法第14条1項地図,P-F,,,,,,
46201-3400-185.zip,S   42,1000,false,-144828.804,-51819.730,-144528.801,-51819.735,-144828.800,-51419.719,-144528.796,-51419.725,土地改良所在図,法第14条1項地図,P-F,,,,,,
46201-3400-185.zip,S   43,1000,false,-144828.800,-51419.719,-144528.796,-51419.725,-144828.796,-51019.709,-144528.792,-51019.716,土地改良所在図,法第14条1項地図,P-F,,,,,,
46201-3400-185.zip,S   52,1000,false,-145128.806,-51819.724,-144828.804,-51819.730,-145128.803,-51419.713,-144828.800,-51419.719,土地改良所在図,法第14条1項地図,P-F,,,,,,
46201-3400-185.zip,S   53,1000,false,-145128.803,-51419.713,-144828.800,-51419.719,-145128.800,-51019.702,-144828.796,-51019.709,土地改良所在図,法第14条1項地図,P-F,,,,,,
46201-3400-185.zip,S   22,1000,false,-144228.798,-51819.737,-143928.796,-51819.739,-144228.793,-51419.728,-143928.790,-51419.731,土地改良所在図,法第14条1項地図,P-F,,,,,,
46201-3400-185.zip,S   23,1000,false,-144228.793,-51419.728,-143928.790,-51419.731,-144228.789,-51019.719,-143928.786,-51019.723,土地改良所在図,法第14条1項地図,P-F,,,,,,
46201-3400-185.zip,S   32,1000,false,-144528.801,-51819.735,-144228.798,-51819.737,-144528.796,-51419.725,-144228.793,-51419.728,土地改良所在図,法第14条1項地図,P-F,,,,,,
46201-3400-185.zip,S   33,1000,false,-144528.796,-51419.725,-144228.793,-51419.728,-144528.792,-51019.716,-144228.789,-51019.719,土地改良所在図,法第14条1項地図,P-F,,,,,,
46201-3400-186.zip,J1  31,1000,false,-149028.819,-52219.643,-148728.821,-52219.652,-149028.830,-51819.625,-148728.829,-51819.634,土地改良所在図,法第14条1項地図,P-F,,,,,,
46201-3400-186.zip,D1  55,1000,false,-148128.821,-52619.688,-147828.821,-52619.696,-148128.823,-52219.670,-147828.822,-52219.677,土地改良所在図,法第14条1項地図,P-F,,,,,,
46201-3400-186.zip,E1  51,1000,false,-148128.823,-52219.670,-147828.822,-52219.677,-148128.826,-51819.651,-147828.825,-51819.659,土地改良所在図,法第14条1項地図,P-F,,,,,,
46201-3400-186.zip,H1  15,1000,false,-148428.820,-52619.680,-148128.821,-52619.688,-148428.822,-52219.661,-148128.823,-52219.670,土地改良所在図,法第14条1項地図,P-F,,,,,,
46201-3400-186.zip,H1  25,1000,false,-148728.818,-52619.671,-148428.820,-52619.680,-148728.821,-52219.652,-148428.822,-52219.661,土地改良所在図,法第14条1項地図,P-F,,,,,,
46201-3400-186.zip,H1  35,1000,false,-149028.816,-52619.662,-148728.818,-52619.671,-149028.819,-52219.643,-148728.821,-52219.652,土地改良所在図,法第14条1項地図,P-F,,,,,,
46201-3400-186.zip,J1  11,1000,false,-148428.822,-52219.661,-148128.823,-52219.670,-148428.828,-51819.642,-148128.826,-51819.651,土地改良所在図,法第14条1項地図,P-F,,,,,,
46201-3400-186.zip,J1  21,1000,false,-148728.821,-52219.652,-148428.822,-52219.661,-148728.829,-51819.634,-148428.828,-51819.642,土地改良所在図,法第14条1項地図,P-F,,,,,,
46201-3400-186.zip,J1  22,1000,false,-148728.829,-51819.634,-148428.828,-51819.642,-148728.836,-51419.615,-148428.833,-51419.624,土地改良所在図,法第14条1項地図,P-F,,,,,,
46201-3400-187.zip,Z   15,1000,false,-145428.801,-50619.683,-145128.798,-50619.691,-145428.799,-50219.672,-145128.795,-50219.680,土地改良所在図,法第14条1項地図,P-F,,,,,,
46201-3400-187.zip,S   43,1000,false,-144828.800,-51419.719,-144528.796,-51419.725,-144828.796,-51019.709,-144528.792,-51019.716,土地改良所在図,法第14条1項地図,P-F,,,,,,
46201-3400-187.zip,S   44,1000,false,-144828.796,-51019.709,-144528.792,-51019.716,-144828.794,-50619.699,-144528.790,-50619.706,土地改良所在図,法第14条1項地図,P-F,,,,,,
46201-3400-187.zip,S   54,1000,false,-145128.800,-51019.702,-144828.796,-51019.709,-145128.798,-50619.691,-144828.794,-50619.699,土地改良所在図,法第14条1項地図,P-F,,,,,,
46201-3400-187.zip,Z   14,1000,false,-145428.804,-51019.694,-145128.800,-51019.702,-145428.801,-50619.683,-145128.798,-50619.691,土地改良所在図,法第14条1項地図,P-F,,,,,,
46201-3400-188.zip,S   55,1000,false,-145128.798,-50619.691,-144828.794,-50619.699,-145128.795,-50219.680,-144828.792,-50219.689,土地改良所在図,法第14条1項地図,P-F,,,,,,
46201-3400-188.zip,T   41,1000,false,-144828.792,-50219.689,-144528.789,-50219.697,-144828.790,-49819.678,-144528.787,-49819.687,土地改良所在図,法第14条1項地図,P-F,,,,,,
46201-3400-188.zip,T   51,1000,false,-145128.795,-50219.680,-144828.792,-50219.689,-145128.793,-49819.669,-144828.790,-49819.678,土地改良所在図,法第14条1項地図,P-F,,,,,,
46201-3400-189.zip,J   23,1000,false,-142728.814,-55419.829,-142428.814,-55419.829,-142728.811,-55019.832,-142428.811,-55019.830,地籍図,法第14条1項地図,P-F,,,,,,
46201-3400-189.zip,J   24,1000,false,-142728.811,-55019.832,-142428.811,-55019.830,-142728.808,-54619.831,-142428.808,-54619.829,地籍図,法第14条1項地図,P-F,,,,,,
46201-3400-189.zip,J   25,1000,false,-142728.808,-54619.831,-142428.808,-54619.829,-142728.807,-54219.818,-142428.805,-54219.818,地籍図,法第14条1項地図,P-F,,,,,,
46201-3400-189.zip,J   33,1000,false,-143028.817,-55419.828,-142728.814,-55419.829,-143028.815,-55019.832,-142728.811,-55019.832,地籍図,法第14条1項地図,P-F,,,,,,
46201-3400-189.zip,J   34,1000,false,-143028.815,-55019.832,-142728.811,-55019.832,-143028.813,-54619.831,-142728.808,-54619.831,地籍図,法第14条1項地図,P-F,,,,,,
46201-3400-189.zip,K   11,1000,false,-142428.805,-54219.818,-142128.804,-54219.817,-142428.802,-53819.807,-142128.799,-53819.808,地籍図,法第14条1項地図,P-F,,,,,,
46201-3400-189.zip,K   12,1000,false,-142428.802,-53819.807,-142128.799,-53819.808,-142428.798,-53419.795,-142128.794,-53419.797,地籍図,法第14条1項地図,P-F,,,,,,
46201-3400-189.zip,K   13,1000,false,-142428.798,-53419.795,-142128.794,-53419.797,-142428.794,-53019.779,-142128.788,-53019.783,地籍図,法第14条1項地図,P-F,,,,,,
46201-3400-189.zip,K   14,1000,false,-142428.794,-53019.779,-142128.788,-53019.783,-142428.790,-52619.763,-142128.783,-52619.768,地籍図,法第14条1項地図,P-F,,,,,,
46201-3400-189.zip,K   21,1000,false,-142728.807,-54219.818,-142428.805,-54219.818,-142728.805,-53819.806,-142428.802,-53819.807,地籍図,法第14条1項地図,P-F,,,,,,
46201-3400-189.zip,K   22,1000,false,-142728.805,-53819.806,-142428.802,-53819.807,-142728.803,-53419.793,-142428.798,-53419.795,地籍図,法第14条1項地図,P-F,,,,,,
46201-3400-189.zip,K   23,1000,false,-142728.803,-53419.793,-142428.798,-53419.795,-142728.800,-53019.776,-142428.794,-53019.779,地籍図,法第14条1項地図,P-F,,,,,,
46201-3400-189.zip,K   24,1000,false,-142728.800,-53019.776,-142428.794,-53019.779,-142728.797,-52619.758,-142428.790,-52619.763,地籍図,法第14条1項地図,P-F,,,,,,
46201-3400-189.zip,K   31,1000,false,-143028.811,-54219.818,-142728.807,-54219.818,-143028.809,-53819.805,-142728.805,-53819.806,地籍図,法第14条1項地図,P-F,,,,,,
46201-3400-189.zip,K   32,1000,false,-143028.809,-53819.805,-142728.805,-53819.806,-143028.807,-53419.791,-142728.803,-53419.793,地籍図,法第14条1項地図,P-F,,,,,,
46201-3400-189.zip,K   33,1000,false,-143028.807,-53419.791,-142728.803,-53419.793,-143028.803,-53019.775,-142728.800,-53019.776,地籍図,法第14条1項地図,P-F,,,,,,
46201-3400-189.zip,K   34,1000,false,-143028.803,-53019.775,-142728.800,-53019.776,-143028.799,-52619.759,-142728.797,-52619.758,地籍図,法第14条1項地図,P-F,,,,,,
46201-3400-189.zip,K   41,1000,false,-143328.816,-54219.818,-143028.811,-54219.818,-143328.813,-53819.804,-143028.809,-53819.805,地籍図,法第14条1項地図,P-F,,,,,,
46201-3400-189.zip,K   42,1000,false,-143328.813,-53819.804,-143028.809,-53819.805,-143328.810,-53419.790,-143028.807,-53419.791,地籍図,法第14条1項地図,P-F,,,,,,
46201-3400-189.zip,K   43,1000,false,-143328.810,-53419.790,-143028.807,-53419.791,-143328.806,-53019.775,-143028.803,-53019.775,地籍図,法第14条1項地図,P-F,,,,,,
46201-3400-189.zip,K   51,1000,false,-143628.820,-54219.817,-143328.816,-54219.818,-143628.818,-53819.803,-143328.813,-53819.804,地籍図,法第14条1項地図,P-F,,,,,,
46201-3400-189.zip,K   52,1000,false,-143628.818,-53819.803,-143328.813,-53819.804,-143628.814,-53419.788,-143328.810,-53419.790,地籍図,法第14条1項地図,P-F,,,,,,
46201-3400-189.zip,R   11,1000,false,-143928.820,-54219.812,-143628.820,-54219.817,-143928.818,-53819.799,-143628.818,-53819.803,地籍図,法第14条1項地図,P-F,,,,,,
46201-3400-189.zip,J   14,1000,false,-142428.811,-55019.830,-142128.812,-55019.829,-142428.808,-54619.829,-142128.809,-54619.826,地籍図,法第14条1項地図,P-F,,,,,,
46201-3400-189.zip,J   15,1000,false,-142428.808,-54619.829,-142128.809,-54619.826,-142428.805,-54219.818,-142128.804,-54219.817,地籍図,法第14条1項地図,P-F,,,,,,
46201-3400-189.zip,J   22,1000,false,-142728.817,-55819.827,-142428.817,-55819.828,-142728.814,-55419.829,-142428.814,-55419.829,地籍図,法第14条1項地図,P-F,,,,,,
46201-3400-189.zip,C   34,1000,false,-141528.808,-55019.830,-141228.801,-55019.834,-141528.805,-54619.827,-141228.798,-54619.831,地籍図,法第14条1項地図,P-F,,,,,,
46201-3400-189.zip,C   35,1000,false,-141528.805,-54619.827,-141228.798,-54619.831,-141528.799,-54219.819,-141228.793,-54219.823,地籍図,法第14条1項地図,P-F,,,,,,
46201-3400-189.zip,C   44,1000,false,-141828.813,-55019.827,-141528.808,-55019.830,-141828.810,-54619.824,-141528.805,-54619.827,地籍図,法第14条1項地図,P-F,,,,,,
46201-3400-189.zip,C   45,1000,false,-141828.810,-54619.824,-141528.805,-54619.827,-141828.803,-54219.816,-141528.799,-54219.819,地籍図,法第14条1項地図,P-F,,,,,,
46201-3400-189.zip,C   52,1000,false,-142128.816,-55819.829,-141828.816,-55819.830,-142128.814,-55419.829,-141828.814,-55419.829,地籍図,法第14条1項地図,P-F,,,,,,
46201-3400-189.zip,C   53,1000,false,-142128.814,-55419.829,-141828.814,-55419.829,-142128.812,-55019.829,-141828.813,-55019.827,地籍図,法第14条1項地図,P-F,,,,,,
46201-3400-189.zip,C   54,1000,false,-142128.812,-55019.829,-141828.813,-55019.827,-142128.809,-54619.826,-141828.810,-54619.824,地籍図,法第14条1項地図,P-F,,,,,,
46201-3400-189.zip,C   55,1000,false,-142128.809,-54619.826,-141828.810,-54619.824,-142128.804,-54219.817,-141828.803,-54219.816,地籍図,法第14条1項地図,P-F,,,,,,
46201-3400-189.zip,D   11,1000,false,-140928.788,-54219.826,-140628.783,-54219.831,-140928.784,-53819.817,-140628.779,-53819.822,地籍図,法第14条1項地図,P-F,,,,,,
46201-3400-189.zip,D   12,1000,false,-140928.784,-53819.817,-140628.779,-53819.822,-140928.779,-53419.808,-140628.774,-53419.813,地籍図,法第14条1項地図,P-F,,,,,,
46201-3400-189.zip,D   21,1000,false,-141228.793,-54219.823,-140928.788,-54219.826,-141228.788,-53819.814,-140928.784,-53819.817,地籍図,法第14条1項地図,P-F,,,,,,
46201-3400-189.zip,D   22,1000,false,-141228.788,-53819.814,-140928.784,-53819.817,-141228.782,-53419.805,-140928.779,-53419.808,地籍図,法第14条1項地図,P-F,,,,,,
46201-3400-189.zip,D   24,1000,false,-141228.773,-53019.793,-140928.769,-53019.797,-141228.764,-52619.782,-140928.758,-52619.786,地籍図,法第14条1項地図,P-F,,,,,,
46201-3400-189.zip,D   31,1000,false,-141528.799,-54219.819,-141228.793,-54219.823,-141528.792,-53819.811,-141228.788,-53819.814,地籍図,法第14条1項地図,P-F,,,,,,
46201-3400-189.zip,D   34,1000,false,-141528.777,-53019.790,-141228.773,-53019.793,-141528.769,-52619.778,-141228.764,-52619.782,地籍図,法第14条1項地図,P-F,,,,,,
46201-3400-189.zip,D   41,1000,false,-141828.803,-54219.816,-141528.799,-54219.819,-141828.796,-53819.808,-141528.792,-53819.811,地籍図,法第14条1項地図,P-F,,,,,,
46201-3400-189.zip,D   42,1000,false,-141828.796,-53819.808,-141528.792,-53819.811,-141828.789,-53419.799,-141528.785,-53419.802,地籍図,法第14条1項地図,P-F,,,,,,
46201-3400-189.zip,D   43,1000,false,-141828.789,-53419.799,-141528.785,-53419.802,-141828.782,-53019.786,-141528.777,-53019.790,地籍図,法第14条1項地図,P-F,,,,,,
46201-3400-189.zip,D   44,1000,false,-141828.782,-53019.786,-141528.777,-53019.790,-141828.775,-52619.773,-141528.769,-52619.778,地籍図,法第14条1項地図,P-F,,,,,,
46201-3400-189.zip,D   51,1000,false,-142128.804,-54219.817,-141828.803,-54219.816,-142128.799,-53819.808,-141828.796,-53819.808,地籍図,法第14条1項地図,P-F,,,,,,
46201-3400-189.zip,D   52,1000,false,-142128.799,-53819.808,-141828.796,-53819.808,-142128.794,-53419.797,-141828.789,-53419.799,地籍図,法第14条1項地図,P-F,,,,,,
46201-3400-189.zip,D   53,1000,false,-142128.794,-53419.797,-141828.789,-53419.799,-142128.788,-53019.783,-141828.782,-53019.786,地籍図,法第14条1項地図,P-F,,,,,,
46201-3400-189.zip,D   54,1000,false,-142128.788,-53019.783,-141828.782,-53019.786,-142128.783,-52619.768,-141828.775,-52619.773,地籍図,法第14条1項地図,P-F,,,,,,
46201-3400-189.zip,J   12,1000,false,-142428.817,-55819.828,-142128.816,-55819.829,-142428.814,-55419.829,-142128.814,-55419.829,地籍図,法第14条1項地図,P-F,,,,,,
46201-3400-189.zip,J   13,1000,false,-142428.814,-55419.829,-142128.814,-55419.829,-142428.811,-55019.830,-142128.812,-55019.829,地籍図,法第14条1項地図,P-F,,,,,,
46201-3400-189.zip,A   51,1000,false,-140628.783,-54219.831,-140328.778,-54219.836,-140628.779,-53819.822,-140328.774,-53819.828,地籍図,法第14条1項地図,P-F,,,,,,
46201-3400-189.zip,A   52,1000,false,-140628.779,-53819.822,-140328.774,-53819.828,-140628.774,-53419.813,-140328.768,-53419.819,地籍図,法第14条1項地図,P-F,,,,,,
46201-3400-189.zip,C   15,1000,false,-140928.792,-54619.835,-140628.786,-54619.840,-140928.788,-54219.826,-140628.783,-54219.831,地籍図,法第14条1項地図,P-F,,,,,,
46201-3400-189.zip,C   25,1000,false,-141228.798,-54619.831,-140928.792,-54619.835,-141228.793,-54219.823,-140928.788,-54219.826,地籍図,法第14条1項地図,P-F,,,,,,
46201-3400-19.zip,119-605,500,false,-71.835,254.165,130.076,359.383,-201.611,507.699,-3.323,611.007,その他,地図に準ずる図面,P-F,,,,1981,8,27
46201-3400-19.zip,119-606,500,false,-260.781,138.687,-57.039,240.665,-386.400,394.398,-184.490,495.637,その他,地図に準ずる図面,P-F,,,,1981,8,27
46201-3400-19.zip,119-608,500,false,-13.951,61.211,189.261,160.753,-139.751,317.921,65.417,418.739,その他,地図に準ずる図面,P-F,,,,1981,8,27
46201-3400-19.zip,119-607-1,500,false,-386.469,55.888,-182.940,160.039,-516.573,310.133,-313.043,414.284,その他,地図に準ずる図面,P-F,,,,,,
46201-3400-19.zip,119-610,500,false,-30.744,-164.125,169.575,-62.340,-161.207,87.500,40.651,191.785,その他,地図に準ずる図面,P-F,,,,1981,8,27
46201-3400-19.zip,119-607-2,500,false,-416.798,57.593,-213.105,161.424,-546.502,312.042,-342.809,415.873,その他,地図に準ずる図面,P-F,,,,1981,8,27
46201-3400-19.zip,119-609,500,false,-65.900,-21.885,39.057,178.084,-304.971,103.594,-200.015,303.563,その他,地図に準ずる図面,P-F,,,,1981,8,27
46201-3400-190.zip,B1  13-1,500,false,-145278.791,-47419.595,-145128.789,-47419.599,-145278.793,-47219.589,-145128.791,-47219.592,土地改良所在図,法第14条1項地図,P-F,,,,,,
46201-3400-190.zip,B1  13-2,500,false,-145278.793,-47219.589,-145128.791,-47219.592,-145278.794,-47019.582,-145128.792,-47019.586,土地改良所在図,法第14条1項地図,P-F,,,,,,
46201-3400-190.zip,B1  22-1,500,false,-145578.793,-47819.598,-145428.791,-47819.602,-145578.792,-47619.593,-145428.791,-47619.597,土地改良所在図,法第14条1項地図,P-F,,,,,,
46201-3400-190.zip,B1  22-2,500,false,-145578.792,-47619.593,-145428.791,-47619.597,-145578.794,-47419.587,-145428.793,-47419.591,土地改良所在図,法第14条1項地図,P-F,,,,,,
46201-3400-190.zip,B1  22-4,500,false,-145728.793,-47619.588,-145578.792,-47619.593,-145728.795,-47419.583,-145578.794,-47419.587,土地改良所在図,法第14条1項地図,P-F,,,,,,
46201-3400-190.zip,U   33-3,500,false,-144528.781,-47419.614,-144378.779,-47419.618,-144528.781,-47219.608,-144378.778,-47219.611,土地改良所在図,法第14条1項地図,P-F,,,,,,
46201-3400-190.zip,U   42-2,500,false,-144678.783,-47619.617,-144528.782,-47619.621,-144678.784,-47419.611,-144528.781,-47419.614,土地改良所在図,法第14条1項地図,P-F,,,,,,
46201-3400-190.zip,U   42-4,500,false,-144828.785,-47619.613,-144678.783,-47619.617,-144828.785,-47419.607,-144678.784,-47419.611,土地改良所在図,法第14条1項地図,P-F,,,,,,
46201-3400-190.zip,U   43-1,500,false,-144678.784,-47419.611,-144528.781,-47419.614,-144678.784,-47219.604,-144528.781,-47219.608,土地改良所在図,法第14条1項地図,P-F,,,,,,
46201-3400-190.zip,U   43-3,500,false,-144828.785,-47419.607,-144678.784,-47419.611,-144828.786,-47219.600,-144678.784,-47219.604,土地改良所在図,法第14条1項地図,P-F,,,,,,
46201-3400-190.zip,U   52-1,500,false,-144978.787,-47819.615,-144828.785,-47819.619,-144978.786,-47619.609,-144828.785,-47619.613,土地改良所在図,法第14条1項地図,P-F,,,,,,
46201-3400-190.zip,U   52-2,500,false,-144978.786,-47619.609,-144828.785,-47619.613,-144978.787,-47419.603,-144828.785,-47419.607,土地改良所在図,法第14条1項地図,P-F,,,,,,
46201-3400-190.zip,U   52-3,500,false,-145128.788,-47819.611,-144978.787,-47819.615,-145128.788,-47619.605,-144978.786,-47619.609,土地改良所在図,法第14条1項地図,P-F,,,,,,
46201-3400-190.zip,U   52-4,500,false,-145128.788,-47619.605,-144978.786,-47619.609,-145128.789,-47419.599,-144978.787,-47419.603,土地改良所在図,法第14条1項地図,P-F,,,,,,
46201-3400-190.zip,U   53-1,500,false,-144978.787,-47419.603,-144828.785,-47419.607,-144978.788,-47219.596,-144828.786,-47219.600,土地改良所在図,法第14条1項地図,P-F,,,,,,
46201-3400-190.zip,U   53-2,500,false,-144978.788,-47219.596,-144828.786,-47219.600,-144978.789,-47019.590,-144828.787,-47019.594,土地改良所在図,法第14条1項地図,P-F,,,,,,
46201-3400-190.zip,U   53-3,500,false,-145128.789,-47419.599,-144978.787,-47419.603,-145128.791,-47219.592,-144978.788,-47219.596,土地改良所在図,法第14条1項地図,P-F,,,,,,
46201-3400-190.zip,U   53-4,500,false,-145128.791,-47219.592,-144978.788,-47219.596,-145128.792,-47019.586,-144978.789,-47019.590,土地改良所在図,法第14条1項地図,P-F,,,,,,
46201-3400-190.zip,U   54-3,500,false,-145128.792,-47019.586,-144978.789,-47019.590,-145128.793,-46819.580,-144978.790,-46819.584,土地改良所在図,法第14条1項地図,P-F,,,,,,
46201-3400-190.zip,B1  12-1,500,false,-145278.790,-47819.606,-145128.788,-47819.611,-145278.789,-47619.601,-145128.788,-47619.605,土地改良所在図,法第14条1項地図,P-F,,,,,,
46201-3400-190.zip,B1  12-2,500,false,-145278.789,-47619.601,-145128.788,-47619.605,-145278.791,-47419.595,-145128.789,-47419.599,土地改良所在図,法第14条1項地図,P-F,,,,,,
46201-3400-190.zip,B1  12-3,500,false,-145428.791,-47819.602,-145278.790,-47819.606,-145428.791,-47619.597,-145278.789,-47619.601,土地改良所在図,法第14条1項地図,P-F,,,,,,
46201-3400-190.zip,B1  12-4,500,false,-145428.791,-47619.597,-145278.789,-47619.601,-145428.793,-47419.591,-145278.791,-47419.595,土地改良所在図,法第14条1項地図,P-F,,,,,,
46201-3400-191.zip,B1  53-1,500,false,-146478.800,-47419.562,-146328.799,-47419.566,-146478.800,-47219.557,-146328.800,-47219.561,土地改良所在図,法第14条1項地図,P-F,,,,,,
46201-3400-191.zip,B1  53-2,500,false,-146478.800,-47219.557,-146328.800,-47219.561,-146478.801,-47019.553,-146328.801,-47019.557,土地改良所在図,法第14条1項地図,P-F,,,,,,
46201-3400-191.zip,B1  53-4,500,false,-146628.800,-47219.553,-146478.800,-47219.557,-146628.801,-47019.549,-146478.801,-47019.553,土地改良所在図,法第14条1項地図,P-F,,,,,,
46201-3400-191.zip,B1  54-1,500,false,-146478.801,-47019.553,-146328.801,-47019.557,-146478.802,-46819.549,-146328.802,-46819.552,土地改良所在図,法第14条1項地図,P-F,,,,,,
46201-3400-191.zip,B1  54-3,500,false,-146628.801,-47019.549,-146478.801,-47019.553,-146628.801,-46819.545,-146478.802,-46819.549,土地改良所在図,法第14条1項地図,P-F,,,,,,
46201-3400-191.zip,B1  43-1,500,false,-146178.798,-47419.570,-146028.797,-47419.574,-146178.799,-47219.565,-146028.799,-47219.569,土地改良所在図,法第14条1項地図,P-F,,,,,,
46201-3400-191.zip,B1  43-2,500,false,-146178.799,-47219.565,-146028.799,-47219.569,-146178.800,-47019.560,-146028.800,-47019.564,土地改良所在図,法第14条1項地図,P-F,,,,,,
46201-3400-191.zip,B1  43-3,500,false,-146328.799,-47419.566,-146178.798,-47419.570,-146328.800,-47219.561,-146178.799,-47219.565,土地改良所在図,法第14条1項地図,P-F,,,,,,
46201-3400-191.zip,B1  43-4,500,false,-146328.800,-47219.561,-146178.799,-47219.565,-146328.801,-47019.557,-146178.800,-47019.560,土地改良所在図,法第14条1項地図,P-F,,,,,,
46201-3400-192.zip,N   13,1000,false,-142428.721,-47419.642,-142128.714,-47419.644,-142428.716,-47019.627,-142128.711,-47019.631,土地改良所在図,法第14条1項地図,P-F,,,,,,
46201-3400-192.zip,N   22,1000,false,-142728.732,-47819.654,-142428.725,-47819.655,-142728.728,-47419.640,-142428.721,-47419.642,土地改良所在図,法第14条1項地図,P-F,,,,,,
46201-3400-192.zip,N   23,1000,false,-142728.728,-47419.640,-142428.721,-47419.642,-142728.721,-47019.623,-142428.716,-47019.627,土地改良所在図,法第14条1項地図,P-F,,,,,,
46201-3400-192.zip,N   32,1000,false,-143028.744,-47819.652,-142728.732,-47819.654,-143028.740,-47419.639,-142728.728,-47419.640,土地改良所在図,法第14条1項地図,P-F,,,,,,
46201-3400-192.zip,N   33,1000,false,-143028.740,-47419.639,-142728.728,-47419.640,-143028.733,-47019.622,-142728.721,-47019.623,土地改良所在図,法第14条1項地図,P-F,,,,,,
46201-3400-192.zip,N   42,1000,false,-143328.755,-47819.651,-143028.744,-47819.652,-143328.752,-47419.637,-143028.740,-47419.639,土地改良所在図,法第14条1項地図,P-F,,,,,,
46201-3400-192.zip,G   43,1000,false,-141828.708,-47419.647,-141528.702,-47419.650,-141828.706,-47019.635,-141528.701,-47019.638,土地改良所在図,法第14条1項地図,P-F,,,,,,
46201-3400-192.zip,G   52,1000,false,-142128.718,-47819.657,-141828.710,-47819.658,-142128.714,-47419.644,-141828.708,-47419.647,土地改良所在図,法第14条1項地図,P-F,,,,,,
46201-3400-192.zip,G   53,1000,false,-142128.714,-47419.644,-141828.708,-47419.647,-142128.711,-47019.631,-141828.706,-47019.635,土地改良所在図,法第14条1項地図,P-F,,,,,,
46201-3400-192.zip,N   12,1000,false,-142428.725,-47819.655,-142128.718,-47819.657,-142428.721,-47419.642,-142128.714,-47419.644,土地改良所在図,法第14条1項地図,P-F,,,,,,
46201-3400-193.zip,E4  51-1,500,false,-151125.000,-47250.000,-151000.000,-47250.000,-151125.000,-47075.000,-151000.000,-47075.000,土地改良所在図,法第14条1項地図,P-F,,,,,,
46201-3400-193.zip,E4  51-2,500,false,-151125.000,-47075.000,-151000.000,-47075.000,-151125.000,-46900.000,-151000.000,-46900.000,土地改良所在図,法第14条1項地図,P-F,,,,,,
46201-3400-193.zip,E4  51-3,500,false,-151250.000,-47250.000,-151125.000,-47250.000,-151250.000,-47075.000,-151125.000,-47075.000,土地改良所在図,法第14条1項地図,P-F,,,,,,
46201-3400-193.zip,E4  51-4,500,false,-151250.000,-47075.000,-151125.000,-47075.000,-151250.000,-46900.000,-151125.000,-46900.000,土地改良所在図,法第14条1項地図,P-F,,,,,,
46201-3400-194.zip,075-190-2,500,false,500.000,400.000,650.000,400.000,500.000,600.000,650.000,600.000,土地改良所在図,地図に準ずる図面,P-F,,,,,,
46201-3400-194.zip,075-190-3,500,false,350.000,400.000,500.000,400.000,350.000,600.000,500.000,600.000,土地改良所在図,地図に準ずる図面,P-F,,,,,,
46201-3400-194.zip,075-192-2,500,false,200.000,400.000,350.000,400.000,200.000,600.000,350.000,600.000,土地改良所在図,地図に準ずる図面,P-F,,,,,,
46201-3400-194.zip,075-192-3,500,false,50.000,200.000,200.000,200.000,50.000,400.000,200.000,400.000,土地改良所在図,地図に準ずる図面,P-F,,,,,,
46201-3400-194.zip,075-192-4,500,false,50.000,400.000,200.000,400.000,50.000,600.000,200.000,600.000,土地改良所在図,地図に準ずる図面,P-F,,,,,,
46201-3400-194.zip,075-194-2,500,false,350.000,200.000,500.000,200.000,350.000,400.000,500.000,400.000,土地改良所在図,地図に準ずる図面,P-F,,,,,,
46201-3400-194.zip,075-195-2,500,false,500.000,200.000,650.000,200.000,500.000,400.000,650.000,400.000,土地改良所在図,地図に準ずる図面,P-F,,,,,,
46201-3400-194.zip,075-260-1,500,false,-60.000,-150.000,90.000,-150.000,-60.000,50.000,90.000,50.000,土地改良所在図,地図に準ずる図面,P-F,,,,,,
46201-3400-194.zip,075-260-2,500,false,-210.000,-150.000,-60.000,-150.000,-210.000,50.000,-60.000,50.000,土地改良所在図,地図に準ずる図面,P-F,,,,,,
46201-3400-195.zip,075-180,,true,-776.964,775.646,-507.332,788.508,-793.002,1102.188,-523.699,1114.767,旧土地台帳附属地図,地図に準ずる図面,P-F,,,,,,
46201-3400-195.zip,075-187,,true,-896.059,1578.453,-1163.475,1615.547,-940.495,1254.628,-1207.509,1291.859,旧土地台帳附属地図,地図に準ずる図面,P-F,,,,,,
46201-3400-195.zip,075-159A,,true,-845.069,969.641,-701.270,1197.999,-1121.873,1143.473,-977.901,1371.677,旧土地台帳附属地図,地図に準ずる図面,P-F,,,,,,
46201-3400-195.zip,075-159B,,true,-878.638,752.957,-609.296,769.707,-899.332,1079.123,-630.054,1095.678,旧土地台帳附属地図,地図に準ずる図面,P-F,,,,,,
46201-3400-195.zip,075-160A,,true,-608.699,864.357,-338.908,868.589,-614.350,1191.131,-344.784,1195.092,旧土地台帳附属地図,地図に準ずる図面,P-F,,,,,,
46201-3400-195.zip,075-160B,,true,-398.639,820.002,-129.138,806.050,-382.228,1146.412,-113.005,1132.245,旧土地台帳附属地図,地図に準ずる図面,P-F,,,,,,
46201-3400-195.zip,075-160C,,true,-513.055,1323.781,-782.768,1332.733,-523.411,997.122,-792.850,1006.295,旧土地台帳附属地図,地図に準ずる図面,P-F,,,,,,
46201-3400-195.zip,075-161A,,true,-393.486,814.791,-125.360,784.222,-357.020,1139.610,-89.109,1108.835,旧土地台帳附属地図,地図に準ずる図面,P-F,,,,,,
46201-3400-195.zip,075-161B,,true,-431.192,618.040,-161.795,602.205,-412.573,944.369,-143.379,928.316,旧土地台帳附属地図,地図に準ずる図面,P-F,,,,,,
46201-3400-195.zip,075-162,,true,-524.142,602.697,-254.858,583.887,-501.800,928.831,-232.800,909.773,旧土地台帳附属地図,地図に準ずる図面,P-F,,,,,,
46201-3400-195.zip,075-163,,true,-390.988,572.112,-121.018,573.971,-393.674,898.961,-123.931,900.628,旧土地台帳附属地図,地図に準ずる図面,P-F,,,,,,
46201-3400-195.zip,075-164,,true,-488.074,400.696,-218.161,404.386,-493.038,727.518,-223.350,730.977,旧土地台帳附属地図,地図に準ずる図面,P-F,,,,,,
46201-3400-195.zip,075-165,,true,-352.012,387.716,-82.135,395.044,-361.326,714.444,-91.633,721.538,旧土地台帳附属地図,地図に準ずる図面,P-F,,,,,,
46201-3400-195.zip,075-166,,true,-361.621,171.175,-91.853,179.654,-372.445,497.855,-102.860,506.100,旧土地台帳附属地図,地図に準ずる図面,P-F,,,,,,
46201-3400-195.zip,075-167,,true,-362.727,11.805,-92.830,7.021,-357.301,338.696,-87.676,333.649,旧土地台帳附属地図,地図に準ずる図面,P-F,,,,,,
46201-3400-195.zip,075-168,,true,-213.265,22.852,56.696,25.753,-217.198,349.727,52.499,352.396,旧土地台帳附属地図,地図に準ずる図面,P-F,,,,,,
46201-3400-195.zip,075-169,,true,-123.319,-151.160,146.618,-152.369,-122.441,175.698,147.228,174.338,旧土地台帳附属地図,地図に準ずる図面,P-F,,,,,,
46201-3400-195.zip,075-170,,true,-211.202,-158.536,58.094,-139.914,-234.284,167.432,34.754,185.921,旧土地台帳附属地図,地図に準ずる図面,P-F,,,,,,
46201-3400-195.zip,075-171,,true,-251.029,-292.637,18.943,-291.036,-253.469,34.137,16.162,35.622,旧土地台帳附属地図,地図に準ずる図面,P-F,,,,,,
46201-3400-195.zip,075-172,,true,-379.491,-274.344,-109.674,-266.249,-389.806,52.353,-120.251,60.288,旧土地台帳附属地図,地図に準ずる図面,P-F,,,,,,
46201-3400-195.zip,075-173,,true,-301.981,-141.328,-34.141,-107.421,-343.499,182.885,-75.975,216.559,旧土地台帳附属地図,地図に準ずる図面,P-F,,,,,,
46201-3400-195.zip,075-174,,true,-491.671,-95.649,-222.304,-113.209,-470.930,230.476,-201.874,212.821,旧土地台帳附属地図,地図に準ずる図面,P-F,,,,,,
46201-3400-195.zip,075-175,,true,-533.618,59.696,-263.772,65.133,-540.667,386.518,-271.043,391.683,旧土地台帳附属地図,地図に準ずる図面,P-F,,,,,,
46201-3400-195.zip,075-176,,true,-703.040,298.706,-433.361,311.379,-718.865,625.106,-449.559,637.609,旧土地台帳附属地図,地図に準ずる図面,P-F,,,,,,
46201-3400-195.zip,075-177,,true,-545.454,266.612,-275.701,256.616,-533.849,593.304,-264.407,583.129,旧土地台帳附属地図,地図に準ずる図面,P-F,,,,,,
46201-3400-195.zip,075-178,,true,-655.260,488.505,-385.338,485.451,-652.048,815.311,-382.394,812.069,旧土地台帳附属地図,地図に準ずる図面,P-F,,,,,,
46201-3400-195.zip,075-179,,true,-684.280,651.008,-414.402,656.754,-691.747,977.783,-422.245,983.329,旧土地台帳附属地図,地図に準ずる図面,P-F,,,,,,
46201-3400-195.zip,075-181,,true,-795.800,604.669,-525.862,605.169,-796.862,931.603,-527.267,931.798,旧土地台帳附属地図,地図に準ずる図面,P-F,,,,,,
46201-3400-195.zip,075-182A,,true,-290.495,-417.941,-20.572,-420.806,-287.378,-90.982,-17.725,-94.149,旧土地台帳附属地図,地図に準ずる図面,P-F,,,,,,
46201-3400-195.zip,075-182B,,true,-766.045,312.710,-496.306,323.101,-778.984,639.428,-509.500,649.504,旧土地台帳附属地図,地図に準ずる図面,P-F,,,,,,
46201-3400-195.zip,075-183,,true,-1201.139,1069.398,-931.287,1076.281,-1209.937,1396.178,-940.307,1402.788,旧土地台帳附属地図,地図に準ずる図面,P-F,,,,,,
46201-3400-195.zip,075-184,,true,-1034.344,987.444,-764.502,995.967,-1045.131,1314.164,-775.623,1322.409,旧土地台帳附属地図,地図に準ずる図面,P-F,,,,,,
46201-3400-195.zip,075-185,,true,-784.328,1407.179,-1049.822,1455.962,-842.967,1085.545,-1108.113,1134.535,旧土地台帳附属地図,地図に準ずる図面,P-F,,,,,,
46201-3400-195.zip,075-186,,true,-1034.812,1226.238,-765.164,1212.923,-1019.230,1552.726,-749.895,1539.235,旧土地台帳附属地図,地図に準ずる図面,P-F,,,,,,
46201-3400-195.zip,075-188,,true,-1235.968,1196.003,-966.047,1192.979,-1232.814,1522.848,-963.122,1519.635,旧土地台帳附属地図,地図に準ずる図面,P-F,,,,,,
46201-3400-195.zip,075-189,,true,-1333.584,1077.398,-1064.035,1091.905,-1351.673,1403.757,-1082.380,1418.059,旧土地台帳附属地図,地図に準ずる図面,P-F,,,,,,
46201-3400-195.zip,075-190-1,,true,-1398.548,1224.025,-1128.680,1216.388,-1389.770,1550.767,-1120.250,1542.910,旧土地台帳附属地図,地図に準ずる図面,P-F,,,,,,
46201-3400-195.zip,075-191,,true,-1248.405,1376.156,-978.439,1378.585,-1251.761,1703.037,-982.098,1705.234,旧土地台帳附属地図,地図に準ずる図面,P-F,,,,,,
46201-3400-195.zip,075-192,,true,-1363.240,1545.143,-1093.661,1534.515,-1350.193,1871.859,-1080.472,1860.996,旧土地台帳附属地図,地図に準ずる図面,P-F,,,,,,
46201-3400-196.zip,075-213A,,true,56.111,-269.137,325.473,-256.171,40.531,57.467,310.208,70.219,旧土地台帳附属地図,地図に準ずる図面,P-F,,,,,,
46201-3400-196.zip,075-197A,,true,446.174,229.221,715.864,225.590,450.739,556.130,720.655,552.305,旧土地台帳附属地図,地図に準ずる図面,P-F,,,,,,
46201-3400-196.zip,075-193,,true,575.220,500.909,844.957,497.780,579.127,827.754,849.014,824.508,旧土地台帳附属地図,地図に準ずる図面,P-F,,,,,,
46201-3400-196.zip,075-194-1,,true,746.643,377.875,1016.344,375.267,749.844,704.761,1019.772,702.036,旧土地台帳附属地図,地図に準ずる図面,P-F,,,,,,
46201-3400-196.zip,075-195-1,,true,614.779,325.863,884.258,314.568,628.588,652.474,898.287,641.016,旧土地台帳附属地図,地図に準ずる図面,P-F,,,,,,
46201-3400-196.zip,075-196A,,true,473.707,30.508,743.161,18.673,488.174,357.089,757.885,345.051,旧土地台帳附属地図,地図に準ずる図面,P-F,,,,,,
46201-3400-196.zip,075-196B,,true,504.000,-22.528,773.472,-34.801,519.032,303.989,788.724,291.552,旧土地台帳附属地図,地図に準ずる図面,P-F,,,,,,
46201-3400-196.zip,075-197B,,true,695.408,685.867,426.261,703.358,674.090,359.660,404.725,377.319,旧土地台帳附属地図,地図に準ずる図面,P-F,,,,,,
46201-3400-196.zip,075-198,,true,364.957,711.863,96.311,687.432,394.433,386.328,125.547,362.029,旧土地台帳附属地図,地図に準ずる図面,P-F,,,,,,
46201-3400-196.zip,075-199,,true,231.656,273.759,501.297,267.833,238.944,600.577,508.845,594.488,旧土地台帳附属地図,地図に準ずる図面,P-F,,,,,,
46201-3400-196.zip,075-200A,,true,187.422,185.097,456.885,173.497,201.580,511.691,471.264,499.928,旧土地台帳附属地図,地図に準ずる図面,P-F,,,,,,
46201-3400-196.zip,075-200B,,true,307.105,604.576,39.503,638.252,266.185,280.247,-1.657,314.145,旧土地台帳附属地図,地図に準ずる図面,P-F,,,,,,
46201-3400-196.zip,075-201A,,true,-175.760,136.699,88.572,190.289,-240.611,457.100,23.968,510.623,旧土地台帳附属地図,地図に準ずる図面,P-F,,,,,,
46201-3400-196.zip,075-201B,,true,77.578,95.213,343.585,139.749,23.702,417.641,289.960,462.064,旧土地台帳附属地図,地図に準ずる図面,P-F,,,,,,
46201-3400-196.zip,075-202A,,true,44.846,-0.212,314.522,4.434,39.275,326.568,309.180,331.103,旧土地台帳附属地図,地図に準ずる図面,P-F,,,,,,
46201-3400-196.zip,075-202B,,true,268.378,-60.592,502.626,-194.287,430.433,223.229,664.822,89.322,旧土地台帳附属地図,地図に準ずる図面,P-F,,,,,,
46201-3400-196.zip,075-203A,,true,459.447,-128.072,729.165,-128.050,459.514,198.835,729.536,198.702,旧土地台帳附属地図,地図に準ずる図面,P-F,,,,,,
46201-3400-196.zip,075-203B,,true,396.217,-284.225,665.933,-283.264,395.146,42.718,665.166,43.526,旧土地台帳附属地図,地図に準ずる図面,P-F,,,,,,
46201-3400-196.zip,075-204A,,true,156.881,-205.276,426.029,-222.746,178.119,120.937,447.487,103.336,旧土地台帳附属地図,地図に準ずる図面,P-F,,,,,,
46201-3400-196.zip,075-204B,,true,231.039,-91.744,500.692,-86.001,224.105,235.048,494.027,240.680,旧土地台帳附属地図,地図に準ずる図面,P-F,,,,,,
46201-3400-196.zip,075-205A,,true,-102.371,-149.966,165.848,-121.182,-137.183,175.048,131.275,203.741,旧土地台帳附属地図,地図に準ずる図面,P-F,,,,,,
46201-3400-196.zip,075-205B,,true,-43.901,-27.797,225.231,-9.975,-65.424,298.367,203.979,316.128,旧土地台帳附属地図,地図に準ずる図面,P-F,,,,,,
46201-3400-196.zip,075-206A,,true,-217.880,129.296,48.816,88.791,-168.542,452.532,98.338,411.728,旧土地台帳附属地図,地図に準ずる図面,P-F,,,,,,
46201-3400-196.zip,075-206B,,true,-347.824,277.421,-78.091,273.943,-343.401,604.372,-73.408,600.621,旧土地台帳附属地図,地図に準ずる図面,P-F,,,,,,
46201-3400-196.zip,075-207A,,true,-398.525,556.174,-128.779,557.491,-399.952,883.146,-130.015,884.235,旧土地台帳附属地図,地図に準ずる図面,P-F,,,,,,
46201-3400-196.zip,075-207B,,true,-592.945,240.447,-323.414,228.688,-578.485,567.103,-308.813,555.107,旧土地台帳附属地図,地図に準ずる図面,P-F,,,,,,
46201-3400-196.zip,075-208A,,true,-783.812,336.402,-514.708,317.688,-760.966,662.545,-491.614,643.582,旧土地台帳附属地図,地図に準ずる図面,P-F,,,,,,
46201-3400-196.zip,075-208B,,true,-548.369,97.179,-281.595,57.460,-500.180,420.550,-233.096,380.590,旧土地台帳附属地図,地図に準ずる図面,P-F,,,,,,
46201-3400-196.zip,075-209-1,,true,-403.779,305.482,-134.037,302.569,-400.098,632.446,-130.131,629.300,旧土地台帳附属地図,地図に準ずる図面,P-F,,,,,,
46201-3400-196.zip,075-210-1,,true,-385.715,48.608,-117.730,79.108,-422.606,373.461,-154.336,403.801,旧土地台帳附属地図,地図に準ずる図面,P-F,,,,,,
46201-3400-196.zip,075-211-1A,,true,-206.514,-45.084,62.853,-30.590,-224.020,281.318,45.621,295.672,旧土地台帳附属地図,地図に準ずる図面,P-F,,,,,,
46201-3400-196.zip,075-211-1B,,true,-366.303,-280.042,-99.584,-320.420,-317.314,43.176,-50.362,2.568,旧土地台帳附属地図,地図に準ずる図面,P-F,,,,,,
46201-3400-196.zip,075-212A,,true,-139.811,-136.346,128.147,-167.705,-101.584,188.387,166.536,156.778,旧土地台帳附属地図,地図に準ずる図面,P-F,,,,,,
46201-3400-196.zip,075-212B,,true,25.468,-361.945,292.049,-320.974,-24.017,-38.698,242.899,2.093,旧土地台帳附属地図,地図に準ずる図面,P-F,,,,,,
46201-3400-196.zip,075-213B,,true,280.964,-357.293,549.950,-337.006,256.591,-31.226,525.784,-11.155,旧土地台帳附属地図,地図に準ずる図面,P-F,,,,,,
46201-3400-196.zip,075-214,,true,146.775,-512.510,415.256,-487.056,116.090,-186.965,384.893,-161.713,旧土地台帳附属地図,地図に準ずる図面,P-F,,,,,,
46201-3400-196.zip,075-215,,true,308.742,-585.788,577.311,-610.570,338.843,-260.240,607.740,-285.206,旧土地台帳附属地図,地図に準ずる図面,P-F,,,,,,
46201-3400-196.zip,075-216,,true,334.668,-363.140,602.578,-394.658,373.114,-38.347,641.213,-70.196,旧土地台帳附属地図,地図に準ずる図面,P-F,,,,,,
46201-3400-196.zip,075-217,,true,317.652,-465.897,586.869,-482.949,338.469,-139.577,607.938,-156.838,旧土地台帳附属地図,地図に準ずる図面,P-F,,,,,,
46201-3400-196.zip,075-218,,true,352.899,-959.667,622.342,-947.604,338.383,-633.051,608.138,-621.166,旧土地台帳附属地図,地図に準ずる図面,P-F,,,,,,
46201-3400-196.zip,075-219,,true,481.734,-1034.124,751.424,-1039.888,488.892,-707.223,758.881,-713.225,旧土地台帳附属地図,地図に準ずる図面,P-F,,,,,,
46201-3400-196.zip,075-220,,true,303.846,-1141.910,573.498,-1134.549,295.149,-815.009,565.036,-807.948,旧土地台帳附属地図,地図に準ずる図面,P-F,,,,,,
46201-3400-196.zip,075-221,,true,146.456,-1182.953,416.094,-1189.199,154.171,-856.070,424.146,-862.552,旧土地台帳附属地図,地図に準ずる図面,P-F,,,,,,
46201-3400-196.zip,075-222,,true,137.209,-1015.318,406.907,-1011.771,132.940,-688.396,402.943,-685.001,旧土地台帳附属地図,地図に準ずる図面,P-F,,,,,,
46201-3400-196.zip,075-223,,true,223.854,-842.754,493.568,-842.389,223.606,-515.700,493.623,-515.641,旧土地台帳附属地図,地図に準ずる図面,P-F,,,,,,
46201-3400-196.zip,075-224,,true,180.901,-688.443,450.578,-681.810,172.854,-361.630,442.838,-355.107,旧土地台帳附属地図,地図に準ずる図面,P-F,,,,,,
46201-3400-196.zip,075-225,,true,56.169,-475.937,325.362,-458.563,35.213,-149.743,304.679,-132.468,旧土地台帳附属地図,地図に準ずる図面,P-F,,,,,,
46201-3400-196.zip,075-226,,true,-163.479,-385.622,105.729,-369.134,-183.374,-59.328,86.071,-42.979,旧土地台帳附属地図,地図に準ずる図面,P-F,,,,,,
46201-3400-197.zip,075-248B,,true,-127.196,50.005,141.572,24.895,-97.269,375.569,171.171,350.222,旧土地台帳附属地図,地図に準ずる図面,P-F,,,,,,
46201-3400-197.zip,075-249A,,true,-177.202,-37.744,92.419,-23.881,-194.472,288.698,74.856,302.316,旧土地台帳附属地図,地図に準ずる図面,P-F,,,,,,
46201-3400-197.zip,075-249B,,true,-456.119,-219.039,-186.467,-205.795,-472.641,107.441,-203.281,120.441,旧土地台帳附属地図,地図に準ずる図面,P-F,,,,,,
46201-3400-197.zip,075-250A,,true,-435.884,332.611,-166.999,356.863,-465.670,658.187,-197.065,682.147,旧土地台帳附属地図,地図に準ずる図面,P-F,,,,,,
46201-3400-197.zip,075-250B,,true,-338.508,-231.873,-68.581,-237.044,-332.665,95.011,-63.048,89.579,旧土地台帳附属地図,地図に準ずる図面,P-F,,,,,,
46201-3400-197.zip,075-251A,,true,-338.247,-132.375,-68.309,-133.023,-337.943,194.523,-68.271,193.647,旧土地台帳附属地図,地図に準ずる図面,P-F,,,,,,
46201-3400-197.zip,075-251B,,true,-173.485,-282.077,96.171,-294.449,-158.981,44.500,110.398,31.910,旧土地台帳附属地図,地図に準ずる図面,P-F,,,,,,
46201-3400-197.zip,075-252A,,true,-46.091,-221.781,223.882,-223.195,-44.832,105.153,224.797,103.473,旧土地台帳附属地図,地図に準ずる図面,P-F,,,,,,
46201-3400-197.zip,075-252B,,true,-369.382,-363.101,-100.139,-382.987,-345.753,-37.020,-76.871,-57.147,旧土地台帳附属地図,地図に準ずる図面,P-F,,,,,,
46201-3400-197.zip,075-253A,,true,9.740,-123.838,279.517,-114.495,-2.069,202.847,267.412,211.913,旧土地台帳附属地図,地図に準ずる図面,P-F,,,,,,
46201-3400-197.zip,075-253B,,true,441.865,-249.339,437.837,20.569,115.011,-254.713,111.254,14.895,旧土地台帳附属地図,地図に準ずる図面,P-F,,,,,,
46201-3400-197.zip,075-254A,,true,28.829,-664.075,298.323,-648.586,9.576,-337.706,278.781,-322.500,旧土地台帳附属地図,地図に準ずる図面,P-F,,,,,,
46201-3400-197.zip,075-254B,,true,129.853,-957.726,399.778,-954.977,126.030,-630.812,395.653,-628.332,旧土地台帳附属地図,地図に準ずる図面,P-F,,,,,,
46201-3400-197.zip,075-255A,,true,-25.028,-823.174,244.941,-821.095,-28.025,-496.290,241.642,-494.442,旧土地台帳附属地図,地図に準ずる図面,P-F,,,,,,
46201-3400-197.zip,075-255B,,true,76.404,-651.558,346.373,-649.479,73.407,-324.674,343.074,-322.826,旧土地台帳附属地図,地図に準ずる図面,P-F,,,,,,
46201-3400-197.zip,075-256A,,true,-59.295,-435.572,210.643,-434.922,-60.571,-108.639,209.064,-108.256,旧土地台帳附属地図,地図に準ずる図面,P-F,,,,,,
46201-3400-197.zip,075-256B,,true,-22.383,-599.278,247.555,-598.628,-23.659,-272.345,245.976,-271.962,旧土地台帳附属地図,地図に準ずる図面,P-F,,,,,,
46201-3400-197.zip,075-257A,,true,-174.953,-507.442,94.762,-495.570,-189.768,-180.842,79.619,-169.289,旧土地台帳附属地図,地図に準ずる図面,P-F,,,,,,
46201-3400-197.zip,075-257B,,true,-215.173,-508.838,54.147,-527.660,-192.817,-182.667,76.140,-201.770,旧土地台帳附属地図,地図に準ずる図面,P-F,,,,,,
46201-3400-197.zip,075-258A,,true,-467.049,-521.308,-197.125,-518.475,-471.011,-194.510,-201.428,-191.833,旧土地台帳附属地図,地図に準ずる図面,P-F,,,,,,
46201-3400-197.zip,075-258B,,true,-274.730,-741.458,-4.804,-738.828,-278.446,-414.657,-8.861,-412.184,旧土地台帳附属地図,地図に準ずる図面,P-F,,,,,,
46201-3400-197.zip,075-259A,,true,-455.660,-765.114,-185.746,-768.747,-451.762,-438.353,-182.115,-442.097,旧土地台帳附属地図,地図に準ずる図面,P-F,,,,,,
46201-3400-197.zip,075-259B,,true,-489.489,-765.731,-219.872,-778.901,-474.045,-439.313,-204.699,-452.584,旧土地台帳附属地図,地図に準ずる図面,P-F,,,,,,
46201-3400-197.zip,075-260A,,true,-548.035,-562.588,-278.767,-544.120,-570.954,-236.609,-301.865,-218.306,旧土地台帳附属地図,地図に準ずる図面,P-F,,,,,,
46201-3400-197.zip,075-247B,,true,168.537,-152.306,437.759,-171.422,191.279,173.800,460.103,154.445,旧土地台帳附属地図,地図に準ずる図面,P-F,,,,,,
46201-3400-197.zip,075-248A,,true,-123.870,-150.827,146.062,-152.803,-121.963,176.104,147.661,173.863,旧土地台帳附属地図,地図に準ずる図面,P-F,,,,,,
46201-3400-197.zip,075-260B,,true,-446.639,-331.315,-176.740,-330.582,-448.048,-4.534,-178.377,-3.992,旧土地台帳附属地図,地図に準ずる図面,P-F,,,,,,
46201-3400-197.zip,075-231,,true,-1076.366,1253.624,-1346.098,1250.323,-1072.513,926.706,-1342.474,923.633,旧土地台帳附属地図,地図に準ずる図面,P-F,,,,,,
46201-3400-197.zip,075-232A,,true,-1181.850,999.901,-912.196,996.499,-1177.571,1326.813,-907.578,1323.177,旧土地台帳附属地図,地図に準ずる図面,P-F,,,,,,
46201-3400-197.zip,075-232B,,true,-1074.788,821.513,-805.081,823.479,-1076.933,1148.483,-806.959,1150.222,旧土地台帳附属地図,地図に準ずる図面,P-F,,,,,,
46201-3400-197.zip,075-233A,,true,-989.395,913.487,-719.855,901.943,-975.191,1240.191,-705.473,1228.372,旧土地台帳附属地図,地図に準ずる図面,P-F,,,,,,
46201-3400-197.zip,075-233B,,true,-895.103,739.111,-626.524,714.016,-864.474,1064.647,-595.689,1039.303,旧土地台帳附属地図,地図に準ずる図面,P-F,,,,,,
46201-3400-197.zip,075-234A,,true,-894.703,979.512,-625.430,995.567,-913.809,1305.968,-644.367,1321.726,旧土地台帳附属地図,地図に準ずる図面,P-F,,,,,,
46201-3400-197.zip,075-234B,,true,-661.608,823.737,-399.358,886.908,-737.879,1141.732,-475.411,1204.641,旧土地台帳附属地図,地図に準ずる図面,P-F,,,,,,
46201-3400-197.zip,075-235A,,true,-786.202,1044.441,-516.724,1057.380,-801.652,1371.090,-531.894,1383.737,旧土地台帳附属地図,地図に準ずる図面,P-F,,,,,,
46201-3400-197.zip,075-235B,,true,-521.342,799.613,-252.176,781.870,-499.644,1125.907,-230.230,1107.879,旧土地台帳附属地図,地図に準ずる図面,P-F,,,,,,
46201-3400-197.zip,075-236,,true,-496.502,727.211,-229.422,689.633,-450.621,1050.911,-183.337,1012.882,旧土地台帳附属地図,地図に準ずる図面,P-F,,,,,,
46201-3400-197.zip,075-237,,true,-383.437,713.882,-113.927,698.666,-365.465,1040.286,-96.272,1024.858,旧土地台帳附属地図,地図に準ずる図面,P-F,,,,,,
46201-3400-197.zip,075-238A,,true,-404.227,579.545,-134.360,585.742,-412.161,906.385,-142.554,912.309,旧土地台帳附属地図,地図に準ずる図面,P-F,,,,,,
46201-3400-197.zip,075-238B,,true,-334.776,463.140,-65.314,447.093,-315.769,789.523,-46.590,773.226,旧土地台帳附属地図,地図に準ずる図面,P-F,,,,,,
46201-3400-197.zip,075-239A,,true,-241.011,471.622,26.522,435.378,-197.542,795.617,69.696,759.183,旧土地台帳附属地図,地図に準ずる図面,P-F,,,,,,
46201-3400-197.zip,075-239B,,true,-262.524,219.327,6.520,241.748,-290.090,545.061,-21.292,567.232,旧土地台帳附属地図,地図に準ずる図面,P-F,,,,,,
46201-3400-197.zip,075-240,,true,-112.526,306.214,156.158,280.225,-81.455,631.671,186.939,605.441,旧土地台帳附属地図,地図に準ずる図面,P-F,,,,,,
46201-3400-197.zip,075-241,,true,82.534,215.142,352.471,215.899,81.226,542.076,350.860,542.526,旧土地台帳附属地図,地図に準ずる図面,P-F,,,,,,
46201-3400-197.zip,075-242,,true,109.108,424.056,378.138,446.196,81.799,749.620,350.572,771.624,旧土地台帳附属地図,地図に準ずる図面,P-F,,,,,,
46201-3400-197.zip,075-243,,true,105.179,565.975,373.367,534.951,142.376,890.789,410.264,859.492,旧土地台帳附属地図,地図に準ずる図面,P-F,,,,,,
46201-3400-197.zip,075-244A,,true,311.040,651.199,580.305,670.790,286.871,977.203,555.848,996.544,旧土地台帳附属地図,地図に準ずる図面,P-F,,,,,,
46201-3400-197.zip,075-244B,,true,213.572,204.307,482.408,179.513,243.146,529.865,511.657,504.871,旧土地台帳附属地図,地図に準ずる図面,P-F,,,,,,
46201-3400-197.zip,075-245A,,true,327.431,209.451,597.317,216.416,318.574,536.267,588.126,542.957,旧土地台帳附属地図,地図に準ずる図面,P-F,,,,,,
46201-3400-197.zip,075-245B,,true,155.563,108.276,425.540,108.086,155.372,435.212,425.006,434.755,旧土地台帳附属地図,地図に準ずる図面,P-F,,,,,,
46201-3400-197.zip,075-246A,,true,-53.785,98.193,215.343,119.098,-79.523,424.076,189.363,444.656,旧土地台帳附属地図,地図に準ずる図面,P-F,,,,,,
46201-3400-197.zip,075-246B,,true,115.600,-110.738,379.596,-54.409,46.964,208.913,310.755,264.924,旧土地台帳附属地図,地図に準ずる図面,P-F,,,,,,
46201-3400-197.zip,075-247A,,true,161.521,-38.454,431.361,-32.740,154.190,288.362,423.655,293.801,旧土地台帳附属地図,地図に準ずる図面,P-F,,,,,,
46201-3400-197.zip,075-227,,true,-948.145,1175.043,-678.459,1170.918,-943.036,1501.911,-673.048,1497.626,旧土地台帳附属地図,地図に準ずる図面,P-F,,,,,,
46201-3400-197.zip,075-228,,true,-933.429,1042.974,-663.844,1033.523,-921.907,1369.710,-652.101,1360.060,旧土地台帳附属地図,地図に準ずる図面,P-F,,,,,,
46201-3400-197.zip,075-229,,true,-1129.373,1082.469,-860.132,1067.130,-1110.706,1408.802,-841.206,1393.332,旧土地台帳附属地図,地図に準ずる図面,P-F,,,,,,
46201-3400-197.zip,075-230,,true,-1385.762,1111.936,-1116.959,1089.785,-1358.749,1437.758,-1089.663,1415.353,旧土地台帳附属地図,地図に準ずる図面,P-F,,,,,,
46201-3400-198.zip,075-261A,,true,-754.972,-1313.152,-485.275,-1325.441,-740.485,-986.499,-471.108,-999.117,旧土地台帳附属地図,地図に準ずる図面,P-F,,,,,,
46201-3400-198.zip,075-261B,,true,-570.819,-1231.186,-301.124,-1243.521,-556.276,-904.535,-286.901,-917.199,旧土地台帳附属地図,地図に準ずる図面,P-F,,,,,,
46201-3400-198.zip,075-262A,,true,-731.815,-1108.975,-462.059,-1118.923,-720.217,-782.282,-450.736,-792.488,旧土地台帳附属地図,地図に準ずる図面,P-F,,,,,,
46201-3400-198.zip,075-262B,,true,-837.597,-1139.640,-568.258,-1157.634,-816.254,-813.439,-547.198,-831.682,旧土地台帳附属地図,地図に準ずる図面,P-F,,,,,,
46201-3400-198.zip,075-263A,,true,-741.307,-979.198,-473.141,-947.983,-779.511,-654.502,-511.612,-623.624,旧土地台帳附属地図,地図に準ずる図面,P-F,,,,,,
46201-3400-198.zip,075-263B,,true,-661.050,-1145.168,-391.104,-1149.238,-656.526,-818.263,-386.890,-822.633,旧土地台帳附属地図,地図に準ずる図面,P-F,,,,,,
46201-3400-198.zip,075-264A,,true,-608.587,-1070.079,-338.955,-1057.205,-624.625,-743.575,-355.210,-730.940,旧土地台帳附属地図,地図に準ずる図面,P-F,,,,,,
46201-3400-198.zip,075-264B,,true,-368.703,-1157.443,-99.025,-1145.578,-383.518,-830.880,-114.058,-819.255,旧土地台帳附属地図,地図に準ずる図面,P-F,,,,,,
46201-3400-198.zip,075-265A,,true,-322.270,-1032.707,-54.028,-1002.158,-359.631,-707.912,-91.660,-677.663,旧土地台帳附属地図,地図に準ずる図面,P-F,,,,,,
46201-3400-198.zip,075-265B,,true,-443.253,-1054.585,-178.799,-1108.912,-377.825,-734.262,-113.723,-788.790,旧土地台帳附属地図,地図に準ずる図面,P-F,,,,,,
46201-3400-198.zip,075-266A,,true,-230.787,-962.955,36.854,-927.810,-273.773,-638.933,-6.332,-604.007,旧土地台帳附属地図,地図に準ずる図面,P-F,,,,,,
46201-3400-198.zip,075-266B,,true,-313.681,-927.687,-54.355,-1002.637,-223.343,-613.559,35.710,-688.629,旧土地台帳附属地図,地図に準ずる図面,P-F,,,,,,
46201-3400-198.zip,075-267A,,true,-9.696,-882.962,239.869,-780.081,-134.645,-580.927,114.781,-478.310,旧土地台帳附属地図,地図に準ずる図面,P-F,,,,,,
46201-3400-198.zip,075-267B,,true,20.190,-1097.347,277.360,-1015.308,-79.534,-786.072,177.476,-704.284,旧土地台帳附属地図,地図に準ずる図面,P-F,,,,,,
46201-3400-198.zip,075-268A,,true,84.685,-559.238,354.113,-543.280,64.837,-232.981,334.013,-217.268,旧土地台帳附属地図,地図に準ずる図面,P-F,,,,,,
46201-3400-198.zip,075-268B,,true,46.449,-860.690,316.082,-848.671,31.370,-534.178,300.748,-522.400,旧土地台帳附属地図,地図に準ずる図面,P-F,,,,,,
46201-3400-198.zip,075-269A,,true,-272.603,-838.152,-3.312,-820.019,-294.964,-512.096,-25.853,-494.128,旧土地台帳附属地図,地図に準ずる図面,P-F,,,,,,
46201-3400-198.zip,075-269B,,true,-68.174,-781.510,199.934,-812.560,-30.978,-456.811,236.924,-487.992,旧土地台帳附属地図,地図に準ずる図面,P-F,,,,,,
46201-3400-198.zip,075-270A,,true,-770.417,-909.011,-515.609,-819.905,-878.715,-600.573,-624.011,-511.746,旧土地台帳附属地図,地図に準ずる図面,P-F,,,,,,
46201-3400-198.zip,075-271,,true,-779.270,-817.193,-509.363,-813.050,-784.678,-490.301,-514.995,-486.429,旧土地台帳附属地図,地図に準ずる図面,P-F,,,,,,
46201-3400-198.zip,075-272,,true,-605.587,-694.156,-335.641,-690.056,-610.967,-367.340,-341.323,-363.435,旧土地台帳附属地図,地図に準ずる図面,P-F,,,,,,
46201-3400-198.zip,075-273,,true,-377.910,-805.836,-111.371,-763.128,-430.050,-483.162,-163.775,-440.728,旧土地台帳附属地図,地図に準ずる図面,P-F,,,,,,
46201-3400-198.zip,075-274,,true,-251.049,-741.602,18.321,-724.092,-272.703,-415.460,-3.546,-398.193,旧土地台帳附属地図,地図に準ずる図面,P-F,,,,,,
46201-3400-198.zip,075-275B,,true,-396.949,-731.143,-127.155,-722.295,-408.133,-404.475,-138.599,-395.826,旧土地台帳附属地図,地図に準ずる図面,P-F,,,,,,
46201-3400-198.zip,075-276A,,true,-95.139,-422.424,171.839,-382.552,-143.891,-99.221,122.814,-59.582,旧土地台帳附属地図,地図に準ずる図面,P-F,,,,,,
46201-3400-198.zip,075-276B,,true,-219.229,-586.828,50.098,-605.005,-197.695,-260.678,71.315,-279.025,旧土地台帳附属地図,地図に準ずる図面,P-F,,,,,,
46201-3400-198.zip,075-277,,true,-86.933,-561.552,182.750,-572.395,-74.340,-234.973,195.031,-245.995,旧土地台帳附属地図,地図に準ずる図面,P-F,,,,,,
46201-3400-198.zip,075-278,,true,-125.360,-304.484,144.555,-308.105,-121.389,22.428,148.217,18.506,旧土地台帳附属地図,地図に準ずる図面,P-F,,,,,,
46201-3400-198.zip,075-279A,,true,-95.892,-169.897,170.283,-125.205,-150.533,152.287,115.367,196.777,旧土地台帳附属地図,地図に準ずる図面,P-F,,,,,,
46201-3400-198.zip,075-280A,,true,-194.862,-141.053,74.797,-150.514,-183.983,185.550,85.365,175.908,旧土地台帳附属地図,地図に準ずる図面,P-F,,,,,,
46201-3400-198.zip,075-280B,,true,-11.820,-57.530,257.930,-51.162,-20.112,269.149,249.338,275.318,旧土地台帳附属地図,地図に準ずる図面,P-F,,,,,,
46201-3400-198.zip,075-281A,,true,-309.167,-348.885,-39.269,-347.818,-310.933,-22.030,-41.377,-21.193,旧土地台帳附属地図,地図に準ずる図面,P-F,,,,,,
46201-3400-198.zip,075-281B,,true,-263.128,-213.957,5.697,-189.895,-292.741,111.558,-24.236,135.363,旧土地台帳附属地図,地図に準ずる図面,P-F,,,,,,
46201-3400-198.zip,075-282A,,true,-512.868,-378.370,-243.602,-397.412,-490.221,-52.257,-221.275,-71.507,旧土地台帳附属地図,地図に準ずる図面,P-F,,,,,,
46201-3400-198.zip,075-282B,,true,-505.167,-380.758,-236.289,-404.669,-476.624,-55.108,-208.070,-79.220,旧土地台帳附属地図,地図に準ずる図面,P-F,,,,,,
46201-3400-198.zip,075-283A,,true,-525.154,-136.680,-257.638,-172.480,-482.210,187.346,-215.027,151.360,旧土地台帳附属地図,地図に準ずる図面,P-F,,,,,,
46201-3400-198.zip,075-283B,,true,-545.233,7.741,-275.369,3.246,-540.205,334.562,-270.650,329.843,旧土地台帳附属地図,地図に準ずる図面,P-F,,,,,,
46201-3400-198.zip,075-284A,,true,-480.647,241.806,-213.797,282.016,-529.797,564.950,-263.133,604.861,旧土地台帳附属地図,地図に準ずる図面,P-F,,,,,,
46201-3400-198.zip,075-284B,,true,-506.836,264.596,-237.028,270.055,-513.902,591.379,-244.317,596.567,旧土地台帳附属地図,地図に準ずる図面,P-F,,,,,,
46201-3400-198.zip,075-285A,,true,-603.777,281.695,-333.898,293.347,-617.885,608.290,-348.226,619.741,旧土地台帳附属地図,地図に準ずる図面,P-F,,,,,,
46201-3400-198.zip,075-285B,,true,-690.621,230.689,-420.982,246.323,-709.540,557.002,-440.042,572.437,旧土地台帳附属地図,地図に準ずる図面,P-F,,,,,,
46201-3400-198.zip,075-286A,,true,-771.520,309.016,-501.811,323.385,-788.865,635.418,-519.373,649.584,旧土地台帳附属地図,地図に準ずる図面,P-F,,,,,,
46201-3400-198.zip,075-286B,,true,-683.292,120.484,-413.162,121.146,-684.009,447.345,-414.145,447.815,旧土地台帳附属地図,地図に準ずる図面,P-F,,,,,,
46201-3400-198.zip,075-287A,,true,-592.597,104.764,-323.413,128.234,-620.880,430.399,-351.982,453.652,旧土地台帳附属地図,地図に準ずる図面,P-F,,,,,,
46201-3400-198.zip,075-287B,,true,-783.042,50.747,-513.160,63.169,-798.038,377.264,-528.375,389.485,旧土地台帳附属地図,地図に準ずる図面,P-F,,,,,,
46201-3400-198.zip,075-288A,,true,-825.894,50.051,-556.076,37.074,-810.130,376.532,-540.587,363.377,旧土地台帳附属地図,地図に準ずる図面,P-F,,,,,,
46201-3400-198.zip,075-288B,,true,-703.949,-378.479,-434.804,-355.436,-731.773,-52.767,-462.873,-29.974,旧土地台帳附属地図,地図に準ずる図面,P-F,,,,,,
46201-3400-198.zip,075-289A,,true,-633.512,-442.117,-364.721,-414.877,-666.344,-116.870,-397.832,-89.889,旧土地台帳附属地図,地図に準ずる図面,P-F,,,,,,
46201-3400-198.zip,075-289B,,true,-611.342,-695.333,-344.756,-651.483,-664.273,-372.747,-397.950,-329.172,旧土地台帳附属地図,地図に準ずる図面,P-F,,,,,,
46201-3400-198.zip,075-290A,,true,-940.737,-703.725,-676.168,-649.013,-1006.846,-383.542,-742.446,-329.137,旧土地台帳附属地図,地図に準ずる図面,P-F,,,,,,
46201-3400-198.zip,075-290B,,true,-835.686,-828.115,-565.858,-814.578,-851.972,-501.622,-582.436,-488.329,旧土地台帳附属地図,地図に準ずる図面,P-F,,,,,,
46201-3400-198.zip,075-291A,,true,-1099.518,-833.238,-831.371,-800.565,-1138.930,-508.723,-871.024,-476.271,旧土地台帳附属地図,地図に準ずる図面,P-F,,,,,,
46201-3400-198.zip,075-291B,,true,-712.412,-519.163,-443.558,-493.321,-743.644,-193.758,-475.037,-168.133,旧土地台帳附属地図,地図に準ずる図面,P-F,,,,,,
46201-3400-198.zip,075-292,,true,-875.448,-348.855,-609.022,-393.439,-821.458,-26.444,-555.289,-71.179,旧土地台帳附属地図,地図に準ずる図面,P-F,,,,,,
46201-3400-198.zip,075-293,,true,-1023.183,-119.417,-753.085,-125.589,-1015.710,207.321,-745.766,201.037,旧土地台帳附属地図,地図に準ずる図面,P-F,,,,,,
46201-3400-198.zip,075-294A,,true,-1015.966,98.656,-745.854,95.505,-1012.185,425.534,-742.227,422.194,旧土地台帳附属地図,地図に準ずる図面,P-F,,,,,,
46201-3400-198.zip,075-294B,,true,-907.905,63.191,-637.780,58.389,-902.004,390.038,-632.148,385.011,旧土地台帳附属地図,地図に準ずる図面,P-F,,,,,,
46201-3400-198.zip,075-275A,,true,-499.258,-539.459,-229.607,-551.936,-484.619,-212.928,-215.243,-225.583,旧土地台帳附属地図,地図に準ずる図面,P-F,,,,,,
46201-3400-198.zip,075-270B,,true,-443.498,-934.642,-202.520,-813.000,-591.176,-643.003,-350.265,-521.651,旧土地台帳附属地図,地図に準ずる図面,P-F,,,,,,
46201-3400-198.zip,075-279B,,true,-122.548,-445.648,146.519,-424.408,-148.264,-119.877,120.803,-98.638,旧土地台帳附属地図,地図に準ずる図面,P-F,,,,,,
46201-3400-199.zip,K1  11-2,500,false,-151278.838,-48019.466,-151128.837,-48019.470,-151278.836,-47819.461,-151128.835,-47819.465,土地改良所在図,法第14条1項地図,P-F,,,,,,
46201-3400-199.zip,K1  11-4,500,false,-151428.839,-48019.462,-151278.838,-48019.466,-151428.838,-47819.456,-151278.836,-47819.461,土地改良所在図,法第14条1項地図,P-F,,,,,,
46201-3400-199.zip,K1  12-1,500,false,-151278.836,-47819.461,-151128.835,-47819.465,-151278.835,-47619.456,-151128.833,-47619.461,土地改良所在図,法第14条1項地図,P-F,,,,,,
46201-3400-199.zip,K1  12-3,500,false,-151428.838,-47819.456,-151278.836,-47819.461,-151428.836,-47619.452,-151278.835,-47619.456,土地改良所在図,法第14条1項地図,P-F,,,,,,
46201-3400-2.zip,687,1200,false,265.639,-287.181,342.234,247.930,-381.526,-193.761,-305.254,341.243,その他,地図に準ずる図面,P-F,,,,1974,11,29
46201-3400-20.zip,119-51,,true,26.338,-295.923,251.066,-145.006,-156.004,-24.467,68.988,126.673,旧土地台帳附属地図,地図に準ずる図面,P-F,,,,,,
46201-3400-20.zip,119-53,,true,-208.095,-193.864,62.490,-194.700,-207.163,133.109,63.841,132.386,旧土地台帳附属地図,地図に準ずる図面,P-F,,,,,,
46201-3400-20.zip,119-55,,true,-272.178,-100.041,-1.630,-102.060,-269.816,226.972,1.114,225.029,旧土地台帳附属地図,地図に準ずる図面,P-F,,,,,,
46201-3400-20.zip,119-56,,true,-183.797,-60.926,86.790,-61.414,-183.177,266.088,87.830,265.598,旧土地台帳附属地図,地図に準ずる図面,P-F,,,,,,
46201-3400-20.zip,119-57,,true,-122.112,-214.726,418.985,-217.357,-118.969,439.224,422.968,436.736,旧土地台帳附属地図,地図に準ずる図面,P-F,,,,,,
46201-3400-20.zip,119-59,,true,-103.369,-394.816,167.214,-396.257,-101.700,-67.845,169.264,-69.175,旧土地台帳附属地図,地図に準ずる図面,P-F,,,,,,
46201-3400-20.zip,119-62,,true,220.754,-380.849,491.367,-383.336,223.806,-53.851,494.724,-56.303,旧土地台帳附属地図,地図に準ずる図面,P-F,,,,,,
46201-3400-20.zip,119-63,,true,244.516,-272.658,515.021,-274.313,246.492,54.349,517.416,52.692,旧土地台帳附属地図,地図に準ずる図面,P-F,,,,,,
46201-3400-20.zip,119-64,,true,272.886,-144.650,543.434,-144.612,272.733,182.362,543.701,182.438,旧土地台帳附属地図,地図に準ずる図面,P-F,,,,,,
46201-3400-20.zip,119-65,,true,499.561,-131.038,770.108,-130.433,498.919,196.012,769.885,196.618,旧土地台帳附属地図,地図に準ずる図面,P-F,,,,,,
46201-3400-20.zip,119-70,,true,403.448,-277.609,628.905,-277.323,403.003,-5.289,628.810,-4.813,旧土地台帳附属地図,地図に準ずる図面,P-F,,,,,,
46201-3400-20.zip,119-71,,true,206.844,99.694,477.389,98.438,208.272,426.589,479.199,425.483,旧土地台帳附属地図,地図に準ずる図面,P-F,,,,,,
46201-3400-20.zip,119-72,,true,345.973,-218.143,616.514,-220.052,348.295,108.861,619.179,106.988,旧土地台帳附属地図,地図に準ずる図面,P-F,,,,,,
46201-3400-20.zip,119-75,,true,355.112,55.893,580.664,55.449,355.652,328.277,581.458,327.928,旧土地台帳附属地図,地図に準ずる図面,P-F,,,,,,
46201-3400-20.zip,119-76,,true,567.367,-28.505,1108.539,-31.858,571.253,625.596,1113.111,622.319,旧土地台帳附属地図,地図に準ずる図面,P-F,,,,,,
46201-3400-20.zip,119-77,,true,503.755,-12.994,774.304,-12.919,503.661,314.132,774.590,314.170,旧土地台帳附属地図,地図に準ずる図面,P-F,,,,,,
46201-3400-20.zip,119-78,,true,567.104,-171.282,837.803,-172.297,568.307,155.766,839.387,154.864,旧土地台帳附属地図,地図に準ずる図面,P-F,,,,,,
46201-3400-20.zip,119-79,,true,641.177,-210.279,911.867,-212.687,644.131,116.796,915.164,114.385,旧土地台帳附属地図,地図に準ずる図面,P-F,,,,,,
46201-3400-20.zip,119-58,,true,21.568,-238.380,292.141,-241.133,24.876,88.578,295.831,85.934,旧土地台帳附属地図,地図に準ずる図面,P-F,,,,,,
46201-3400-20.zip,119-74-2,600,false,114.519,-35.772,397.219,-36.759,115.660,291.088,398.360,290.101,旧土地台帳附属地図,地図に準ずる図面,P-F,,,,,,
46201-3400-20.zip,119-74-1,600,true,212.002,42.736,482.704,41.796,213.137,369.598,483.839,368.658,旧土地台帳附属地図,地図に準ずる図面,P-F,,,,,,
46201-3400-20.zip,119-52-1,,true,-123.820,-151.369,146.803,-152.274,-122.726,175.604,147.897,174.699,旧土地台帳附属地図,地図に準ずる図面,P-F,,,,,,
46201-3400-20.zip,119-52-2,600,false,-151.179,-123.757,119.444,-124.654,-150.094,203.217,120.528,202.320,旧土地台帳附属地図,地図に準ずる図面,P-F,,,,,,
46201-3400-200.zip,M   11-1,500,false,1350.000,0.000,1500.000,0.000,1350.000,200.000,1500.000,200.000,土地改良所在図,法第14条1項地図,P-F,,,,,,
46201-3400-200.zip,M   11-3,500,false,1200.000,0.000,1350.000,0.000,1200.000,200.000,1350.000,200.000,土地改良所在図,法第14条1項地図,P-F,,,,,,
46201-3400-200.zip,M   21-1,500,false,1050.000,0.000,1200.000,0.000,1050.000,200.000,1200.000,200.000,土地改良所在図,法第14条1項地図,P-F,,,,,,
46201-3400-201.zip,7,500,false,-154503.888,-44219.468,-154378.882,-44219.471,-154503.886,-44044.466,-154378.880,-44044.470,土地区画整理所在図,法第14条1項地図,P-F,2003,8,8,,,
46201-3400-201.zip,1,500,false,-154128.871,-44394.478,-154003.865,-44394.480,-154128.870,-44219.477,-154003.864,-44219.480,土地区画整理所在図,法第14条1項地図,P-F,2003,8,8,,,
46201-3400-201.zip,2,500,false,-154253.877,-44394.475,-154128.871,-44394.478,-154253.876,-44219.474,-154128.870,-44219.477,土地区画整理所在図,法第14条1項地図,P-F,2003,8,8,,,
46201-3400-201.zip,3,500,false,-154253.876,-44219.474,-154128.870,-44219.477,-154253.873,-44044.473,-154128.867,-44044.477,土地区画整理所在図,法第14条1項地図,P-F,2003,8,8,,,
46201-3400-201.zip,4,500,false,-154378.883,-44394.473,-154253.877,-44394.475,-154378.882,-44219.471,-154253.876,-44219.474,土地区画整理所在図,法第14条1項地図,P-F,2003,8,8,,,
46201-3400-201.zip,5,500,false,-154378.882,-44219.471,-154253.876,-44219.474,-154378.880,-44044.470,-154253.873,-44044.473,土地区画整理所在図,法第14条1項地図,P-F,2003,8,8,,,
46201-3400-201.zip,6,500,false,-154503.889,-44394.470,-154378.883,-44394.473,-154503.888,-44219.468,-154378.882,-44219.471,土地区画整理所在図,法第14条1項地図,P-F,2003,8,8,,,
46201-3400-201.zip,8,500,false,-154503.886,-44044.466,-154378.880,-44044.470,-154503.881,-43869.466,-154378.875,-43869.470,土地区画整理所在図,法第14条1項地図,P-F,2003,8,8,,,
46201-3400-201.zip,9,500,false,-154628.895,-44394.468,-154503.889,-44394.470,-154628.894,-44219.465,-154503.888,-44219.468,土地区画整理所在図,法第14条1項地図,P-F,2003,8,8,,,
46201-3400-201.zip,10,500,false,-154628.894,-44219.465,-154503.888,-44219.468,-154628.892,-44044.463,-154503.886,-44044.466,土地区画整理所在図,法第14条1項地図,P-F,2003,8,8,,,
46201-3400-201.zip,11,500,false,-154628.892,-44044.463,-154503.886,-44044.466,-154628.887,-43869.463,-154503.881,-43869.466,土地区画整理所在図,法第14条1項地図,P-F,2003,8,8,,,
46201-3400-201.zip,12,500,false,-154753.901,-44394.465,-154628.895,-44394.468,-154753.900,-44219.462,-154628.894,-44219.465,土地区画整理所在図,法第14条1項地図,P-F,2003,8,8,,,
46201-3400-201.zip,13,500,false,-154753.900,-44219.462,-154628.894,-44219.465,-154753.898,-44044.460,-154628.892,-44044.463,土地区画整理所在図,法第14条1項地図,P-F,2003,8,8,,,
46201-3400-201.zip,14,500,false,-154753.898,-44044.460,-154628.892,-44044.463,-154753.894,-43869.459,-154628.887,-43869.463,土地区画整理所在図,法第14条1項地図,P-F,2003,8,8,,,
46201-3400-201.zip,15,500,false,-154878.908,-44394.461,-154753.901,-44394.465,-154878.908,-44219.456,-154753.900,-44219.462,土地区画整理所在図,法第14条1項地図,P-F,2003,8,8,,,
46201-3400-201.zip,19,500,false,-155003.915,-44219.450,-154878.908,-44219.456,-155003.913,-44044.447,-154878.906,-44044.453,土地区画整理所在図,法第14条1項地図,P-F,2003,8,8,,,
46201-3400-201.zip,18,500,false,-155003.915,-44394.456,-154878.908,-44394.461,-155003.915,-44219.450,-154878.908,-44219.456,土地区画整理所在図,法第14条1項地図,P-F,2003,8,8,,,
46201-3400-201.zip,17,500,false,-154878.906,-44044.453,-154753.898,-44044.460,-154878.901,-43869.453,-154753.894,-43869.459,土地区画整理所在図,法第14条1項地図,P-F,2003,8,8,,,
46201-3400-201.zip,16,500,false,-154878.908,-44219.456,-154753.900,-44219.462,-154878.906,-44044.453,-154753.898,-44044.460,土地区画整理所在図,法第14条1項地図,P-F,2003,8,8,,,
46201-3400-201.zip,20,500,false,-155003.913,-44044.447,-154878.906,-44044.453,-155003.908,-43869.446,-154878.901,-43869.453,土地区画整理所在図,法第14条1項地図,P-F,2003,8,8,,,
46201-3400-201.zip,21,500,false,-155003.908,-43869.446,-154878.901,-43869.453,-155003.903,-43694.446,-154878.896,-43694.452,土地区画整理所在図,法第14条1項地図,P-F,2003,8,8,,,
46201-3400-201.zip,22,500,false,-155128.922,-44394.451,-155003.915,-44394.456,-155128.922,-44219.445,-155003.915,-44219.450,土地区画整理所在図,法第14条1項地図,P-F,2003,8,8,,,
46201-3400-201.zip,23,500,false,-155128.922,-44219.445,-155003.915,-44219.450,-155128.921,-44044.440,-155003.913,-44044.447,土地区画整理所在図,法第14条1項地図,P-F,2003,8,8,,,
46201-3400-201.zip,24,500,false,-155128.921,-44044.440,-155003.913,-44044.447,-155128.915,-43869.440,-155003.908,-43869.446,土地区画整理所在図,法第14条1項地図,P-F,2003,8,8,,,
46201-3400-201.zip,25,500,false,-155128.915,-43869.440,-155003.908,-43869.446,-155128.909,-43694.440,-155003.903,-43694.446,土地区画整理所在図,法第14条1項地図,P-F,2003,8,8,,,
46201-3400-201.zip,26,500,false,-155253.929,-44394.447,-155128.922,-44394.451,-155253.929,-44219.439,-155128.922,-44219.445,土地区画整理所在図,法第14条1項地図,P-F,2003,8,8,,,
46201-3400-201.zip,27,500,false,-155253.929,-44219.439,-155128.922,-44219.440,-155253.928,-44044.433,-155128.921,-44044.434,土地区画整理所在図,法第14条1項地図,P-F,2003,8,8,,,
46201-3400-201.zip,29,500,false,-155253.922,-43869.434,-155128.915,-43869.440,-155253.916,-43694.434,-155128.909,-43694.440,土地区画整理所在図,法第14条1項地図,P-F,2003,8,8,,,
46201-3400-201.zip,28,500,false,-155253.928,-44044.433,-155128.921,-44044.440,-155253.922,-43869.434,-155128.915,-43869.440,土地区画整理所在図,法第14条1項地図,P-F,2003,8,8,,,
46201-3400-201.zip,30,500,false,-155378.936,-44394.442,-155253.929,-44394.447,-155378.937,-44219.433,-155253.929,-44219.439,土地区画整理所在図,法第14条1項地図,P-F,2003,8,8,,,
46201-3400-201.zip,31,500,false,-155378.937,-44219.433,-155253.929,-44219.439,-155378.935,-44044.427,-155253.928,-44044.433,土地区画整理所在図,法第14条1項地図,P-F,2003,8,8,,,
46201-3400-202.zip,052-167B,,false,-128.209,-147.400,141.956,-156.547,-116.975,179.115,152.963,170.013,旧土地台帳附属地図,地図に準ずる図面,P-F,,,,,,
46201-3400-203.zip,082-2384,,true,-293.163,-253.091,-167.076,-491.471,-4.273,-100.513,121.711,-338.861,旧土地台帳附属地図,地図に準ずる図面,P-F,,,,,,
46201-3400-203.zip,082-2385,,true,-159.378,-112.924,-135.487,-381.613,166.004,-83.932,189.870,-352.776,旧土地台帳附属地図,地図に準ずる図面,P-F,,,,,,
46201-3400-203.zip,082-2386,,true,-204.299,-133.144,-6.449,-316.388,17.815,106.394,215.583,-76.826,旧土地台帳附属地図,地図に準ずる図面,P-F,,,,,,
46201-3400-203.zip,082-2387,,true,-278.073,-71.911,-293.465,-341.143,48.104,-90.518,32.625,-359.937,旧土地台帳附属地図,地図に準ずる図面,P-F,,,,,,
46201-3400-203.zip,082-2388,,true,-209.302,105.204,-27.657,-94.064,32.219,325.159,213.810,125.895,旧土地台帳附属地図,地図に準ずる図面,P-F,,,,,,
46201-3400-203.zip,082-2389,,true,89.261,190.461,55.306,458.063,-234.835,149.538,-268.710,417.112,旧土地台帳附属地図,地図に準ずる図面,P-F,,,,,,
46201-3400-203.zip,082-2392,,true,-209.364,646.511,-21.241,453.294,24.694,874.447,212.842,681.041,旧土地台帳附属地図,地図に準ずる図面,P-F,,,,,,
46201-3400-203.zip,082-2393,,true,-57.528,743.866,-43.922,474.461,268.738,760.083,282.264,490.750,旧土地台帳附属地図,地図に準ずる図面,P-F,,,,,,
46201-3400-203.zip,082-2394,,true,-58.131,392.967,211.035,377.086,-38.959,719.112,230.431,703.142,旧土地台帳附属地図,地図に準ずる図面,P-F,,,,,,
46201-3400-203.zip,082-2395,,true,163.510,502.183,-106.235,500.994,164.720,175.478,-104.988,174.403,旧土地台帳附属地図,地図に準ずる図面,P-F,,,,,,
46201-3400-203.zip,082-2396,,true,136.359,363.754,-133.184,355.374,146.542,37.205,-123.155,28.897,旧土地台帳附属地図,地図に準ずる図面,P-F,,,,,,
46201-3400-203.zip,082-2397,,true,-194.006,-21.679,-1.903,-211.048,35.458,210.827,227.480,21.431,旧土地台帳附属地図,地図に準ずる図面,P-F,,,,,,
46201-3400-203.zip,082-2398,,true,290.972,159.675,104.318,354.311,55.224,-66.513,-131.507,128.313,旧土地台帳附属地図,地図に準ずる図面,P-F,,,,,,
46201-3400-203.zip,082-2399,,true,332.651,213.385,216.105,456.657,37.901,72.458,-78.508,315.711,旧土地台帳附属地図,地図に準ずる図面,P-F,,,,,,
46201-3400-203.zip,082-2400,,true,39.797,376.041,308.499,352.746,68.266,701.505,336.879,678.065,旧土地台帳附属地図,地図に準ずる図面,P-F,,,,,,
46201-3400-203.zip,082-2401,,true,46.939,660.237,44.953,390.572,373.602,657.968,371.613,388.113,旧土地台帳附属地図,地図に準ずる図面,P-F,,,,,,
46201-3400-203.zip,082-2402,,true,375.674,709.942,106.290,720.685,362.741,383.525,93.168,394.315,旧土地台帳附属地図,地図に準ずる図面,P-F,,,,,,
46201-3400-203.zip,082-2403,,true,130.822,306.345,399.635,284.838,157.078,631.919,425.812,610.380,旧土地台帳附属地図,地図に準ずる図面,P-F,,,,,,
46201-3400-203.zip,082-2404,,true,292.704,332.726,562.312,338.770,285.293,659.318,555.131,665.327,旧土地台帳附属地図,地図に準ずる図面,P-F,,,,,,
46201-3400-203.zip,082-2405,,true,304.583,466.979,574.217,467.094,304.697,793.687,574.255,793.649,旧土地台帳附属地図,地図に準ずる図面,P-F,,,,,,
46201-3400-203.zip,082-2406,,true,424.469,620.515,407.493,351.373,750.540,600.013,733.471,330.648,旧土地台帳附属地図,地図に準ずる図面,P-F,,,,,,
46201-3400-203.zip,082-2407,,true,-27.157,938.333,-92.963,676.853,289.584,858.407,223.760,597.010,旧土地台帳附属地図,地図に準ずる図面,P-F,,,,,,
46201-3400-203.zip,082-2390,,true,45.978,278.092,62.339,547.268,-280.131,297.874,-263.684,567.197,旧土地台帳附属地図,地図に準ずる図面,P-F,,,,,,
46201-3400-203.zip,082-2391,,true,-205.782,420.900,59.353,371.226,-145.386,741.976,119.660,692.241,旧土地台帳附属地図,地図に準ずる図面,P-F,,,,,,
46201-3400-204.zip,035-650,,true,-123.213,-151.574,146.918,-151.711,-123.265,175.097,147.208,175.267,旧土地台帳附属地図,地図に準ずる図面,P-F,,,,,,
46201-3400-204.zip,035-651-1,,true,-99.803,15.336,170.321,17.828,-102.818,342.113,167.306,344.605,旧土地台帳附属地図,地図に準ずる図面,P-F,,,,,,
46201-3400-204.zip,035-651-2,600,false,-84.644,56.786,185.494,56.786,-84.644,383.576,185.494,383.576,旧土地台帳附属地図,地図に準ずる図面,P-F,,,,,,
46201-3400-205.zip,086-952,600,false,393335.268,-501862.824,393605.268,-501862.824,393335.268,-501532.824,393605.268,-501532.824,旧土地台帳附属地図,地図に準ずる図面,P-F,,,,,,
46201-3400-206.zip,L   31-3,500,false,-155028.721,-50219.350,-154878.724,-50219.359,-155028.728,-50019.347,-154878.732,-50019.355,土地改良所在図,法第14条1項地図（国調法19-5指定）,P-F,,,,,,
46201-3400-206.zip,L   31-4,500,false,-155028.728,-50019.347,-154878.732,-50019.355,-155028.738,-49819.349,-154878.742,-49819.357,土地改良所在図,法第14条1項地図（国調法19-5指定）,P-F,,,,,,
46201-3400-206.zip,L   32-3,500,false,-155028.738,-49819.349,-154878.742,-49819.357,-155028.748,-49619.351,-154878.751,-49619.359,土地改良所在図,法第14条1項地図（国調法19-5指定）,P-F,,,,,,
46201-3400-206.zip,L   41-2,500,false,-155178.725,-50019.338,-155028.728,-50019.347,-155178.735,-49819.341,-155028.738,-49819.349,土地改良所在図,法第14条1項地図（国調法19-5指定）,P-F,,,,,,
46201-3400-206.zip,L   41-3,500,false,-155328.713,-50219.333,-155178.717,-50219.341,-155328.721,-50019.330,-155178.725,-50019.338,土地改良所在図,法第14条1項地図（国調法19-5指定）,P-F,,,,,,
46201-3400-206.zip,L   41-4,500,false,-155328.721,-50019.330,-155178.725,-50019.338,-155328.731,-49819.333,-155178.735,-49819.341,土地改良所在図,法第14条1項地図（国調法19-5指定）,P-F,,,,,,
46201-3400-206.zip,L   42-1,500,false,-155178.735,-49819.341,-155028.738,-49819.349,-155178.744,-49619.343,-155028.748,-49619.351,土地改良所在図,法第14条1項地図（国調法19-5指定）,P-F,,,,,,
46201-3400-206.zip,L   42-2,500,false,-155178.744,-49619.343,-155028.748,-49619.351,-155178.754,-49419.346,-155028.757,-49419.353,土地改良所在図,法第14条1項地図（国調法19-5指定）,P-F,,,,,,
46201-3400-206.zip,L   42-3,500,false,-155328.731,-49819.333,-155178.735,-49819.341,-155328.741,-49619.336,-155178.744,-49619.343,土地改良所在図,法第14条1項地図（国調法19-5指定）,P-F,,,,,,
46201-3400-206.zip,L   42-4,500,false,-155328.741,-49619.336,-155178.744,-49619.343,-155328.751,-49419.339,-155178.754,-49419.346,土地改良所在図,法第14条1項地図（国調法19-5指定）,P-F,,,,,,
46201-3400-206.zip,L   51-2,500,false,-155478.717,-50019.321,-155328.721,-50019.330,-155478.728,-49819.325,-155328.731,-49819.333,土地改良所在図,法第14条1項地図（国調法19-5指定）,P-F,,,,,,
46201-3400-206.zip,L   52-1,500,false,-155478.728,-49819.325,-155328.731,-49819.333,-155478.738,-49619.328,-155328.741,-49619.336,土地改良所在図,法第14条1項地図（国調法19-5指定）,P-F,,,,,,
46201-3400-206.zip,L   52-2,500,false,-155478.738,-49619.328,-155328.741,-49619.336,-155478.748,-49419.332,-155328.751,-49419.339,土地改良所在図,法第14条1項地図（国調法19-5指定）,P-F,,,,,,
46201-3400-206.zip,L   52-3,500,false,-155628.724,-49819.317,-155478.728,-49819.325,-155628.734,-49619.321,-155478.738,-49619.328,土地改良所在図,法第14条1項地図（国調法19-5指定）,P-F,,,,,,
46201-3400-207.zip,A   11,1000,false,300.000,800.000,600.000,800.000,300.000,1200.000,600.000,1200.000,土地改良所在図,地図に準ずる図面,P-F,,,,,,
46201-3400-207.zip,A   21,1000,false,0.000,800.000,300.000,800.000,0.000,1200.000,300.000,1200.000,土地改良所在図,地図に準ずる図面,P-F,,,,,,
46201-3400-207.zip,A   22,1000,false,0.000,1200.000,300.000,1200.000,0.000,1600.000,300.000,1600.000,土地改良所在図,地図に準ずる図面,P-F,,,,,,
46201-3400-208.zip,086-826,,false,4266.323,3907.788,5519.625,4390.325,3681.868,5427.409,4935.742,5909.185,旧土地台帳附属地図,地図に準ずる図面,P-F,,,,,,
46201-3400-208.zip,086-828,,false,5099.042,3075.635,6166.416,3898.216,4101.772,4370.276,5169.718,5192.285,旧土地台帳附属地図,地図に準ずる図面,P-F,,,,,,
46201-3400-208.zip,086-829,,false,4075.522,4592.343,2869.655,4000.458,4791.423,3129.871,3585.365,2539.511,旧土地台帳附属地図,地図に準ずる図面,P-F,,,,,,
46201-3400-208.zip,086-830,,false,5746.669,4119.026,4608.619,3396.458,6621.637,2738.661,5483.016,2017.617,旧土地台帳附属地図,地図に準ずる図面,P-F,,,,,,
46201-3400-208.zip,086-831,,false,5248.397,4156.407,4016.621,3619.768,5897.050,2662.884,4665.275,2127.578,旧土地台帳附属地図,地図に準ずる図面,P-F,,,,,,
46201-3400-208.zip,086-832,,false,3392.451,2856.516,4316.188,1875.059,4583.460,3976.087,5506.053,2993.677,旧土地台帳附属地図,地図に準ずる図面,P-F,,,,,,
46201-3400-208.zip,086-833,,false,4151.949,3741.402,4279.775,5078.905,2531.553,3897.802,2660.140,5234.734,旧土地台帳附属地図,地図に準ずる図面,P-F,,,,,,
46201-3400-208.zip,086-834,,false,3432.436,5802.087,2085.789,5738.651,3508.446,4169.499,2161.798,4107.015,旧土地台帳附属地図,地図に準ずる図面,P-F,,,,,,
46201-3400-208.zip,086-972,,false,1797.228,3833.078,3140.637,3862.606,1762.938,5461.095,3106.156,5489.479,旧土地台帳附属地図,地図に準ずる図面,P-F,,,,,,
46201-3400-208.zip,086-835,,false,2509.800,6287.255,2500.656,4939.274,4144.483,6275.825,4134.387,4927.463,旧土地台帳附属地図,地図に準ずる図面,P-F,,,,,,
46201-3400-208.zip,086-111,500,false,2260.508,6039.760,2484.441,6040.617,2259.651,6311.032,2483.616,6311.762,旧土地台帳附属地図,地図に準ずる図面,P-F,,,,,,
46201-3400-208.zip,086-973,,false,2026.270,4595.041,3275.571,5100.058,1413.811,6109.900,2663.875,6614.726,旧土地台帳附属地図,地図に準ずる図面,P-F,,,,,,
46201-3400-208.zip,086-837,,false,1695.329,4953.261,2612.970,5934.529,507.369,6066.164,1425.200,7046.670,旧土地台帳附属地図,地図に準ずる図面,P-F,,,,,,
46201-3400-208.zip,086-838,,false,1859.647,4553.312,2012.999,5892.530,236.202,4739.241,390.127,6078.649,旧土地台帳附属地図,地図に準ずる図面,P-F,,,,,,
46201-3400-208.zip,086-840,,false,2373.856,2468.127,3716.884,2421.073,2432.530,4095.381,3774.986,4047.185,旧土地台帳附属地図,地図に準ずる図面,P-F,,,,,,
46201-3400-208.zip,086-841,,false,2443.450,3851.149,1095.851,3886.582,2400.016,2217.228,1052.035,2253.613,旧土地台帳附属地図,地図に準ずる図面,P-F,,,,,,
46201-3400-208.zip,086-842,,false,898.396,1992.100,2241.423,2030.771,853.247,3619.735,2195.703,3657.263,旧土地台帳附属地図,地図に準ずる図面,P-F,,,,,,
46201-3400-208.zip,086-843,,false,797.697,1636.856,1985.276,2274.271,25.218,3077.230,1213.749,3713.692,旧土地台帳附属地図,地図に準ずる図面,P-F,,,,,,
46201-3400-208.zip,086-976,,false,646.363,2367.149,1983.485,2497.071,489.962,3987.355,1827.085,4116.705,旧土地台帳附属地図,地図に準ずる図面,P-F,,,,,,
46201-3400-208.zip,086-978,,false,2780.885,2254.886,4127.913,2195.831,2853.465,3887.856,4200.494,3827.277,旧土地台帳附属地図,地図に準ずる図面,P-F,,,,,,
46201-3400-208.zip,086-845,,false,3043.423,1480.993,4379.212,1624.059,2870.830,3099.866,4206.619,3242.169,旧土地台帳附属地図,地図に準ずる図面,P-F,,,,,,
46201-3400-208.zip,086-847,,false,4158.490,624.078,3671.571,1881.190,2633.915,34.861,2148.520,1291.973,旧土地台帳附属地図,地図に準ずる図面,P-F,,,,,,
46201-3400-208.zip,086-848,,false,2311.680,907.377,3647.278,1086.828,2094.128,2527.202,3430.298,2706.082,旧土地台帳附属地図,地図に準ずる図面,P-F,,,,,,
46201-3400-208.zip,086-844,,false,3336.284,2662.639,2405.880,3632.286,2160.515,1537.162,1231.826,2507.190,旧土地台帳附属地図,地図に準ずる図面,P-F,,,,,,
46201-3400-208.zip,086-846,,false,4682.485,1996.867,3400.798,2400.728,4191.184,444.860,2910.640,850.055,旧土地台帳附属地図,地図に準ずる図面,P-F,,,,,,
46201-3400-208.zip,086-839,1000,false,1685.619,4805.415,2085.353,4806.812,1684.286,5305.352,2084.146,5306.622,旧土地台帳附属地図,地図に準ずる図面,P-F,,,,1984,11,20
46201-3400-208.zip,086-825,,false,4282.506,4729.201,5346.641,5556.353,3280.093,6019.841,4344.609,6846.422,旧土地台帳附属地図,地図に準ずる図面,P-F,,,,,,
46201-3400-209.zip,086-870,,false,4782.224,2530.357,4827.678,2796.066,4460.126,2585.678,4505.770,2851.388,旧土地台帳附属地図,地図に準ずる図面,P-F,,,,,,
46201-3400-209.zip,086-869,,false,4645.250,2363.349,4829.541,2558.345,4408.954,2587.073,4593.244,2781.954,旧土地台帳附属地図,地図に準ずる図面,P-F,,,,,,
46201-3400-209.zip,086-868,,false,4272.842,2766.056,4270.099,2496.498,4599.664,2762.551,4596.655,2492.955,旧土地台帳附属地図,地図に準ずる図面,P-F,,,,,,
46201-3400-209.zip,086-867,,false,4040.240,2740.675,4081.426,2475.536,4361.881,2790.281,4402.915,2525.143,旧土地台帳附属地図,地図に準ずる図面,P-F,,,,,,
46201-3400-209.zip,086-866,,false,4138.430,2746.368,3868.910,2750.597,4133.172,2419.545,3863.614,2424.003,旧土地台帳附属地図,地図に準ずる図面,P-F,,,,,,
46201-3400-209.zip,086-865,,false,3776.247,2523.681,4038.147,2581.974,3705.762,2841.322,3967.624,2899.577,旧土地台帳附属地図,地図に準ずる図面,P-F,,,,,,
46201-3400-209.zip,086-864,,false,3366.851,2446.619,3636.409,2451.382,3361.212,2773.404,3630.770,2777.976,旧土地台帳附属地図,地図に準ずる図面,P-F,,,,,,
46201-3400-209.zip,086-863,,false,3589.610,2687.983,3580.428,2956.246,3264.350,2677.201,3255.320,2945.349,旧土地台帳附属地図,地図に準ずる図面,P-F,,,,,,
46201-3400-209.zip,086-862,,false,3421.253,2807.601,3638.233,2967.507,3227.515,3070.796,3444.571,3230.550,旧土地台帳附属地図,地図に準ずる図面,P-F,,,,,,
46201-3400-209.zip,086-861,,false,3622.441,2642.073,3843.612,2793.978,3438.456,2910.488,3659.626,3062.240,旧土地台帳附属地図,地図に準ずる図面,P-F,,,,,,
46201-3400-209.zip,086-860,,false,3661.902,3335.519,3392.573,3324.470,3675.123,3008.925,3405.831,2998.104,旧土地台帳附属地図,地図に準ずる図面,P-F,,,,,,
46201-3400-209.zip,086-859,,false,3680.265,3077.672,3903.112,3227.176,3499.213,3348.030,3722.022,3497.420,旧土地台帳附属地図,地図に準ずる図面,P-F,,,,,,
46201-3400-209.zip,086-858,,false,3782.875,3158.014,4044.775,3216.421,3712.351,3475.692,3974.251,3533.909,旧土地台帳附属地図,地図に準ずる図面,P-F,,,,,,
46201-3400-209.zip,086-857,,false,3926.886,3132.386,4192.939,3175.668,3874.537,3454.979,4140.666,3498.070,旧土地台帳附属地図,地図に準ずる図面,P-F,,,,,,
46201-3400-209.zip,086-856,,false,3929.477,3379.664,3746.520,3183.335,4167.297,3157.465,3984.264,2961.402,旧土地台帳附属地図,地図に準ずる図面,P-F,,,,,,
46201-3400-209.zip,086-855,,false,3878.300,2898.134,4030.472,3120.525,3608.589,3082.729,3760.952,3305.119,旧土地台帳附属地図,地図に準ずる図面,P-F,,,,,,
46201-3400-209.zip,086-854,,false,3815.638,2890.876,3803.332,3159.024,3490.530,2876.284,3478.338,3144.279,旧土地台帳附属地図,地図に準ずる図面,P-F,,,,,,
46201-3400-209.zip,086-853,,false,3724.240,2747.711,3993.798,2746.149,3726.297,3074.571,3995.893,3072.743,旧土地台帳附属地図,地図に準ずる図面,P-F,,,,,,
46201-3400-209.zip,086-852,,false,4097.408,2996.579,3834.365,2943.048,4161.987,2677.567,3899.020,2624.265,旧土地台帳附属地図,地図に準ずる図面,P-F,,,,,,
46201-3400-209.zip,086-851,,false,3972.176,2955.289,4115.013,2726.650,4249.430,3128.339,4392.077,2899.586,旧土地台帳附属地図,地図に準ずる図面,P-F,,,,,,
46201-3400-209.zip,086-850,,false,3834.541,3066.341,3975.549,2838.083,4111.528,3237.143,4252.422,3008.772,旧土地台帳附属地図,地図に準ずる図面,P-F,,,,,,
46201-3400-209.zip,086-849,,false,4303.172,3279.844,4033.767,3270.319,4314.564,2953.174,4045.159,2943.916,旧土地台帳附属地図,地図に準ずる図面,P-F,,,,,,
46201-3400-21.zip,119-33,,true,267.358,-569.018,537.900,-570.943,269.649,-242.203,540.535,-243.978,旧土地台帳附属地図,地図に準ずる図面,P-F,,,,,,
46201-3400-21.zip,119-34,,true,1016.461,-397.985,1287.009,-398.099,1016.499,-70.973,1287.467,-71.087,旧土地台帳附属地図,地図に準ずる図面,P-F,,,,,,
46201-3400-21.zip,119-35,,true,362.860,-521.445,633.364,-523.366,365.196,-194.555,636.081,-196.364,旧土地台帳附属地図,地図に準ずる図面,P-F,,,,,,
46201-3400-21.zip,119-35-1,,true,404.737,-712.947,854.000,-712.630,404.483,-168.434,853.936,-168.053,旧土地台帳附属地図,地図に準ずる図面,P-F,,,,,,
46201-3400-21.zip,119-36,,true,244.566,-836.812,695.476,-840.498,249.058,-292.050,700.477,-295.681,旧土地台帳附属地図,地図に準ずる図面,P-F,,,,,,
46201-3400-21.zip,119-38,,true,442.055,-811.848,712.600,-813.282,443.771,-484.955,714.659,-486.314,旧土地台帳附属地図,地図に準ずる図面,P-F,,,,,,
46201-3400-21.zip,119-81A,,true,1034.978,-594.619,1576.139,-598.259,1039.264,59.393,1581.188,55.898,旧土地台帳附属地図,地図に準ずる図面,P-F,,,,,,
46201-3400-21.zip,119-81B,,true,1067.635,-760.901,1608.796,-764.541,1071.921,-106.889,1613.845,-110.384,旧土地台帳附属地図,地図に準ずる図面,P-F,,,,,,
46201-3400-21.zip,119-82,,true,1041.329,-305.033,1311.833,-306.966,1043.719,22.009,1314.602,19.997,旧土地台帳附属地図,地図に準ずる図面,P-F,,,,,,
46201-3400-21.zip,119-83,,true,1051.256,-508.479,1592.417,-512.103,1055.447,145.685,1597.370,142.057,旧土地台帳附属地図,地図に準ずる図面,P-F,,,,,,
46201-3400-21.zip,119-86,,true,1086.549,-204.498,1357.092,-206.175,1088.525,122.585,1359.487,120.905,旧土地台帳附属地図,地図に準ずる図面,P-F,,,,,,
46201-3400-21.zip,119-89,,true,558.543,-570.917,1099.640,-571.077,558.667,83.261,1100.601,83.023,旧土地台帳附属地図,地図に準ずる図面,P-F,,,,,,
46201-3400-21.zip,119-90,,true,827.658,-260.293,1098.243,-260.935,828.375,66.834,1099.341,66.153,旧土地台帳附属地図,地図に準ずる図面,P-F,,,,,,
46201-3400-21.zip,119-91,,true,736.676,-196.721,1007.215,-198.929,739.286,130.358,1010.244,128.145,旧土地台帳附属地図,地図に準ずる図面,P-F,,,,,,
46201-3400-21.zip,119-93,,true,203.385,-29.437,474.011,-30.190,204.232,297.578,475.201,296.901,旧土地台帳附属地図,地図に準ずる図面,P-F,,,,,,
46201-3400-21.zip,119-97,,true,-123.524,-151.654,147.100,-152.070,-123.109,175.282,147.897,175.055,旧土地台帳附属地図,地図に準ずる図面,P-F,,,,,,
46201-3400-21.zip,119-105,,true,354.348,-300.224,895.356,-303.932,358.855,353.939,900.776,350.071,旧土地台帳附属地図,地図に準ずる図面,P-F,,,,,,
46201-3400-21.zip,119-30,,true,54.738,-393.192,595.749,-396.220,58.409,260.442,600.259,257.486,旧土地台帳附属地図,地図に準ずる図面,P-F,,,,,,
46201-3400-21.zip,119-31,,true,55.633,-543.361,506.538,-546.191,59.029,1.395,510.633,-1.313,旧土地台帳附属地図,地図に準ずる図面,P-F,,,,,,
46201-3400-21.zip,119-32A,,true,140.224,-556.331,303.354,-772.166,400.994,-359.261,564.422,-575.302,旧土地台帳附属地図,地図に準ずる図面,P-F,,,,,,
46201-3400-21.zip,119-32B,,true,200.067,-474.315,404.633,-651.372,413.991,-227.182,618.890,-404.378,旧土地台帳附属地図,地図に準ずる図面,P-F,,,,,,
46201-3400-21.zip,119-106,,true,576.824,33.148,557.694,303.095,250.558,9.958,231.361,280.321,旧土地台帳附属地図,地図に準ずる図面,P-F,,,,,,
46201-3400-21.zip,119-108,,true,809.269,-224.581,1309.018,-16.933,558.052,379.437,1058.577,587.407,旧土地台帳附属地図,地図に準ずる図面,P-F,,,,,,
46201-3400-21.zip,119-111,,true,904.437,-207.263,1175.021,-208.507,905.906,119.784,1176.871,118.539,旧土地台帳附属地図,地図に準ずる図面,P-F,,,,,,
46201-3400-210.zip,086-8821,2000,false,6199.429,1311.555,6436.538,1831.748,5477.686,1641.248,5714.415,2161.949,旧土地台帳附属地図,地図に準ずる図面,P-F,,,,1983,6,9
46201-3400-210.zip,086-8832,2000,false,6044.466,785.763,6281.321,1305.956,5322.596,1115.075,5558.944,1635.649,旧土地台帳附属地図,地図に準ずる図面,P-F,,,,1983,6,9
46201-3400-210.zip,086-8842,2000,false,6221.377,201.899,6438.928,730.601,5488.713,505.302,5706.391,1033.877,旧土地台帳附属地図,地図に準ずる図面,P-F,,,,1983,6,9
46201-3400-210.zip,086-881,,false,6379.394,2177.433,6109.899,2183.021,6372.460,1850.611,6102.914,1856.428,旧土地台帳附属地図,地図に準ずる図面,P-F,,,,,,
46201-3400-210.zip,086-879,,false,6256.522,2291.016,5987.231,2304.199,6240.419,1964.549,5971.153,1977.910,旧土地台帳附属地図,地図に準ずる図面,P-F,,,,,,
46201-3400-210.zip,086-880,,false,6257.221,2083.939,5988.667,2091.787,6247.468,1758.564,5978.989,1766.489,旧土地台帳附属地図,地図に準ずる図面,P-F,,,,,,
46201-3400-210.zip,086-882,,false,6566.362,2077.459,6297.706,2081.345,6561.358,1751.932,6292.829,1755.996,旧土地台帳附属地図,地図に準ずる図面,P-F,,,,,,
46201-3400-210.zip,086-8841,,false,6218.807,1605.427,6486.600,1626.535,6193.585,1930.015,6461.301,1950.919,旧土地台帳附属地図,地図に準ずる図面,P-F,,,,,,
46201-3400-210.zip,086-8831,,false,5828.838,1856.381,6094.370,1902.914,5772.526,2178.377,6038.134,2224.707,旧土地台帳附属地図,地図に準ずる図面,P-F,,,,,,
46201-3400-210.zip,086-886,,false,5921.528,2032.648,5897.042,2300.161,5597.270,2003.285,5572.886,2270.697,旧土地台帳附属地図,地図に準ずる図面,P-F,,,,,,
46201-3400-210.zip,086-885,,false,5932.561,1831.404,5933.247,2101.000,5605.662,1832.470,5606.653,2102.067,旧土地台帳附属地図,地図に準ずる図面,P-F,,,,,,
46201-3400-210.zip,086-887,,false,5521.093,1709.101,5790.232,1693.176,5540.601,2035.441,5809.740,2019.211,旧土地台帳附属地図,地図に準ずる図面,P-F,,,,,,
46201-3400-210.zip,086-889,,false,5668.951,1827.903,5573.904,2080.227,5362.957,1712.942,5268.189,1965.241,旧土地台帳附属地図,地図に準ずる図面,P-F,,,,,,
46201-3400-210.zip,086-876,,false,5565.931,2113.283,5522.726,2378.510,5244.544,2061.136,5201.466,2326.237,旧土地台帳附属地図,地図に準ずる図面,P-F,,,,,,
46201-3400-210.zip,086-878,,false,5508.771,2333.322,5777.402,2337.818,5503.539,2658.849,5772.119,2663.192,旧土地台帳附属地図,地図に準ずる図面,P-F,,,,,,
46201-3400-210.zip,086-888,,false,5455.768,1947.027,5724.323,1943.878,5459.883,2272.605,5728.412,2269.278,旧土地台帳附属地図,地図に準ずる図面,P-F,,,,,,
46201-3400-210.zip,086-877,,false,5631.511,2433.716,5363.160,2459.649,5599.939,2108.443,5331.613,2134.503,旧土地台帳附属地図,地図に準ずる図面,P-F,,,,,,
46201-3400-210.zip,086-875,,false,5378.055,1927.312,5520.372,2155.150,5102.058,2099.829,5244.350,2327.642,旧土地台帳附属地図,地図に準ずる図面,P-F,,,,,,
46201-3400-210.zip,086-872,,false,5065.979,2236.511,5315.179,2339.305,4941.442,2538.696,5190.642,2641.363,旧土地台帳附属地図,地図に準ずる図面,P-F,,,,,,
46201-3400-210.zip,086-873,,false,5083.077,2012.767,5312.591,2152.416,4914.014,2290.948,5143.503,2430.547,旧土地台帳附属地図,地図に準ずる図面,P-F,,,,,,
46201-3400-210.zip,086-874,,false,5015.626,1872.966,5227.259,2039.819,4813.289,2129.633,5025.075,2296.435,旧土地台帳附属地図,地図に準ずる図面,P-F,,,,,,
46201-3400-210.zip,086-871,,false,5081.746,2574.775,4827.517,2488.135,5186.471,2266.545,4932.292,2180.032,旧土地台帳附属地図,地図に準ずる図面,P-F,,,,,,
46201-3400-211.zip,086-890,,false,-1898.528,3249.425,-550.532,3271.196,-1924.128,4883.907,-575.923,4904.347,旧土地台帳附属地図,地図に準ずる図面,P-F,,,,,,
46201-3400-211.zip,086-891,,false,811.590,4888.343,-215.837,5754.461,-239.179,3644.332,-1265.823,4510.788,旧土地台帳附属地図,地図に準ずる図面,P-F,,,,,,
46201-3400-211.zip,086-892,,false,746.916,4328.798,-598.972,4247.159,845.315,2697.270,-500.439,2616.593,旧土地台帳附属地図,地図に準ずる図面,P-F,,,,,,
46201-3400-211.zip,086-898,,false,-2279.035,2098.439,-1030.788,2607.292,-2895.482,3612.228,-1646.452,4120.165,旧土地台帳附属地図,地図に準ずる図面,P-F,,,,,,
46201-3400-211.zip,086-893,,false,-1241.567,2540.739,100.947,2594.669,-1305.487,4167.879,36.693,4220.652,旧土地台帳附属地図,地図に準ずる図面,P-F,,,,,,
46201-3400-211.zip,086-896,,false,-1495.439,-491.664,-1714.082,-333.807,-1687.036,-756.622,-1905.469,-598.541,旧土地台帳附属地図,地図に準ずる図面,P-F,,,,,,
46201-3400-211.zip,086-910,,false,-1424.968,-1267.105,-1156.039,-1247.621,-1448.412,-941.010,-1179.464,-921.792,旧土地台帳附属地図,地図に準ずる図面,P-F,,,,,,
46201-3400-211.zip,086-905,,false,-1730.211,-1135.481,-1505.135,-988.609,-1907.898,-862.590,-1682.834,-715.908,旧土地台帳附属地図,地図に準ずる図面,P-F,,,,,,
46201-3400-211.zip,086-906,,false,-1670.750,-1168.123,-1401.358,-1156.704,-1684.480,-841.513,-1415.041,-830.321,旧土地台帳附属地図,地図に準ずる図面,P-F,,,,,,
46201-3400-211.zip,086-904,,false,-1610.168,-942.424,-1340.775,-931.951,-1622.786,-615.731,-1353.308,-605.483,旧土地台帳附属地図,地図に準ずる図面,P-F,,,,,,
46201-3400-211.zip,086-895-1,,false,-1451.237,-789.597,-1182.727,-778.978,-1463.814,-464.161,-1195.335,-453.734,旧土地台帳附属地図,地図に準ずる図面,P-F,,,,,,
46201-3400-211.zip,086-902,,false,-1910.227,-970.676,-1642.171,-941.906,-1945.049,-645.599,-1676.893,-617.049,旧土地台帳附属地図,地図に準ずる図面,P-F,,,,,,
46201-3400-211.zip,086-903,,false,-1761.292,-903.247,-1492.549,-900.448,-1764.397,-577.621,-1495.728,-574.975,旧土地台帳附属地図,地図に準ずる図面,P-F,,,,,,
46201-3400-211.zip,086-913,,false,-1012.800,-836.372,-1134.978,-597.077,-1302.937,-984.232,-1424.979,-744.868,旧土地台帳附属地図,地図に準ずる図面,P-F,,,,,,
46201-3400-211.zip,086-912,,false,-1542.076,-1048.542,-1282.374,-1121.051,-1454.023,-733.726,-1194.409,-806.408,旧土地台帳附属地図,地図に準ずる図面,P-F,,,,,,
46201-3400-211.zip,086-911,,false,-1346.236,-1025.418,-1614.700,-1037.129,-1332.339,-1350.763,-1600.774,-1362.281,旧土地台帳附属地図,地図に準ずる図面,P-F,,,,,,
46201-3400-211.zip,086-909,,false,-1235.774,-1212.362,-1500.967,-1168.971,-1288.559,-1533.696,-1553.690,-1490.161,旧土地台帳附属地図,地図に準ずる図面,P-F,,,,,,
46201-3400-211.zip,086-908,,false,-1848.433,-1240.586,-1642.062,-1414.119,-1637.934,-990.431,-1431.711,-1164.139,旧土地台帳附属地図,地図に準ずる図面,P-F,,,,,,
46201-3400-211.zip,086-907,,false,-1722.419,-888.694,-1990.685,-872.453,-1742.388,-1213.760,-2010.602,-1197.293,旧土地台帳附属地図,地図に準ずる図面,P-F,,,,,,
46201-3400-211.zip,086-895-2,,false,-1665.342,-816.320,-1217.826,-798.621,-1686.304,-273.927,-1238.839,-256.548,旧土地台帳附属地図,地図に準ずる図面,P-F,,,,,,
46201-3400-211.zip,086-900,,false,-1770.288,-423.138,-2039.921,-423.523,-1769.984,-750.036,-2039.618,-750.193,旧土地台帳附属地図,地図に準ずる図面,P-F,,,,,,
46201-3400-211.zip,086-901,,false,-1908.153,-391.197,-2176.898,-393.866,-1905.242,-716.863,-2173.874,-719.302,旧土地台帳附属地図,地図に準ずる図面,P-F,,,,,,
46201-3400-211.zip,086-899,,false,-1776.436,-179.472,-2045.013,-170.740,-1787.240,-504.933,-2055.736,-496.051,旧土地台帳附属地図,地図に準ずる図面,P-F,,,,,,
46201-3400-211.zip,086-897,,false,-1958.977,-382.239,-1794.287,-594.624,-1701.526,-182.900,-1536.949,-395.326,旧土地台帳附属地図,地図に準ずる図面,P-F,,,,,,
46201-3400-211.zip,086-894,,false,-1684.270,-500.576,-1414.734,-493.342,-1692.938,-173.793,-1423.396,-166.749,旧土地台帳附属地図,地図に準ずる図面,P-F,,,,,,
46201-3400-212.zip,086-932,,false,3029.598,83.720,3923.235,1092.610,1806.586,1167.857,2700.985,2176.176,旧土地台帳附属地図,地図に準ずる図面,P-F,,,,,,
46201-3400-212.zip,086-934,,false,3633.162,3458.500,2305.374,3224.184,3916.245,1848.581,2588.458,1615.789,旧土地台帳附属地図,地図に準ずる図面,P-F,,,,,,
46201-3400-212.zip,086-935,,false,4065.508,3994.686,2723.052,3958.110,4108.180,2367.241,2765.914,2331.808,旧土地台帳附属地図,地図に準ずる図面,P-F,,,,,,
46201-3400-212.zip,086-936,,false,3651.611,4663.036,2304.011,4685.325,3623.798,3028.734,2276.008,3052.165,旧土地台帳附属地図,地図に準ずる図面,P-F,,,,,,
46201-3400-212.zip,086-937,,false,3251.266,5379.623,1910.334,5304.566,3340.230,3754.274,1999.869,3679.788,旧土地台帳附属地図,地図に準ずる図面,P-F,,,,,,
46201-3400-212.zip,086-938,,false,1596.058,3181.324,2943.848,3146.463,1638.920,4815.056,2986.329,4779.051,旧土地台帳附属地図,地図に準ずる図面,P-F,,,,,,
46201-3400-212.zip,086-939,,false,2190.791,3982.202,1484.225,2840.343,3574.015,3123.807,2867.068,1982.901,旧土地台帳附属地図,地図に準ずる図面,P-F,,,,,,
46201-3400-212.zip,086-940,,false,1185.733,2304.152,2533.332,2339.585,1143.823,3938.074,2491.422,3972.173,旧土地台帳附属地図,地図に準ずる図面,P-F,,,,,,
46201-3400-212.zip,086-941,,false,1549.728,3137.096,1450.859,1797.688,3172.792,3015.747,3073.732,1677.101,旧土地台帳附属地図,地図に準ずる図面,P-F,,,,,,
46201-3400-212.zip,086-942,,false,2212.205,2472.756,1111.113,1695.324,3153.849,1136.586,2051.804,360.678,旧土地台帳附属地図,地図に準ずる図面,P-F,,,,,,
46201-3400-212.zip,086-943,,false,851.735,690.038,2193.619,641.841,911.552,2316.530,2252.865,2267.762,旧土地台帳附属地図,地図に準ずる図面,P-F,,,,,,
46201-3400-212.zip,086-944,,false,845.923,1338.822,2191.237,1426.452,740.767,2969.695,2085.890,3056.182,旧土地台帳附属地図,地図に準ずる図面,P-F,,,,,,
46201-3400-212.zip,086-945,,false,1596.209,3810.245,300.806,3457.819,2021.787,2238.998,726.194,1887.905,旧土地台帳附属地図,地図に準ずる図面,P-F,,,,,,
46201-3400-212.zip,086-946,,false,1016.240,3041.654,2364.221,3052.703,1003.667,4675.766,2351.648,4685.863,旧土地台帳附属地図,地図に準ずる図面,P-F,,,,,,
46201-3400-212.zip,086-948,,false,603.174,4021.087,1940.105,3897.262,755.002,5641.674,2091.744,5517.087,旧土地台帳附属地図,地図に準ずる図面,P-F,,,,,,
46201-3400-212.zip,086-947,,false,77.251,4159.569,601.889,2918.078,1582.775,4795.079,2106.270,3552.826,旧土地台帳附属地図,地図に準ずる図面,P-F,,,,,,
46201-3400-212.zip,086-949,,false,1027.919,5055.072,2368.089,4972.394,1129.646,6679.278,2469.245,6596.220,旧土地台帳附属地図,地図に準ずる図面,P-F,,,,,,
46201-3400-212.zip,086-963,1000,false,2243.394,5241.851,2467.740,5635.933,1739.393,5528.872,1964.120,5923.208,旧土地台帳附属地図,地図に準ずる図面,P-F,,,,,,
46201-3400-212.zip,086-933,,false,3390.759,2718.490,2053.256,2599.808,3533.635,1097.141,2196.322,979.031,旧土地台帳附属地図,地図に準ずる図面,P-F,,,,,,
46201-3400-213.zip,163-777,1000,false,-182.473,-228.241,217.362,-232.735,-176.996,271.729,222.897,266.789,その他,地図に準ずる図面,P-F,,,,1988,11,
46201-3400-213.zip,163-780,1000,false,-696.001,-230.149,-296.092,-231.231,-694.920,269.846,-294.942,268.384,旧土地台帳附属地図,地図に準ずる図面,P-F,,,,1988,8,
46201-3400-213.zip,163-778,,false,-881.396,-86.071,-880.600,183.639,-1208.409,-85.289,-1207.307,184.609,旧土地台帳附属地図,地図に準ずる図面,P-F,,,,,,
46201-3400-213.zip,163-1,1000,false,-1750.170,-220.260,-1350.159,-220.168,-1750.445,279.832,-1350.366,279.543,その他,地図に準ずる図面,P-F,1991,6,,1991,6,
46201-3400-213.zip,163-3,1000,false,-2310.250,-184.868,-1910.387,-177.775,-2319.169,315.308,-1919.300,321.957,その他,地図に準ずる図面,P-F,,,,1990,9,10
46201-3400-213.zip,163-4,1000,false,-2819.783,-184.526,-2419.851,-186.281,-2817.750,315.674,-2417.753,313.475,その他,地図に準ずる図面,P-F,,,,1990,7,17
46201-3400-213.zip,163-5,1000,false,-258.391,550.348,141.595,549.994,-258.107,1050.601,141.942,1049.802,その他,地図に準ずる図面,P-F,,,,1988,11,
46201-3400-213.zip,163-7,1000,false,-714.522,553.835,-314.517,554.520,-715.472,1054.049,-315.471,1054.226,その他,地図に準ずる図面,P-F,,,,1988,4,
46201-3400-213.zip,163-746,,false,-853.743,652.127,-880.010,920.573,-1179.167,620.124,-1205.257,888.703,旧土地台帳附属地図,地図に準ずる図面,P-F,,,,,,
46201-3400-213.zip,163-784,,false,-1658.586,760.511,-1498.736,543.322,-1395.426,953.928,-1235.638,736.694,旧土地台帳附属地図,地図に準ずる図面,P-F,,,,,,
46201-3400-213.zip,163-742,1000,false,-2131.480,474.743,-1731.552,475.042,-2131.936,975.066,-1732.005,974.984,その他,地図に準ずる図面,P-F,,,,1990,2,
46201-3400-213.zip,163-787,1000,false,-2650.872,494.966,-2277.243,637.657,-2829.376,962.186,-2455.654,1104.640,旧土地台帳附属地図,地図に準ずる図面,P-F,,,,1989,10,
46201-3400-213.zip,163-744,1000,false,112.357,1407.555,117.529,1807.537,-387.637,1413.638,-382.211,1813.684,旧土地台帳附属地図,地図に準ずる図面,P-F,,,,1989,5,1
46201-3400-213.zip,163-790,1000,true,-799.566,1381.667,-399.687,1383.178,-801.054,1881.252,-401.361,1882.443,旧土地台帳附属地図,地図に準ずる図面,P-F,,,,1986,10,21
46201-3400-213.zip,163-789,1000,false,-1317.499,1383.952,-902.659,1388.274,-1323.089,1887.557,-903.672,1888.347,旧土地台帳附属地図,地図に準ずる図面,P-F,,,,1986,3,25
46201-3400-213.zip,163-1-1,500,false,-1642.997,1451.261,-1408.014,1451.072,-1643.891,1736.284,-1408.020,1735.871,旧土地台帳附属地図,地図に準ずる図面,P-F,,,,,,
46201-3400-213.zip,163-838,1000,true,-2139.331,1339.331,-1739.479,1336.617,-2135.577,1838.809,-1735.919,1835.780,旧土地台帳附属地図,地図に準ずる図面,P-F,,,,1987,3,
46201-3400-213.zip,163-936,1000,false,-371.682,2336.191,28.165,2337.313,-372.697,2835.772,27.032,2836.574,旧土地台帳附属地図,地図に準ずる図面,P-F,,,,1987,10,
46201-3400-213.zip,163-975,1000,false,-831.817,2326.025,-431.769,2325.863,-831.779,2826.415,-431.660,2825.809,旧土地台帳附属地図,地図に準ずる図面,P-F,,,,1990,2,
46201-3400-213.zip,163-786-2,1000,false,-1349.705,2289.474,-900.382,2291.327,-1351.686,2833.920,-902.236,2835.520,旧土地台帳附属地図,地図に準ずる図面,P-F,,,,1987,3,
46201-3400-213.zip,163-786,1000,false,-1837.076,2311.132,-1437.663,2309.920,-1841.308,2827.147,-1441.251,2828.982,旧土地台帳附属地図,地図に準ずる図面,P-F,,,,1984,11,20
46201-3400-213.zip,163-982-1,500,false,-2276.234,2666.787,-2288.277,2442.384,-2004.439,2652.062,-2016.577,2427.664,旧土地台帳附属地図,地図に準ずる図面,P-F,,,,,,
46201-3400-213.zip,163-982-2,2500,false,-3779.036,3161.839,-3839.250,2039.821,-2420.064,3088.215,-2480.754,1966.222,旧土地台帳附属地図,地図に準ずる図面,P-F,,,,,,
46201-3400-213.zip,163-984-2,1000,false,-2579.787,1081.323,-2215.970,1249.507,-2802.101,1562.234,-2438.284,1730.418,旧土地台帳附属地図,地図に準ずる図面,P-F,,,,,,
46201-3400-213.zip,163-984-1,1000,false,-2572.140,1307.819,-2208.328,1476.018,-2794.471,1788.718,-2430.659,1956.916,旧土地台帳附属地図,地図に準ずる図面,P-F,,,,,,
46201-3400-214.zip,163-983,1000,false,20.000,19.500,420.000,19.500,20.000,519.500,420.000,519.500,旧土地台帳附属地図,地図に準ずる図面,P-F,,,,,,
46201-3400-214.zip,163-982-3,1000,false,20.000,1019.500,420.000,1019.500,20.000,1519.500,420.000,1519.500,旧土地台帳附属地図,地図に準ずる図面,P-F,,,,,,
46201-3400-214.zip,163-982-2,1000,false,20.000,519.500,420.000,519.500,20.000,1019.500,420.000,1019.500,旧土地台帳附属地図,地図に準ずる図面,P-F,,,,,,
46201-3400-215.zip,163-981,1000,false,20.000,19.500,420.000,19.500,20.000,519.500,420.000,519.500,旧土地台帳附属地図,地図に準ずる図面,P-F,,,,,,
46201-3400-215.zip,163-979-1,1000,false,420.000,19.500,820.000,19.500,420.000,519.500,820.000,519.500,旧土地台帳附属地図,地図に準ずる図面,P-F,,,,,,
46201-3400-215.zip,163-979-2,1000,false,420.000,519.500,820.000,519.500,420.000,1019.500,820.000,1019.500,旧土地台帳附属地図,地図に準ずる図面,P-F,,,,,,
46201-3400-216.zip,085-2320,,true,-262.866,191.092,-174.237,34.529,-54.024,309.258,34.660,152.595,旧土地台帳附属地図,地図に準ずる図面,P-F,,,,1971,6,30
46201-3400-216.zip,085-2321,,true,-94.549,648.014,18.001,788.319,-281.645,798.197,-169.070,938.532,旧土地台帳附属地図,地図に準ずる図面,P-F,,,,1971,6,30
46201-3400-216.zip,085-2323,,true,-256.063,2020.625,-205.017,1848.110,-25.996,2088.661,25.071,1916.072,旧土地台帳附属地図,地図に準ずる図面,P-F,,,,1971,6,30
46201-3400-216.zip,085-2324,,true,-257.498,2616.458,-200.821,2445.710,-29.822,2691.991,26.902,2521.218,旧土地台帳附属地図,地図に準ずる図面,P-F,,,,1971,6,30
46201-3400-216.zip,085-2325,,true,-738.489,309.722,-877.693,195.752,-586.504,124.087,-725.767,10.068,旧土地台帳附属地図,地図に準ずる図面,P-F,,,,1971,6,30
46201-3400-216.zip,085-2326,,true,-862.770,761.202,-741.513,628.296,-685.472,922.891,-564.192,789.903,旧土地台帳附属地図,地図に準ずる図面,P-F,,,,,,
46201-3400-216.zip,085-2327,,true,-700.141,1506.572,-866.078,1437.058,-607.473,1285.233,-773.495,1215.725,旧土地台帳附属地図,地図に準ずる図面,P-F,,,,1971,6,30
46201-3400-216.zip,085-2328-1,,true,-599.610,1966.748,-697.631,2117.745,-800.850,1836.126,-898.787,1987.132,旧土地台帳附属地図,地図に準ずる図面,P-F,,,,1971,6,30
46201-3400-216.zip,085-2328-2,,true,-825.150,2476.899,-646.959,2451.822,-791.808,2714.449,-613.574,2689.404,旧土地台帳附属地図,地図に準ずる図面,P-F,,,,,,
46201-3400-216.zip,085-2329,,true,-1228.313,256.109,-1401.517,305.185,-1293.742,25.326,-1466.899,74.428,旧土地台帳附属地図,地図に準ずる図面,P-F,,,,,,
46201-3400-216.zip,085-2330,,true,-1427.938,679.542,-1250.483,649.471,-1387.760,916.109,-1210.318,885.962,旧土地台帳附属地図,地図に準ずる図面,P-F,,,,,,
46201-3400-216.zip,085-2331,,true,-1427.902,1279.542,-1250.448,1249.465,-1387.759,1516.076,-1210.312,1485.961,旧土地台帳附属地図,地図に準ずる図面,P-F,,,,,,
46201-3400-216.zip,085-2332,,true,-1426.527,1878.167,-1248.660,1850.637,-1389.829,2115.260,-1211.962,2087.730,旧土地台帳附属地図,地図に準ずる図面,P-F,,,,,,
46201-3400-216.zip,085-2333,,true,-1427.244,2478.875,-1249.583,2450.044,-1388.800,2715.691,-1211.108,2686.816,旧土地台帳附属地図,地図に準ずる図面,P-F,,,,,,
46201-3400-216.zip,085-2334,,true,-1855.500,281.972,-2035.520,280.876,-1854.089,42.060,-2034.071,41.040,旧土地台帳附属地図,地図に準ずる図面,P-F,,,,,,
46201-3400-216.zip,085-2335,,true,-2053.215,715.613,-1895.241,629.364,-1938.266,926.155,-1780.292,839.906,旧土地台帳附属地図,地図に準ずる図面,P-F,,,,,,
46201-3400-216.zip,085-2336,,true,-2010.606,1264.801,-1830.622,1265.264,-2011.223,1504.679,-1831.239,1505.142,旧土地台帳附属地図,地図に準ずる図面,P-F,,,,,,
46201-3400-216.zip,085-2337,,true,-2060.814,2011.117,-2001.383,1841.228,-1834.390,2090.325,-1774.959,1920.436,旧土地台帳附属地図,地図に準ずる図面,P-F,,,,,,
46201-3400-216.zip,085-2338,,true,-2058.160,2527.257,-1909.059,2426.442,-1923.734,2725.977,-1774.655,2625.131,旧土地台帳附属地図,地図に準ずる図面,P-F,,,,,,
46201-3400-216.zip,085-2339,,true,-2631.493,263.148,-2652.089,84.308,-2393.158,235.650,-2413.787,56.851,旧土地台帳附属地図,地図に準ずる図面,P-F,,,,,,
46201-3400-216.zip,085-2340,,true,-2583.033,896.863,-2678.828,744.488,-2379.960,769.181,-2475.775,616.774,旧土地台帳附属地図,地図に準ずる図面,P-F,,,,,,
46201-3400-216.zip,085-2322,,true,-128.647,1198.318,61.278,1344.897,-311.910,1435.775,-121.985,1582.354,旧土地台帳附属地図,地図に準ずる図面,P-F,,,,1971,6,30
46201-3400-217.zip,689-2,1200,false,201.357,-335.144,385.509,173.246,-412.932,-111.535,-229.202,396.360,その他,地図に準ずる図面,P-F,,,,1971,2,1
46201-3400-218.zip,084-2211,,true,-238.561,254.408,-238.294,74.500,1.393,254.675,1.622,74.766,旧土地台帳附属地図,地図に準ずる図面,P-F,,,,,,
46201-3400-218.zip,084-2212,,true,-256.064,820.708,-205.109,648.166,-25.909,888.584,25.018,715.995,旧土地台帳附属地図,地図に準ずる図面,P-F,,,,,,
46201-3400-218.zip,084-2213,,true,-211.336,1270.600,-31.426,1265.394,-204.269,1510.450,-24.398,1505.208,旧土地台帳附属地図,地図に準ずる図面,P-F,,,,,,
46201-3400-218.zip,084-2214,,true,-207.138,1867.593,-27.199,1869.228,-209.230,2107.538,-29.290,2109.135,旧土地台帳附属地図,地図に準ずる図面,P-F,,,,,,
46201-3400-218.zip,084-2215,,true,-240.628,2651.344,-235.353,2471.512,-0.775,2658.328,4.464,2478.420,旧土地台帳附属地図,地図に準ずる図面,P-F,,,,,,
46201-3400-218.zip,084-2216,,true,-618.807,103.071,-626.221,282.865,-858.562,93.312,-865.938,273.107,旧土地台帳附属地図,地図に準ずる図面,P-F,,,,,,
46201-3400-218.zip,084-2217,,true,-809.053,668.974,-629.113,667.423,-806.858,908.918,-626.918,907.329,旧土地台帳附属地図,地図に準ずる図面,P-F,,,,,,
46201-3400-218.zip,084-2218,,true,-811.335,1270.596,-631.463,1265.397,-804.314,1510.447,-624.405,1505.210,旧土地台帳附属地図,地図に準ずる図面,P-F,,,,,,
46201-3400-218.zip,084-2219,,true,-619.434,1902.182,-625.414,2082.030,-859.221,1894.299,-865.202,2074.184,旧土地台帳附属地図,地図に準ずる図面,P-F,,,,,,
46201-3400-218.zip,084-2220,,true,-812.547,2471.564,-632.787,2464.235,-802.684,2711.315,-622.926,2703.949,旧土地台帳附属地図,地図に準ずる図面,P-F,,,,,,
46201-3400-218.zip,084-2221,,true,-1412.894,71.837,-1233.160,63.914,-1402.237,311.555,-1222.467,303.592,旧土地台帳附属地図,地図に準ずる図面,P-F,,,,,,
46201-3400-218.zip,084-2222,,true,-1400.409,663.090,-1220.944,675.718,-1417.163,902.458,-1237.658,915.052,旧土地台帳附属地図,地図に準ずる図面,P-F,,,,,,
46201-3400-218.zip,084-2223,,true,-1437.601,1455.781,-1439.623,1275.884,-1197.662,1452.995,-1199.685,1273.021,旧土地台帳附属地図,地図に準ずる図面,P-F,,,,,,
46201-3400-218.zip,084-2224,,true,-1454.751,1928.682,-1304.215,1830.163,-1323.296,2129.380,-1172.707,2030.871,旧土地台帳附属地図,地図に準ずる図面,P-F,,,,,,
46201-3400-218.zip,084-2225,,true,-2065.510,-57.812,-1887.826,-86.024,-2027.795,179.158,-1850.080,150.903,旧土地台帳附属地図,地図に準ずる図面,P-F,,,,,,
46201-3400-218.zip,084-2226,,true,-2022.795,80.476,-1844.744,54.959,-1988.617,317.983,-1810.496,292.418,旧土地台帳附属地図,地図に準ずる図面,P-F,,,,,,
46201-3400-218.zip,084-2227,,true,-1852.745,885.333,-2032.689,884.352,-1851.614,645.343,-2031.559,644.476,旧土地台帳附属地図,地図に準ずる図面,P-F,,,,,,
46201-3400-218.zip,084-2228,,true,-2010.546,1270.025,-1830.680,1266.098,-2005.219,1509.959,-1825.316,1505.954,旧土地台帳附属地図,地図に準ずる図面,P-F,,,,,,
46201-3400-218.zip,084-2229,,true,-2016.635,1874.912,-1837.266,1860.499,-1997.343,2114.051,-1820.882,2099.608,旧土地台帳附属地図,地図に準ずる図面,P-F,,,,,,
46201-3400-218.zip,084-2230,,true,-2012.425,2471.477,-1832.618,2464.380,-2002.925,2711.205,-1823.082,2704.068,旧土地台帳附属地図,地図に準ずる図面,P-F,,,,,,
46201-3400-218.zip,084-2231,,true,-2644.517,108.044,-2479.321,36.787,-2549.397,328.339,-2384.181,257.033,旧土地台帳附属地図,地図に準ずる図面,P-F,,,,,,
46201-3400-218.zip,084-2232,,true,-2613.856,672.575,-2434.159,663.099,-2601.081,912.189,-2421.349,902.635,旧土地台帳附属地図,地図に準ずる図面,P-F,,,,,,
46201-3400-218.zip,084-2233,,true,-2637.124,1456.458,-2640.222,1276.538,-2397.207,1452.199,-2400.343,1272.280,旧土地台帳附属地図,地図に準ずる図面,P-F,,,,,,
46201-3400-218.zip,084-2234,,true,-2599.775,1862.734,-2420.381,1876.327,-2617.864,2101.967,-2438.432,2115.563,旧土地台帳附属地図,地図に準ずる図面,P-F,,,,,,
46201-3400-218.zip,084-2235,,true,-2611.459,2470.722,-2431.632,2465.288,-2604.071,2710.563,-2424.209,2705.051,旧土地台帳附属地図,地図に準ずる図面,P-F,,,,,,
46201-3400-218.zip,084-2236,,true,-3210.777,70.171,-3030.881,65.918,-3205.017,310.057,-3025.083,305.764,旧土地台帳附属地図,地図に準ずる図面,P-F,,,,,,
46201-3400-218.zip,084-2237,,true,-3208.077,668.182,-3028.130,668.449,-3208.305,908.136,-3028.358,908.365,旧土地台帳附属地図,地図に準ずる図面,P-F,,,,,,
46201-3400-218.zip,084-2238,,true,-3211.211,1270.446,-3031.329,1265.624,-3204.643,1510.310,-3024.762,1505.413,旧土地台帳附属地図,地図に準ずる図面,P-F,,,,,,
46201-3400-218.zip,084-2239,,true,-3053.754,2086.026,-3233.680,2083.288,-3050.192,1846.098,-3230.157,1843.398,旧土地台帳附属地図,地図に準ずる図面,P-F,,,,,,
46201-3400-218.zip,084-2240,,true,-3239.588,2653.059,-3237.061,2473.130,-2999.656,2656.340,-2997.129,2476.373,旧土地台帳附属地図,地図に準ずる図面,P-F,,,,,,
46201-3400-218.zip,084-2241,,true,-3651.287,284.141,-3831.189,285.682,-3653.432,44.234,-3833.372,45.776,旧土地台帳附属地図,地図に準ずる図面,P-F,,,,,,
46201-3400-218.zip,084-2242,,true,-3648.560,882.186,-3828.369,888.197,-3656.628,642.368,-3836.473,648.418,旧土地台帳附属地図,地図に準ずる図面,P-F,,,,,,
46201-3400-218.zip,084-2243,,true,-3805.762,1266.555,-3625.861,1270.636,-3811.076,1506.451,-3631.174,1510.493,旧土地台帳附属地図,地図に準ずる図面,P-F,,,,,,
46201-3400-218.zip,084-2244,,true,-3806.609,1867.257,-3626.717,1869.726,-3809.863,2107.151,-3629.933,2109.620,旧土地台帳附属地図,地図に準ずる図面,P-F,,,,,,
46201-3400-218.zip,084-2245,,true,-3625.248,2494.071,-3617.641,2673.819,-3864.984,2504.306,-3857.374,2684.130,旧土地台帳附属地図,地図に準ずる図面,P-F,,,,,,
46201-3400-218.zip,084-2246,,true,-4224.650,94.836,-4218.350,274.635,-4464.454,103.328,-4458.115,283.163,旧土地台帳附属地図,地図に準ずる図面,P-F,,,,,,
46201-3400-218.zip,084-2247,,true,-4432.451,862.235,-4445.612,682.809,-4193.219,844.650,-4206.344,665.182,旧土地台帳附属地図,地図に準ずる図面,P-F,,,,,,
46201-3400-218.zip,084-2248,,true,-4440.585,1451.566,-4435.644,1271.725,-4200.719,1458.067,-4195.815,1278.187,旧土地台帳附属地図,地図に準ずる図面,P-F,,,,,,
46201-3400-218.zip,084-2249,,true,-4407.769,1867.988,-4227.862,1868.704,-4408.635,2107.903,-4228.690,2108.619,旧土地台帳附属地図,地図に準ずる図面,P-F,,,,,,
46201-3400-218.zip,084-2250,,true,-4255.990,2687.476,-4435.792,2681.274,-4247.809,2447.699,-4427.650,2441.534,旧土地台帳附属地図,地図に準ずる図面,P-F,,,,,,
46201-3400-218.zip,084-2251,,true,-5006.664,67.127,-4826.776,69.855,-5010.214,307.055,-4830.249,309.746,旧土地台帳附属地図,地図に準ずる図面,P-F,,,,,,
46201-3400-218.zip,084-2252,,true,-4822.492,697.808,-4821.244,877.713,-5062.401,699.612,-5061.115,879.554,旧土地台帳附属地図,地図に準ずる図面,P-F,,,,,,
46201-3400-218.zip,084-2253,,true,-5006.370,1267.001,-4826.449,1270.025,-5010.314,1506.923,-4830.392,1509.909,旧土地台帳附属地図,地図に準ずる図面,P-F,,,,,,
46201-3400-218.zip,084-2254,,true,-5008.077,1868.182,-4828.092,1868.449,-5008.305,2108.136,-4828.358,2108.403,旧土地台帳附属地図,地図に準ずる図面,P-F,,,,,,
46201-3400-218.zip,084-2255,,true,-5015.199,2467.585,-4835.222,2465.810,-5012.808,2707.490,-4832.831,2705.754,旧土地台帳附属地図,地図に準ずる図面,P-F,,,,,,
46201-3400-219.zip,084-2260,,true,-15.792,117.347,-47.516,294.554,-252.012,75.173,-283.692,252.349,旧土地台帳附属地図,地図に準ずる図面,P-F,,,,,,
46201-3400-219.zip,084-2261,,true,-31.695,692.018,-23.157,871.840,-271.379,703.423,-262.843,883.207,旧土地台帳附属地図,地図に準ずる図面,P-F,,,,,,
46201-3400-219.zip,084-2262,,true,-61.003,1485.382,-240.965,1480.644,-54.714,1245.547,-234.675,1240.809,旧土地台帳附属地図,地図に準ずる図面,P-F,,,,,,
46201-3400-219.zip,084-2263,,true,-26.179,1899.477,-30.148,2079.457,-266.038,1894.200,-270.045,2074.141,旧土地台帳附属地図,地図に準ずる図面,P-F,,,,,,
46201-3400-219.zip,084-2264,,true,-216.804,2468.795,-36.834,2464.380,-210.856,2708.639,-30.925,2704.225,旧土地台帳附属地図,地図に準ずる図面,P-F,,,,,,
46201-3400-219.zip,084-2265A,,true,-839.351,68.329,-659.329,67.438,-838.101,308.242,-658.117,307.352,旧土地台帳附属地図,地図に準ずる図面,和-洋紙,,,,,,
46201-3400-219.zip,084-2265B,,true,-837.937,138.206,-658.797,120.387,-814.127,376.937,-635.025,359.123,旧土地台帳附属地図,地図に準ずる図面,和-洋紙,,,,,,
46201-3400-219.zip,084-2266,,true,-644.467,1472.075,-822.865,1495.926,-676.289,1234.239,-854.687,1258.089,旧土地台帳附属地図,地図に準ずる図面,P-F,,,,,,
46201-3400-219.zip,084-2267,,true,-616.121,2033.437,-774.589,2118.778,-729.901,1822.215,-888.369,1907.556,旧土地台帳附属地図,地図に準ずる図面,P-F,,,,,,
46201-3400-219.zip,084-2268,,true,-653.606,2680.024,-833.473,2687.555,-663.758,2440.284,-843.584,2447.851,旧土地台帳附属地図,地図に準ずる図面,P-F,,,,,,
46201-3400-219.zip,084-2269,,true,-1420.114,71.391,-1240.372,61.305,-1406.610,310.928,-1226.907,300.845,旧土地台帳附属地図,地図に準ずる図面,P-F,,,,,,
46201-3400-219.zip,084-2270,,true,-1260.316,884.910,-1440.265,881.297,-1255.525,645.002,-1435.474,641.389,旧土地台帳附属地図,地図に準ずる図面,P-F,,,,,,
46201-3400-219.zip,084-2271,,true,-1228.370,1296.372,-1227.184,1476.354,-1468.320,1297.979,-1467.134,1477.961,旧土地台帳附属地図,地図に準ずる図面,P-F,,,,,,
46201-3400-219.zip,084-2272,,true,-1446.128,2050.678,-1442.054,1870.700,-1206.270,2056.044,-1202.197,1876.105,旧土地台帳附属地図,地図に準ずる図面,P-F,,,,,,
46201-3400-219.zip,084-2273,,true,-1226.893,2498.398,-1229.127,2678.408,-1466.831,2495.483,-1469.065,2675.455,旧土地台帳附属地図,地図に準ずる図面,P-F,,,,,,
46201-3400-219.zip,084-2274,,true,-2044.686,252.703,-2044.000,72.718,-1804.770,253.541,-1804.084,73.556,旧土地台帳附属地図,地図に準ずる図面,P-F,,,,,,
46201-3400-219.zip,084-2275,,true,-2013.781,666.569,-1833.759,667.216,-2014.582,906.485,-1834.597,907.132,旧土地台帳附属地図,地図に準ずる図面,P-F,,,,,,
46201-3400-219.zip,084-2276,,true,-2012.908,1265.937,-1832.934,1267.969,-2015.592,1505.878,-1835.618,1507.910,旧土地台帳附属地図,地図に準ずる図面,P-F,,,,,,
46201-3400-219.zip,084-2277,,true,-2010.142,1864.052,-1830.238,1870.629,-2018.894,2103.810,-1839.029,2110.423,旧土地台帳附属地図,地図に準ずる図面,P-F,,,,,,
46201-3400-219.zip,084-2278,,true,-2014.076,2466.770,-1834.090,2466.907,-2014.182,2706.726,-1834.196,2706.824,旧土地台帳附属地図,地図に準ずる図面,P-F,,,,,,
46201-3400-219.zip,084-2279,,true,-2521.837,42.385,-2387.905,162.681,-2682.133,220.946,-2548.204,341.188,旧土地台帳附属地図,地図に準ずる図面,P-F,,,,,,
46201-3400-219.zip,084-2280,,true,-2610.423,664.268,-2430.540,670.367,-2618.526,904.010,-2438.645,910.147,旧土地台帳附属地図,地図に準ずる図面,P-F,,,,,,
46201-3400-219.zip,084-2281,,true,-2612.893,1265.929,-2432.919,1268.023,-2615.609,1505.870,-2435.635,1507.926,旧土地台帳附属地図,地図に準ずる図面,P-F,,,,,,
46201-3400-219.zip,084-2282,,true,-2612.541,1865.717,-2432.574,1868.355,-2616.032,2105.610,-2436.065,2108.248,旧土地台帳附属地図,地図に準ずる図面,P-F,,,,,,
46201-3400-219.zip,084-2283,,true,-2646.495,2650.149,-2641.589,2470.192,-2406.627,2656.625,-2401.722,2476.706,旧土地台帳附属地図,地図に準ずる図面,P-F,,,,,,
46201-3400-219.zip,084-2284,,true,-3213.974,66.704,-3033.950,66.994,-3214.348,306.583,-3034.362,306.949,旧土地台帳附属地図,地図に準ずる図面,P-F,,,,,,
46201-3400-219.zip,084-2285,,true,-3230.106,869.906,-3259.694,692.330,-2993.432,830.355,-3023.052,652.823,旧土地台帳附属地図,地図に準ずる図面,P-F,,,,,,
46201-3400-219.zip,084-2286,,true,-3031.656,1292.030,-3023.160,1471.892,-3271.306,1303.363,-3262.813,1483.149,旧土地台帳附属地図,地図に準ずる図面,P-F,,,,,,
46201-3400-219.zip,084-2287,,true,-3059.581,2084.425,-3239.588,2081.959,-3056.358,1844.491,-3236.327,1842.026,旧土地台帳附属地図,地図に準ずる図面,P-F,,,,,,
46201-3400-219.zip,084-2288,,true,-3161.368,2444.052,-2998.083,2519.769,-3262.243,2661.774,-3098.942,2737.456,旧土地台帳附属地図,地図に準ずる図面,P-F,,,,,,
46201-3400-219.zip,084-2289,,true,-3664.766,287.901,-3844.494,276.937,-3650.272,48.422,-3829.924,37.462,旧土地台帳附属地図,地図に準ずる図面,P-F,,,,,,
46201-3400-22.zip,122-78,500,false,-187.301,9621.282,-110.580,9408.334,66.630,9714.065,143.961,9501.205,旧土地台帳附属地図,地図に準ずる図面,P-F,,,,1973,3,5
46201-3400-22.zip,122-79,500,false,-198.511,10241.100,-81.155,10047.740,32.037,10381.506,149.643,10188.224,旧土地台帳附属地図,地図に準ずる図面,P-F,,,,1973,3,5
46201-3400-22.zip,122-80,500,false,-192.258,10821.374,-40.903,10653.455,7.362,11003.035,159.496,10835.440,旧土地台帳附属地図,地図に準ずる図面,P-F,,,,1973,3,5
46201-3400-220.zip,084-2290,,true,-247.112,249.239,-240.719,69.367,-7.305,257.686,-0.950,77.812,旧土地台帳附属地図,地図に準ずる図面,P-F,,,,,,
46201-3400-220.zip,084-2291,,true,-214.302,666.940,-34.240,666.685,-213.950,906.819,-33.964,906.641,旧土地台帳附属地図,地図に準ずる図面,P-F,,,,,,
46201-3400-220.zip,084-2292,,true,-216.524,1268.608,-36.583,1264.567,-211.163,1508.466,-31.222,1504.463,旧土地台帳附属地図,地図に準ずる図面,P-F,,,,,,
46201-3400-220.zip,084-2293,,true,-247.252,2049.015,-240.471,1869.118,-7.503,2057.989,-0.723,1878.130,旧土地台帳附属地図,地図に準ずる図面,P-F,,,,,,
46201-3400-220.zip,084-2294,,true,-215.340,2467.691,-35.365,2465.719,-212.635,2707.632,-32.660,2705.622,旧土地台帳附属地図,地図に準ずる図面,P-F,,,,,,
46201-3400-220.zip,084-2295,,true,-815.187,67.552,-635.171,65.896,-812.865,307.497,-632.888,305.765,旧土地台帳附属地図,地図に準ずる図面,P-F,,,,,,
46201-3400-220.zip,084-2296,,true,-814.814,667.313,-634.794,666.203,-813.322,907.226,-633.340,906.154,旧土地台帳附属地図,地図に準ずる図面,P-F,,,,,,
46201-3400-220.zip,084-2297,,true,-628.959,1295.567,-626.432,1475.536,-868.890,1299.013,-866.286,1478.980,旧土地台帳附属地図,地図に準ずる図面,P-F,,,,,,
46201-3400-220.zip,084-2298,,true,-627.391,1897.734,-628.462,2077.755,-867.304,1896.280,-868.414,2076.262,旧土地台帳附属地図,地図に準ずる図面,P-F,,,,,,
46201-3400-220.zip,084-2299,,true,-624.167,2502.521,-633.018,2682.289,-863.796,2490.748,-872.609,2670.518,旧土地台帳附属地図,地図に準ずる図面,P-F,,,,,,
46201-3400-220.zip,084-2300,,true,-1414.761,67.276,-1234.740,66.293,-1413.388,307.190,-1233.443,306.169,旧土地台帳附属地図,地図に準ずる図面,P-F,,,,,,
46201-3400-220.zip,084-2301,,true,-1340.605,641.690,-1191.144,741.973,-1474.216,841.052,-1324.713,941.271,旧土地台帳附属地図,地図に準ずる図面,P-F,,,,,,
46201-3400-220.zip,084-2302,,true,-1234.811,1288.169,-1219.613,1467.550,-1473.901,1308.527,-1458.710,1487.832,旧土地台帳附属地図,地図に準ずる図面,P-F,,,,,,
46201-3400-220.zip,084-2303,,true,-1253.194,1870.516,-1204.215,2043.749,-1484.031,1935.900,-1435.062,2109.096,旧土地台帳附属地図,地図に準ずる図面,P-F,,,,,,
46201-3400-220.zip,084-2304,,true,-1413.083,2466.037,-1233.069,2467.878,-1415.424,2705.981,-1235.447,2707.784,旧土地台帳附属地図,地図に準ずる図面,P-F,,,,,,
46201-3400-220.zip,084-2305,,true,-1862.283,286.208,-2042.141,279.427,-1853.219,46.461,-2033.076,39.643,旧土地台帳附属地図,地図に準ずる図面,P-F,,,,,,
46201-3400-220.zip,084-2306,,true,-2014.918,667.418,-1834.937,666.112,-2013.153,907.329,-1833.172,905.985,旧土地台帳附属地図,地図に準ずる図面,P-F,,,,,,
46201-3400-220.zip,084-2307,,true,-1809.163,1416.305,-1954.415,1522.721,-1951.003,1222.806,-2096.194,1329.177,旧土地台帳附属地図,地図に準ずる図面,P-F,,,,,,
46201-3400-220.zip,084-2308,,true,-2042.799,2055.356,-2046.459,1875.369,-1802.896,2050.364,-1806.592,1870.416,旧土地台帳附属地図,地図に準ずる図面,P-F,,,,,,
46201-3400-220.zip,084-2309,,true,-2009.622,2469.344,-1829.690,2466.994,-2006.413,2709.239,-1826.481,2706.889,旧土地台帳附属地図,地図に準ずる図面,P-F,,,,,,
46201-3400-220.zip,084-2310,,true,-2608.417,68.427,-2428.470,68.128,-2607.891,308.343,-2427.944,308.044,旧土地台帳附属地図,地図に準ずる図面,P-F,,,,,,
46201-3400-220.zip,084-2311,,true,-2451.960,884.705,-2631.869,885.086,-2452.608,644.751,-2632.555,645.208,旧土地台帳附属地図,地図に準ずる図面,P-F,,,,,,
46201-3400-220.zip,084-2312,,true,-2452.160,1484.868,-2632.068,1484.829,-2452.196,1244.914,-2632.143,1244.913,旧土地台帳附属地図,地図に準ずる図面,P-F,,,,,,
46201-3400-220.zip,084-2313,,true,-2450.018,2083.265,-2629.929,2086.874,-2454.920,1843.360,-2634.831,1846.970,旧土地台帳附属地図,地図に準ずる図面,P-F,,,,,,
46201-3400-220.zip,084-2314,,true,-2397.109,2566.239,-2490.584,2719.914,-2602.143,2441.583,-2695.625,2595.342,旧土地台帳附属地図,地図に準ずる図面,P-F,,,,,,
46201-3400-220.zip,084-2315,,true,-3024.954,94.508,-3018.156,274.326,-3264.695,103.660,-3257.897,283.479,旧土地台帳附属地図,地図に準ずる図面,P-F,,,,,,
46201-3400-220.zip,084-2316,,true,-3020.394,700.719,-3023.984,880.630,-3260.303,696.059,-3263.856,876.008,旧土地台帳附属地図,地図に準ずる図面,P-F,,,,,,
46201-3400-220.zip,084-2317,,true,-3209.833,1269.407,-3029.942,1266.872,-3206.364,1509.336,-3026.397,1506.763,旧土地台帳附属地図,地図に準ずる図面,P-F,,,,,,
46201-3400-220.zip,084-2318,,true,-3209.832,2049.594,-3032.281,2078.625,-3248.459,2286.380,-3070.864,2315.380,旧土地台帳附属地図,地図に準ずる図面,P-F,,,,,,
46201-3400-220.zip,084-2319,,true,-3212.300,1925.666,-3034.463,1952.892,-3248.524,2162.870,-3070.607,2190.069,旧土地台帳附属地図,地図に準ずる図面,P-F,,,,,,
46201-3400-222.zip,140-206,1000,false,32440.331,19868.484,32884.509,19797.299,32525.565,20400.322,32969.743,20329.137,旧土地台帳附属地図,地図に準ずる図面,P-F,,,,,,
46201-3400-222.zip,140-204,1000,false,33777.644,21575.948,33593.800,21165.456,34269.332,21355.739,34085.488,20945.247,旧土地台帳附属地図,地図に準ずる図面,P-F,,,,,,
46201-3400-222.zip,140-207-1,1000,false,32688.348,21136.962,33108.515,21296.905,32497.003,21639.625,32917.170,21799.567,旧土地台帳附属地図,地図に準ずる図面,P-F,,,,,,
46201-3400-222.zip,068-201,600,false,34649.440,20863.369,34913.666,20807.946,34716.618,21183.639,34980.844,21128.216,旧土地台帳附属地図,地図に準ずる図面,P-F,,,,1969,12,10
46201-3400-222.zip,068-200,600,false,34626.722,20514.248,34646.058,20244.999,34953.163,20537.691,34972.499,20268.442,旧土地台帳附属地図,地図に準ずる図面,P-F,,,,1969,12,10
46201-3400-222.zip,068-199,600,false,34637.958,19889.941,34651.775,19620.393,34964.618,19906.685,34978.435,19637.137,旧土地台帳附属地図,地図に準ずる図面,P-F,,,,1969,12,10
46201-3400-222.zip,068-198,600,false,34650.585,19347.402,34653.642,19077.481,34977.614,19351.106,34980.671,19081.185,旧土地台帳附属地図,地図に準ずる図面,P-F,,,,1969,12,10
46201-3400-222.zip,151-197,600,false,34661.583,18791.354,34603.328,18527.731,34980.863,18720.800,34922.608,18457.177,旧土地台帳附属地図,地図に準ずる図面,P-F,,,,1969,12,10
46201-3400-222.zip,068-202,1000,false,33631.951,19152.620,33581.805,18706.284,34166.943,19092.514,34116.797,18646.178,旧土地台帳附属地図,地図に準ずる図面,P-F,,,,,,
46201-3400-222.zip,068-203,1000,false,33591.628,19945.127,33995.172,19745.627,33830.356,20428.019,34233.900,20228.519,旧土地台帳附属地図,地図に準ずる図面,P-F,,,,,,
46201-3400-222.zip,140-207-2,1000,false,32594.954,20941.993,33015.121,21101.935,32403.609,21444.656,32823.776,21604.598,旧土地台帳附属地図,地図に準ずる図面,P-F,,,,,,
46201-3400-223.zip,068-860,,true,255.321,362.324,424.486,572.332,0.851,567.150,170.244,777.310,旧土地台帳附属地図,地図に準ずる図面,P-F,,,,,,
46201-3400-223.zip,068-862,,true,139.250,647.836,4.110,414.511,421.991,484.082,286.545,250.681,旧土地台帳附属地図,地図に準ずる図面,P-F,,,,,,
46201-3400-223.zip,068-864,,true,217.050,501.279,404.083,307.006,452.584,727.669,639.503,533.283,旧土地台帳附属地図,地図に準ずる図面,P-F,,,,,,
46201-3400-223.zip,068-865,,true,357.389,551.621,583.589,404.859,535.126,825.713,761.478,678.646,旧土地台帳附属地図,地図に準ずる図面,P-F,,,,,,
46201-3400-223.zip,068-866,,true,471.457,452.138,739.034,418.305,512.643,776.179,780.105,742.270,旧土地台帳附属地図,地図に準ずる図面,P-F,,,,,,
46201-3400-223.zip,068-867,,true,890.609,685.394,624.442,642.074,943.149,362.991,676.791,319.748,旧土地台帳附属地図,地図に準ずる図面,P-F,,,,,,
46201-3400-223.zip,068-868,,true,766.910,192.824,955.010,385.991,533.014,420.815,721.152,613.944,旧土地台帳附属地図,地図に準ずる図面,P-F,,,,,,
46201-3400-223.zip,068-869,,true,715.668,459.779,973.110,379.693,812.671,771.781,1070.304,691.390,旧土地台帳附属地図,地図に準ずる図面,P-F,,,,,,
46201-3400-223.zip,068-870,,true,707.498,367.904,884.206,164.259,954.348,581.874,1130.980,378.076,旧土地台帳附属地図,地図に準ずる図面,P-F,,,,,,
46201-3400-223.zip,068-871,,true,1029.781,93.891,1266.459,222.974,873.228,380.594,1110.211,509.753,旧土地台帳附属地図,地図に準ずる図面,P-F,,,,,,
46201-3400-223.zip,068-872,,true,1436.015,273.809,1281.100,494.598,1168.552,86.356,1013.752,307.070,旧土地台帳附属地図,地図に準ずる図面,P-F,,,,,,
46201-3400-223.zip,068-873,,true,1209.054,262.825,1457.391,157.897,1336.232,563.815,1584.721,458.545,旧土地台帳附属地図,地図に準ずる図面,P-F,,,,,,
46201-3400-223.zip,068-874,,true,1739.140,245.226,1535.761,422.315,1524.484,-0.938,1321.220,176.113,旧土地台帳附属地図,地図に準ずる図面,P-F,,,,,,
46201-3400-223.zip,068-875,,true,1678.945,77.948,1879.008,258.695,1459.831,320.227,1660.161,501.088,旧土地台帳附属地図,地図に準ずる図面,P-F,,,,,,
46201-3400-223.zip,068-876,,true,1765.225,170.574,1974.623,340.424,1559.599,424.358,1769.035,594.170,旧土地台帳附属地図,地図に準ずる図面,P-F,,,,,,
46201-3400-223.zip,068-877,,true,1681.873,311.757,1894.929,476.997,1481.581,569.771,1694.865,735.125,旧土地台帳附属地図,地図に準ずる図面,P-F,,,,,,
46201-3400-223.zip,068-878,,true,1545.718,241.376,1782.548,370.269,1389.698,528.308,1626.528,657.163,旧土地台帳附属地図,地図に準ずる図面,P-F,,,,,,
46201-3400-223.zip,068-879,,true,1593.955,355.045,1631.712,622.012,1270.486,400.688,1308.433,667.922,旧土地台帳附属地図,地図に準ずる図面,P-F,,,,,,
46201-3400-223.zip,068-880,,true,1430.061,387.464,1430.442,657.174,1103.353,388.188,1103.887,657.860,旧土地台帳附属地図,地図に準ずる図面,P-F,,,,,,
46201-3400-223.zip,068-881,,true,1380.697,698.563,1154.535,845.477,1202.922,424.585,976.608,571.575,旧土地台帳附属地図,地図に準ずる図面,P-F,,,,,,
46201-3400-223.zip,068-882,,true,632.409,895.308,646.963,625.902,958.584,912.720,973.062,643.352,旧土地台帳附属地図,地図に準ずる図面,P-F,,,,,,
46201-3400-223.zip,068-883,,true,789.573,861.363,535.902,952.842,678.892,554.048,425.031,645.641,旧土地台帳附属地図,地図に準ずる図面,P-F,,,,,,
46201-3400-223.zip,068-884,,true,499.882,640.226,633.422,874.503,216.188,802.075,349.767,1036.352,旧土地台帳附属地図,地図に準ずる図面,P-F,,,,,,
46201-3400-223.zip,068-885,,true,642.718,1083.617,406.345,1213.385,485.632,797.256,249.106,927.140,旧土地台帳附属地図,地図に準ずる図面,P-F,,,,,,
46201-3400-223.zip,068-885-2,,true,589.903,1079.034,632.842,1345.277,267.462,1131.269,310.515,1397.512,旧土地台帳附属地図,地図に準ずる図面,P-F,,,,,,
46201-3400-223.zip,068-886,,true,505.356,1080.449,329.867,1285.160,257.400,867.774,81.873,1072.676,旧土地台帳附属地図,地図に準ずる図面,P-F,,,,,,
46201-3400-224.zip,068-887,,true,892.912,1244.593,728.288,1031.010,1151.643,1045.234,986.828,831.588,旧土地台帳附属地図,地図に準ずる図面,P-F,,,,,,
46201-3400-224.zip,068-887-2,,true,602.384,939.357,871.942,946.945,593.431,1265.906,862.957,1273.336,旧土地台帳附属地図,地図に準ずる図面,P-F,,,,,,
46201-3400-224.zip,068-888,,true,1168.035,1199.493,909.526,1122.817,1260.968,886.247,1002.205,809.729,旧土地台帳附属地図,地図に準ずる図面,P-F,,,,,,
46201-3400-224.zip,068-889,,true,891.760,1106.591,1161.318,1098.653,901.602,1433.077,1171.129,1425.076,旧土地台帳附属地図,地図に準ずる図面,P-F,,,,,,
46201-3400-224.zip,068-890,,true,893.126,1411.639,623.473,1416.242,887.633,1084.994,617.758,1089.756,旧土地台帳附属地図,地図に準ずる図面,P-F,,,,,,
46201-3400-224.zip,068-891,,true,757.931,1065.911,1020.917,1125.601,685.477,1384.333,948.653,1444.086,旧土地台帳附属地図,地図に準ずる図面,P-F,,,,,,
46201-3400-224.zip,068-892,,true,826.522,1305.189,557.091,1316.206,813.028,978.830,543.629,989.911,旧土地台帳附属地図,地図に準ずる図面,P-F,,,,,,
46201-3400-224.zip,068-893,,true,741.435,1523.729,472.035,1534.841,728.036,1197.306,458.383,1208.641,旧土地台帳附属地図,地図に準ずる図面,P-F,,,,,,
46201-3400-224.zip,068-894,,true,503.481,1285.297,376.322,1047.489,791.390,1131.119,664.263,893.438,旧土地台帳附属地図,地図に準ずる図面,P-F,,,,,,
46201-3400-224.zip,068-895,,true,324.993,1251.631,160.020,1038.429,583.216,1051.542,418.116,838.435,旧土地台帳附属地図,地図に準ずる図面,P-F,,,,,,
46201-3400-224.zip,068-896,,true,354.806,851.327,354.457,1121.012,28.130,850.851,27.939,1120.695,旧土地台帳附属地図,地図に準ずる図面,P-F,,,,,,
46201-3400-224.zip,068-897,,true,251.947,572.797,421.905,782.062,-1.513,778.855,168.572,988.088,旧土地台帳附属地図,地図に準ずる図面,P-F,,,,,,
46201-3400-224.zip,068-898-1,,true,455.845,1007.730,209.655,897.780,589.196,709.502,342.720,599.615,旧土地台帳附属地図,地図に準ずる図面,P-F,,,,,,
46201-3400-224.zip,068-899,,true,556.555,1089.299,327.288,947.408,728.260,811.328,498.929,669.627,旧土地台帳附属地図,地図に準ずる図面,P-F,,,,,,
46201-3400-224.zip,068-900,,true,644.291,1129.319,496.717,903.640,917.754,950.566,769.926,724.855,旧土地台帳附属地図,地図に準ずる図面,P-F,,,,,,
46201-3400-224.zip,068-901,,true,876.185,1078.518,716.673,861.093,1139.425,885.033,979.849,667.799,旧土地台帳附属地図,地図に準ずる図面,P-F,,,,,,
46201-3400-224.zip,068-902,,true,657.977,992.626,548.153,746.309,956.364,859.593,846.381,613.244,旧土地台帳附属地図,地図に準ずる図面,P-F,,,,,,
46201-3400-224.zip,068-903,,true,1017.163,914.859,913.912,665.685,1318.852,789.478,1215.442,540.526,旧土地台帳附属地図,地図に準ずる図面,P-F,,,,,,
46201-3400-224.zip,068-904,,true,838.373,784.812,606.312,647.525,1004.807,503.634,772.429,366.410,旧土地台帳附属地図,地図に準ずる図面,P-F,,,,,,
46201-3400-224.zip,068-905,,true,1036.977,709.208,789.231,602.940,1165.533,408.820,917.819,302.807,旧土地台帳附属地図,地図に準ずる図面,P-F,,,,,,
46201-3400-224.zip,068-906,,true,1017.760,880.906,754.107,823.978,1086.753,561.564,822.910,504.795,旧土地台帳附属地図,地図に準ずる図面,P-F,,,,,,
46201-3400-224.zip,068-907,,true,657.416,428.591,773.113,185.100,952.469,568.926,1068.135,325.086,旧土地台帳附属地図,地図に準ずる図面,P-F,,,,,,
46201-3400-224.zip,068-908,,true,799.598,530.484,530.104,522.991,808.425,203.934,539.025,196.568,旧土地台帳附属地図,地図に準ずる図面,P-F,,,,,,
46201-3400-224.zip,068-909,,true,447.991,384.876,195.134,291.054,561.720,78.646,308.672,-15.143,旧土地台帳附属地図,地図に準ずる図面,P-F,,,,,,
46201-3400-224.zip,068-909-1,,true,618.236,384.057,615.410,608.689,346.074,380.818,343.344,605.418,旧土地台帳附属地図,地図に準ずる図面,P-F,,,,,,
46201-3400-224.zip,068-909-2,,true,624.496,262.543,623.924,487.238,352.270,261.750,351.794,486.603,旧土地台帳附属地図,地図に準ずる図面,P-F,,,,,,
46201-3400-224.zip,068-909-3,,true,631.913,126.871,627.468,351.503,359.783,121.600,355.401,346.264,旧土地台帳附属地図,地図に準ずる図面,P-F,,,,,,
46201-3400-225.zip,068-850-2,,true,185.026,22.238,384.702,22.461,184.708,271.984,384.479,272.175,旧土地台帳附属地図,地図に準ずる図面,P-F,,,,1993,3,
46201-3400-225.zip,068-852-2,,true,302.718,128.473,202.800,301.479,86.373,3.791,-13.449,176.670,旧土地台帳附属地図,地図に準ずる図面,P-F,,,,1993,3,
46201-3400-226.zip,143-3-2,600,false,-795.290,-311.524,-525.924,-325.405,-778.524,13.838,-509.157,-0.043,旧土地台帳附属地図,地図に準ずる図面,P-F,,,,,,
46201-3400-226.zip,143-3-3,,false,-794.047,-154.611,-524.678,-168.480,-777.295,170.753,-507.926,156.884,旧土地台帳附属地図,地図に準ずる図面,P-F,,,,,,
46201-3400-226.zip,143-5-1,,false,-182.622,782.231,-183.992,511.568,144.242,780.577,142.872,509.914,旧土地台帳附属地図,地図に準ずる図面,P-F,,,,,,
46201-3400-226.zip,143-3-1,,true,-1133.799,-161.925,-863.091,-161.320,-1134.400,164.793,-863.501,165.362,旧土地台帳附属地図,地図に準ずる図面,P-F,,,,,,
46201-3400-226.zip,143-4-1,,false,-1543.330,115.204,-1543.618,-155.574,-1216.088,115.175,-1216.491,-155.984,旧土地台帳附属地図,地図に準ずる図面,P-F,,,,,,
46201-3400-226.zip,143-6,,true,-495.559,514.020,-224.781,513.588,-495.257,841.262,-224.137,840.716,旧土地台帳附属地図,地図に準ずる図面,P-F,,,,,,
46201-3400-226.zip,143-7,,true,-857.401,517.156,-586.736,516.834,-857.010,844.019,-586.040,843.619,旧土地台帳附属地図,地図に準ずる図面,P-F,,,,,,
46201-3400-226.zip,143-41,,false,-1325.205,695.168,-1177.048,469.792,-1052.072,874.991,-903.957,649.405,旧土地台帳附属地図,地図に準ずる図面,P-F,,,,,,
46201-3400-226.zip,143-9,1000,false,-1574.490,437.162,-1361.028,832.690,-2053.419,695.972,-1839.592,1091.374,旧土地台帳附属地図,地図に準ずる図面,P-F,,,,,,
46201-3400-226.zip,143-43,,false,66.783,1216.694,209.212,1445.686,-210.970,1389.292,-68.300,1618.313,旧土地台帳附属地図,地図に準ずる図面,P-F,,,,,,
46201-3400-226.zip,143-11,500,false,-340.017,1275.320,-272.944,1463.629,-575.459,1359.670,-508.046,1547.892,旧土地台帳附属地図,地図に準ずる図面,P-F,,,,1984,8,16
46201-3400-226.zip,143-44,,false,-625.545,1364.088,-793.452,1575.111,-881.292,1160.295,-1049.221,1371.591,旧土地台帳附属地図,地図に準ずる図面,P-F,,,,,,
46201-3400-226.zip,143-13,500,false,-1255.295,1262.564,-1071.562,1341.562,-1353.725,1492.262,-1170.055,1571.092,旧土地台帳附属地図,地図に準ずる図面,P-F,,,,1984,8,16
46201-3400-226.zip,143-15,500,false,-134.441,1940.796,8.769,1801.376,40.600,2119.653,183.636,1979.871,旧土地台帳附属地図,地図に準ずる図面,P-F,,,,1984,8,16
46201-3400-226.zip,143-16,500,false,-295.902,1810.411,-166.248,1962.686,-486.458,1972.979,-356.528,2125.187,旧土地台帳附属地図,地図に準ずる図面,P-F,,,,1984,8,16
46201-3400-226.zip,143-17,500,false,-689.049,1822.833,-512.583,1916.811,-806.270,2043.791,-629.657,2137.559,旧土地台帳附属地図,地図に準ずる図面,P-F,,,,1984,8,16
46201-3400-226.zip,143-1087,,false,-1386.969,1776.090,-1138.687,1881.250,-1514.257,2076.940,-1265.825,2182.040,旧土地台帳附属地図,地図に準ずる図面,P-F,,,,,,
46201-3400-226.zip,143-1089,500,false,-113.175,2362.287,86.659,2362.864,-113.596,2612.731,86.398,2612.895,旧土地台帳附属地図,地図に準ずる図面,P-F,,,,1984,8,16
46201-3400-226.zip,143-1094,500,false,-349.150,2364.186,-149.315,2364.570,-349.091,2614.316,-149.254,2614.319,旧土地台帳附属地図,地図に準ずる図面,P-F,,,,1984,8,16
46201-3400-226.zip,143-1-2,600,false,-160.756,-175.393,109.944,-174.259,-162.125,151.310,108.575,152.444,旧土地台帳附属地図,地図に準ずる図面,P-F,,,,,,
46201-3400-226.zip,143-1-1,,true,-122.834,-152.177,147.865,-151.053,-124.191,174.529,146.508,175.653,旧土地台帳附属地図,地図に準ずる図面,P-F,,,,,,
46201-3400-226.zip,143-14,500,false,-1627.205,1233.262,-1402.213,1235.068,-1629.393,1505.753,-1404.400,1507.560,旧土地台帳附属地図,地図に準ずる図面,P-F,,,,1984,8,16
46201-3400-226.zip,143-2-1,,false,-448.713,-158.962,-178.853,-157.108,-450.959,167.934,-181.099,169.788,旧土地台帳附属地図,地図に準ずる図面,P-F,,,,,,
46201-3400-226.zip,143-2-2,600,false,-500.896,-217.290,-231.035,-215.453,-503.121,109.607,-233.260,111.444,旧土地台帳附属地図,地図に準ずる図面,P-F,,,,,,
46201-3400-226.zip,143-5-2,600,false,-159.712,865.581,-161.082,594.919,167.151,863.927,165.781,593.264,旧土地台帳附属地図,地図に準ずる図面,P-F,,,,,,
46201-3400-226.zip,143-18-1,500,false,-1033.694,1854.298,-853.520,1940.816,-1142.139,2080.135,-961.966,2166.653,旧土地台帳附属地図,地図に準ずる図面,P-F,,,,1984,8,16
46201-3400-226.zip,143-18-2,500,false,-933.619,1808.869,-753.445,1895.387,-1042.064,2034.706,-861.891,2121.224,旧土地台帳附属地図,地図に準ずる図面,P-F,,,,,,
46201-3400-227.zip,143-4-3,500,false,-161118.887,-44709.635,-160918.891,-44709.638,-161118.887,-44459.636,-160918.891,-44459.639,旧土地台帳附属地図,地図に準ずる図面,P-F,,,,1993,5,21
46201-3400-227.zip,143-4-2,500,false,-161318.884,-44709.631,-161118.887,-44709.635,-161318.884,-44459.633,-161118.887,-44459.636,旧土地台帳附属地図,地図に準ずる図面,P-F,,,,1993,5,21
46201-3400-228.zip,B1  15-1,500,false,-157278.864,-36619.405,-157128.863,-36619.406,-157278.871,-36419.405,-157128.869,-36419.406,地籍図,法第14条1項地図,P-F,,,,,,
46201-3400-228.zip,B1  15-2,500,false,-157278.871,-36419.405,-157128.869,-36419.406,-157278.877,-36219.405,-157128.875,-36219.406,地籍図,法第14条1項地図,P-F,,,,,,
46201-3400-228.zip,B1  15-3,500,false,-157428.866,-36619.404,-157278.864,-36619.405,-157428.873,-36419.404,-157278.871,-36419.405,地籍図,法第14条1項地図,P-F,,,,,,
46201-3400-228.zip,B1  15-4,500,false,-157428.873,-36419.404,-157278.871,-36419.405,-157428.879,-36219.403,-157278.877,-36219.405,地籍図,法第14条1項地図,P-F,,,,,,
46201-3400-228.zip,B1  24-4,500,false,-157728.864,-36819.402,-157578.862,-36819.403,-157728.871,-36619.402,-157578.868,-36619.403,地籍図,法第14条1項地図,P-F,,,,,,
46201-3400-228.zip,B1  25-1,500,false,-157578.868,-36619.403,-157428.866,-36619.404,-157578.875,-36419.403,-157428.873,-36419.404,地籍図,法第14条1項地図,P-F,,,,,,
46201-3400-228.zip,B1  25-2,500,false,-157578.875,-36419.403,-157428.873,-36419.404,-157578.881,-36219.402,-157428.879,-36219.403,地籍図,法第14条1項地図,P-F,,,,,,
46201-3400-228.zip,B1  25-3,500,false,-157728.871,-36619.402,-157578.868,-36619.403,-157728.877,-36419.403,-157578.875,-36419.403,地籍図,法第14条1項地図,P-F,,,,,,
46201-3400-228.zip,B1  25-4,500,false,-157728.877,-36419.403,-157578.875,-36419.403,-157728.884,-36219.403,-157578.881,-36219.402,地籍図,法第14条1項地図,P-F,,,,,,
46201-3400-228.zip,B1  33-1,500,false,-157878.850,-37419.403,-157728.848,-37419.405,-157878.854,-37219.402,-157728.853,-37219.404,地籍図,法第14条1項地図,P-F,,,,,,
46201-3400-228.zip,B1  33-2,500,false,-157878.854,-37219.402,-157728.853,-37219.404,-157878.859,-37019.401,-157728.857,-37019.402,地籍図,法第14条1項地図,P-F,,,,,,
46201-3400-228.zip,B1  33-3,500,false,-158028.851,-37419.402,-157878.850,-37419.403,-158028.856,-37219.401,-157878.854,-37219.402,地籍図,法第14条1項地図,P-F,,,,,,
46201-3400-228.zip,B1  33-4,500,false,-158028.856,-37219.401,-157878.854,-37219.402,-158028.861,-37019.400,-157878.859,-37019.401,地籍図,法第14条1項地図,P-F,,,,,,
46201-3400-228.zip,B1  34-1,500,false,-157878.859,-37019.401,-157728.857,-37019.402,-157878.866,-36819.401,-157728.864,-36819.402,地籍図,法第14条1項地図,P-F,,,,,,
46201-3400-228.zip,B1  34-2,500,false,-157878.866,-36819.401,-157728.864,-36819.402,-157878.873,-36619.402,-157728.871,-36619.402,地籍図,法第14条1項地図,P-F,,,,,,
46201-3400-228.zip,B1  34-3,500,false,-158028.861,-37019.400,-157878.859,-37019.401,-158028.868,-36819.401,-157878.866,-36819.401,地籍図,法第14条1項地図,P-F,,,,,,
46201-3400-228.zip,B1  34-4,500,false,-158028.868,-36819.401,-157878.866,-36819.401,-158028.875,-36619.402,-157878.873,-36619.402,地籍図,法第14条1項地図,P-F,,,,,,
46201-3400-228.zip,B1  35-1,500,false,-157878.873,-36619.402,-157728.871,-36619.402,-157878.880,-36419.402,-157728.877,-36419.403,地籍図,法第14条1項地図,P-F,,,,,,
46201-3400-228.zip,B1  35-2,500,false,-157878.880,-36419.402,-157728.877,-36419.403,-157878.887,-36219.403,-157728.884,-36219.403,地籍図,法第14条1項地図,P-F,,,,,,
46201-3400-228.zip,B1  35-3,500,false,-158028.875,-36619.402,-157878.873,-36619.402,-158028.883,-36419.402,-157878.880,-36419.402,地籍図,法第14条1項地図,P-F,,,,,,
46201-3400-228.zip,B1  35-4,500,false,-158028.883,-36419.402,-157878.880,-36419.402,-158028.890,-36219.403,-157878.887,-36219.403,地籍図,法第14条1項地図,P-F,,,,,,
46201-3400-228.zip,B1  43-2,500,false,-158178.858,-37219.400,-158028.856,-37219.401,-158178.862,-37019.399,-158028.861,-37019.400,地籍図,法第14条1項地図,P-F,,,,,,
46201-3400-228.zip,B1  43-4,500,false,-158328.859,-37219.398,-158178.858,-37219.400,-158328.864,-37019.397,-158178.862,-37019.399,地籍図,法第14条1項地図,P-F,,,,,,
46201-3400-228.zip,B1  44-1,500,false,-158178.862,-37019.399,-158028.861,-37019.400,-158178.870,-36819.400,-158028.868,-36819.401,地籍図,法第14条1項地図,P-F,,,,,,
46201-3400-228.zip,B1  44-2,500,false,-158178.870,-36819.400,-158028.868,-36819.401,-158178.877,-36619.401,-158028.875,-36619.402,地籍図,法第14条1項地図,P-F,,,,,,
46201-3400-228.zip,B1  44-3,500,false,-158328.864,-37019.397,-158178.862,-37019.399,-158328.872,-36819.399,-158178.870,-36819.400,地籍図,法第14条1項地図,P-F,,,,,,
46201-3400-228.zip,B1  44-4,500,false,-158328.872,-36819.399,-158178.870,-36819.400,-158328.880,-36619.401,-158178.877,-36619.401,地籍図,法第14条1項地図,P-F,,,,,,
46201-3400-228.zip,B1  45-1,500,false,-158178.877,-36619.401,-158028.875,-36619.402,-158178.885,-36419.402,-158028.883,-36419.402,地籍図,法第14条1項地図,P-F,,,,,,
46201-3400-228.zip,B1  45-2,500,false,-158178.885,-36419.402,-158028.883,-36419.402,-158178.893,-36219.404,-158028.890,-36219.403,地籍図,法第14条1項地図,P-F,,,,,,
46201-3400-228.zip,B1  45-3,500,false,-158328.880,-36619.401,-158178.877,-36619.401,-158328.888,-36419.402,-158178.885,-36419.402,地籍図,法第14条1項地図,P-F,,,,,,
46201-3400-228.zip,B1  45-4,500,false,-158328.888,-36419.402,-158178.885,-36419.402,-158328.896,-36219.404,-158178.893,-36219.404,地籍図,法第14条1項地図,P-F,,,,,,
46201-3400-228.zip,B1  54-1,500,false,-158478.865,-37019.396,-158328.864,-37019.397,-158478.873,-36819.398,-158328.872,-36819.399,地籍図,法第14条1項地図,P-F,,,,,,
46201-3400-228.zip,B1  54-2,500,false,-158478.873,-36819.398,-158328.872,-36819.399,-158478.882,-36619.400,-158328.880,-36619.401,地籍図,法第14条1項地図,P-F,,,,,,
46201-3400-228.zip,B1  54-3,500,false,-158628.866,-37019.394,-158478.865,-37019.396,-158628.875,-36819.396,-158478.873,-36819.398,地籍図,法第14条1項地図,P-F,,,,,,
46201-3400-228.zip,B1  54-4,500,false,-158628.875,-36819.396,-158478.873,-36819.398,-158628.883,-36619.398,-158478.882,-36619.400,地籍図,法第14条1項地図,P-F,,,,,,
46201-3400-228.zip,B1  55-1,500,false,-158478.882,-36619.400,-158328.880,-36619.401,-158478.890,-36419.402,-158328.888,-36419.402,地籍図,法第14条1項地図,P-F,,,,,,
46201-3400-228.zip,B1  55-2,500,false,-158478.890,-36419.402,-158328.888,-36419.402,-158478.899,-36219.404,-158328.896,-36219.404,地籍図,法第14条1項地図,P-F,,,,,,
46201-3400-228.zip,B1  55-3,500,false,-158628.883,-36619.398,-158478.882,-36619.400,-158628.892,-36419.401,-158478.890,-36419.402,地籍図,法第14条1項地図,P-F,,,,,,
46201-3400-228.zip,C1  11-3,500,false,-157428.879,-36219.403,-157278.877,-36219.405,-157428.885,-36019.403,-157278.883,-36019.404,地籍図,法第14条1項地図,P-F,,,,,,
46201-3400-228.zip,C1  21-1,500,false,-157578.881,-36219.402,-157428.879,-36219.403,-157578.888,-36019.402,-157428.885,-36019.403,地籍図,法第14条1項地図,P-F,,,,,,
46201-3400-228.zip,C1  21-2,500,false,-157578.888,-36019.402,-157428.885,-36019.403,-157578.894,-35819.402,-157428.892,-35819.403,地籍図,法第14条1項地図,P-F,,,,,,
46201-3400-228.zip,C1  21-3,500,false,-157728.884,-36219.403,-157578.881,-36219.402,-157728.891,-36019.403,-157578.888,-36019.402,地籍図,法第14条1項地図,P-F,,,,,,
46201-3400-228.zip,C1  21-4,500,false,-157728.891,-36019.403,-157578.888,-36019.402,-157728.898,-35819.403,-157578.894,-35819.402,地籍図,法第14条1項地図,P-F,,,,,,
46201-3400-228.zip,C1  31-1,500,false,-157878.887,-36219.403,-157728.884,-36219.403,-157878.894,-36019.403,-157728.891,-36019.403,地籍図,法第14条1項地図,P-F,,,,,,
46201-3400-228.zip,C1  41-1,500,false,-158178.893,-36219.404,-158028.890,-36219.403,-158178.901,-36019.405,-158028.897,-36019.404,地籍図,法第14条1項地図,P-F,,,,,,
46201-3400-228.zip,C1  41-3,500,false,-158328.896,-36219.404,-158178.893,-36219.404,-158328.904,-36019.406,-158178.901,-36019.405,地籍図,法第14条1項地図,P-F,,,,,,
46201-3400-228.zip,C1  51-1,500,false,-158478.899,-36219.404,-158328.896,-36219.404,-158478.907,-36019.407,-158328.904,-36019.406,地籍図,法第14条1項地図,P-F,,,,,,
46201-3400-228.zip,F1  14-1,500,false,-158778.867,-37019.392,-158628.866,-37019.394,-158778.876,-36819.394,-158628.875,-36819.396,地籍図,法第14条1項地図,P-F,,,,,,
46201-3400-228.zip,F1  14-2,500,false,-158778.876,-36819.394,-158628.875,-36819.396,-158778.885,-36619.397,-158628.883,-36619.398,地籍図,法第14条1項地図,P-F,,,,,,
46201-3400-229.zip,G1  40,2500,false,-161628.879,-37219.353,-160878.890,-37219.361,-161628.880,-36219.360,-160878.891,-36219.368,地籍図,法第14条1項地図,P-F,,,,,,
46201-3400-23.zip,072-19,,true,98.516,349.313,6.924,95.833,405.641,238.213,314.048,-15.266,旧土地台帳附属地図,地図に準ずる図面,P-F,,,,,,
46201-3400-230.zip,P   14-1,500,false,-154278.861,-37019.409,-154128.864,-37019.408,-154278.861,-36819.409,-154128.864,-36819.408,地籍図,法第14条1項地図,P-F,,,,,,
46201-3400-230.zip,P   14-2,500,false,-154278.861,-36819.409,-154128.864,-36819.408,-154278.861,-36619.409,-154128.864,-36619.408,地籍図,法第14条1項地図,P-F,,,,,,
46201-3400-230.zip,P   14-3,500,false,-154428.858,-37019.410,-154278.861,-37019.409,-154428.859,-36819.410,-154278.861,-36819.409,地籍図,法第14条1項地図,P-F,,,,,,
46201-3400-230.zip,P   14-4,500,false,-154428.859,-36819.410,-154278.861,-36819.409,-154428.859,-36619.410,-154278.861,-36619.409,地籍図,法第14条1項地図,P-F,,,,,,
46201-3400-230.zip,P   15-3,500,false,-154428.859,-36619.410,-154278.861,-36619.409,-154428.860,-36419.410,-154278.861,-36419.409,地籍図,法第14条1項地図,P-F,,,,,,
46201-3400-230.zip,P   15-4,500,false,-154428.860,-36419.410,-154278.861,-36419.409,-154428.860,-36219.410,-154278.862,-36219.409,地籍図,法第14条1項地図,P-F,,,,,,
46201-3400-230.zip,P   23-4,500,false,-154728.850,-37219.414,-154578.854,-37219.412,-154728.852,-37019.412,-154578.855,-37019.411,地籍図,法第14条1項地図,P-F,,,,,,
46201-3400-230.zip,P   24-1,500,false,-154578.855,-37019.411,-154428.858,-37019.410,-154578.856,-36819.411,-154428.859,-36819.410,地籍図,法第14条1項地図,P-F,,,,,,
46201-3400-230.zip,P   24-2,500,false,-154578.856,-36819.411,-154428.859,-36819.410,-154578.857,-36619.411,-154428.859,-36619.410,地籍図,法第14条1項地図,P-F,,,,,,
46201-3400-230.zip,P   24-3,500,false,-154728.852,-37019.412,-154578.855,-37019.411,-154728.853,-36819.412,-154578.856,-36819.411,地籍図,法第14条1項地図,P-F,,,,,,
46201-3400-230.zip,P   24-4,500,false,-154728.853,-36819.412,-154578.856,-36819.411,-154728.855,-36619.411,-154578.857,-36619.411,地籍図,法第14条1項地図,P-F,,,,,,
46201-3400-230.zip,P   25-1,500,false,-154578.857,-36619.411,-154428.859,-36619.410,-154578.858,-36419.410,-154428.860,-36419.410,地籍図,法第14条1項地図,P-F,,,,,,
46201-3400-230.zip,P   25-2,500,false,-154578.858,-36419.410,-154428.860,-36419.410,-154578.859,-36219.410,-154428.860,-36219.410,地籍図,法第14条1項地図,P-F,,,,,,
46201-3400-230.zip,P   25-3,500,false,-154728.855,-36619.411,-154578.857,-36619.411,-154728.856,-36419.411,-154578.858,-36419.410,地籍図,法第14条1項地図,P-F,,,,,,
46201-3400-230.zip,P   25-4,500,false,-154728.856,-36419.411,-154578.858,-36419.410,-154728.857,-36219.411,-154578.859,-36219.410,地籍図,法第14条1項地図,P-F,,,,,,
46201-3400-230.zip,P   33-2,500,false,-154878.848,-37219.414,-154728.850,-37219.414,-154878.850,-37019.413,-154728.852,-37019.412,地籍図,法第14条1項地図,P-F,,,,,,
46201-3400-230.zip,P   33-4,500,false,-155028.846,-37219.415,-154878.848,-37219.414,-155028.848,-37019.413,-154878.850,-37019.413,地籍図,法第14条1項地図,P-F,,,,,,
46201-3400-230.zip,P   34-1,500,false,-154878.850,-37019.413,-154728.852,-37019.412,-154878.852,-36819.412,-154728.853,-36819.412,地籍図,法第14条1項地図,P-F,,,,,,
46201-3400-230.zip,P   34-2,500,false,-154878.852,-36819.412,-154728.853,-36819.412,-154878.854,-36619.412,-154728.855,-36619.411,地籍図,法第14条1項地図,P-F,,,,,,
46201-3400-230.zip,P   34-3,500,false,-155028.848,-37019.413,-154878.850,-37019.413,-155028.851,-36819.412,-154878.852,-36819.412,地籍図,法第14条1項地図,P-F,,,,,,
46201-3400-230.zip,P   34-4,500,false,-155028.851,-36819.412,-154878.852,-36819.412,-155028.853,-36619.412,-154878.854,-36619.412,地籍図,法第14条1項地図,P-F,,,,,,
46201-3400-230.zip,P   35-1,500,false,-154878.854,-36619.412,-154728.855,-36619.411,-154878.855,-36419.411,-154728.856,-36419.411,地籍図,法第14条1項地図,P-F,,,,,,
46201-3400-230.zip,P   35-2,500,false,-154878.855,-36419.411,-154728.856,-36419.411,-154878.857,-36219.411,-154728.857,-36219.411,地籍図,法第14条1項地図,P-F,,,,,,
46201-3400-230.zip,P   35-3,500,false,-155028.853,-36619.412,-154878.854,-36619.412,-155028.856,-36419.411,-154878.855,-36419.411,地籍図,法第14条1項地図,P-F,,,,,,
46201-3400-230.zip,P   35-4,500,false,-155028.856,-36419.411,-154878.855,-36419.411,-155028.858,-36219.411,-154878.857,-36219.411,地籍図,法第14条1項地図,P-F,,,,,,
46201-3400-230.zip,P   43-2,500,false,-155178.844,-37219.415,-155028.846,-37219.415,-155178.847,-37019.413,-155028.848,-37019.413,地籍図,法第14条1項地図,P-F,,,,,,
46201-3400-230.zip,P   43-3,500,false,-155328.839,-37419.418,-155178.841,-37419.417,-155328.842,-37219.416,-155178.844,-37219.415,地籍図,法第14条1項地図,P-F,,,,,,
46201-3400-230.zip,P   43-4,500,false,-155328.842,-37219.416,-155178.844,-37219.415,-155328.846,-37019.414,-155178.847,-37019.413,地籍図,法第14条1項地図,P-F,,,,,,
46201-3400-230.zip,P   44-1,500,false,-155178.847,-37019.413,-155028.848,-37019.413,-155178.850,-36819.412,-155028.851,-36819.412,地籍図,法第14条1項地図,P-F,,,,,,
46201-3400-230.zip,P   44-2,500,false,-155178.850,-36819.412,-155028.851,-36819.412,-155178.853,-36619.412,-155028.853,-36619.412,地籍図,法第14条1項地図,P-F,,,,,,
46201-3400-230.zip,P   44-3,500,false,-155328.846,-37019.414,-155178.847,-37019.413,-155328.849,-36819.413,-155178.850,-36819.412,地籍図,法第14条1項地図,P-F,,,,,,
46201-3400-230.zip,P   44-4,500,false,-155328.849,-36819.413,-155178.850,-36819.412,-155328.853,-36619.412,-155178.853,-36619.412,地籍図,法第14条1項地図,P-F,,,,,,
46201-3400-230.zip,P   45-1,500,false,-155178.853,-36619.412,-155028.853,-36619.412,-155178.856,-36419.411,-155028.856,-36419.411,地籍図,法第14条1項地図,P-F,,,,,,
46201-3400-230.zip,P   45-2,500,false,-155178.856,-36419.411,-155028.856,-36419.411,-155178.859,-36219.411,-155028.858,-36219.411,地籍図,法第14条1項地図,P-F,,,,,,
46201-3400-230.zip,P   45-3,500,false,-155328.853,-36619.412,-155178.853,-36619.412,-155328.856,-36419.411,-155178.856,-36419.411,地籍図,法第14条1項地図,P-F,,,,,,
46201-3400-230.zip,P   45-4,500,false,-155328.856,-36419.411,-155178.856,-36419.411,-155328.860,-36219.411,-155178.859,-36219.411,地籍図,法第14条1項地図,P-F,,,,,,
46201-3400-230.zip,P   51-3,500,false,-155628.817,-38219.428,-155478.821,-38219.427,-155628.820,-38019.426,-155478.824,-38019.425,地籍図,法第14条1項地図,P-F,,,,,,
46201-3400-230.zip,P   51-4,500,false,-155628.820,-38019.426,-155478.824,-38019.425,-155628.825,-37819.423,-155478.828,-37819.422,地籍図,法第14条1項地図,P-F,,,,,,
46201-3400-230.zip,P   52-3,500,false,-155628.825,-37819.423,-155478.828,-37819.422,-155628.829,-37619.421,-155478.832,-37619.420,地籍図,法第14条1項地図,P-F,,,,,,
46201-3400-230.zip,P   52-2,500,false,-155628.829,-37619.421,-155478.832,-37619.420,-155628.834,-37419.419,-155478.836,-37419.418,地籍図,法第14条1項地図,P-F,,,,,,
46201-3400-230.zip,P   52-4,500,false,-155478.832,-37619.420,-155328.835,-37619.420,-155478.836,-37419.418,-155328.839,-37419.418,地籍図,法第14条1項地図,P-F,,,,,,
46201-3400-230.zip,P   53-1,500,false,-155478.836,-37419.418,-155328.839,-37419.418,-155478.840,-37219.416,-155328.842,-37219.416,地籍図,法第14条1項地図,P-F,,,,,,
46201-3400-230.zip,P   53-2,500,false,-155478.840,-37219.416,-155328.842,-37219.416,-155478.844,-37019.414,-155328.846,-37019.414,地籍図,法第14条1項地図,P-F,,,,,,
46201-3400-230.zip,P   53-3,500,false,-155628.834,-37419.419,-155478.836,-37419.418,-155628.839,-37219.416,-155478.840,-37219.416,地籍図,法第14条1項地図,P-F,,,,,,
46201-3400-230.zip,P   53-4,500,false,-155628.839,-37219.416,-155478.840,-37219.416,-155628.843,-37019.414,-155478.844,-37019.414,地籍図,法第14条1項地図,P-F,,,,,,
46201-3400-230.zip,P   54-1,500,false,-155478.844,-37019.414,-155328.846,-37019.414,-155478.848,-36819.413,-155328.849,-36819.413,地籍図,法第14条1項地図,P-F,,,,,,
46201-3400-230.zip,P   54-2,500,false,-155478.848,-36819.413,-155328.849,-36819.413,-155478.852,-36619.412,-155328.853,-36619.412,地籍図,法第14条1項地図,P-F,,,,,,
46201-3400-230.zip,P   55-1,500,false,-155478.852,-36619.412,-155328.853,-36619.412,-155478.856,-36419.411,-155328.856,-36419.411,地籍図,法第14条1項地図,P-F,,,,,,
46201-3400-230.zip,P   55-2,500,false,-155478.856,-36419.411,-155328.856,-36419.411,-155478.860,-36219.411,-155328.860,-36219.411,地籍図,法第14条1項地図,P-F,,,,,,
46201-3400-230.zip,Q   21-1,500,false,-154578.859,-36219.410,-154428.860,-36219.410,-154578.860,-36019.410,-154428.861,-36019.410,地籍図,法第14条1項地図,P-F,,,,,,
46201-3400-230.zip,Q   21-3,500,false,-154728.857,-36219.411,-154578.859,-36219.410,-154728.859,-36019.410,-154578.860,-36019.410,地籍図,法第14条1項地図,P-F,,,,,,
46201-3400-230.zip,Q   21-4,500,false,-154728.859,-36019.410,-154578.860,-36019.410,-154728.860,-35819.410,-154578.861,-35819.410,地籍図,法第14条1項地図,P-F,,,,,,
46201-3400-230.zip,Q   31-1,500,false,-154878.857,-36219.411,-154728.857,-36219.411,-154878.859,-36019.410,-154728.859,-36019.410,地籍図,法第14条1項地図,P-F,,,,,,
46201-3400-230.zip,Q   31-2,500,false,-154878.859,-36019.410,-154728.859,-36019.410,-154878.861,-35819.410,-154728.860,-35819.410,地籍図,法第14条1項地図,P-F,,,,,,
46201-3400-230.zip,Q   31-3,500,false,-155028.858,-36219.411,-154878.857,-36219.411,-155028.860,-36019.410,-154878.859,-36019.410,地籍図,法第14条1項地図,P-F,,,,,,
46201-3400-230.zip,Q   31-4,500,false,-155028.860,-36019.410,-154878.859,-36019.410,-155028.863,-35819.410,-154878.861,-35819.410,地籍図,法第14条1項地図,P-F,,,,,,
46201-3400-230.zip,Q   32-1,500,false,-154878.861,-35819.410,-154728.860,-35819.410,-154878.862,-35619.411,-154728.860,-35619.410,地籍図,法第14条1項地図,P-F,,,,,,
46201-3400-230.zip,Q   32-3,500,false,-155028.863,-35819.410,-154878.861,-35819.410,-155028.864,-35619.411,-154878.862,-35619.411,地籍図,法第14条1項地図,P-F,,,,,,
46201-3400-230.zip,Q   32-4,500,false,-155028.864,-35619.411,-154878.862,-35619.411,-155028.865,-35419.412,-154878.863,-35419.411,地籍図,法第14条1項地図,P-F,,,,,,
46201-3400-230.zip,Q   41-1,500,false,-155178.859,-36219.411,-155028.858,-36219.411,-155178.862,-36019.410,-155028.860,-36019.410,地籍図,法第14条1項地図,P-F,,,,,,
46201-3400-230.zip,Q   41-2,500,false,-155178.862,-36019.410,-155028.860,-36019.410,-155178.865,-35819.410,-155028.863,-35819.410,地籍図,法第14条1項地図,P-F,,,,,,
46201-3400-230.zip,Q   41-3,500,false,-155328.860,-36219.411,-155178.859,-36219.411,-155328.863,-36019.410,-155178.862,-36019.410,地籍図,法第14条1項地図,P-F,,,,,,
46201-3400-230.zip,Q   41-4,500,false,-155328.863,-36019.410,-155178.862,-36019.410,-155328.867,-35819.409,-155178.865,-35819.410,地籍図,法第14条1項地図,P-F,,,,,,
46201-3400-230.zip,Q   42-1,500,false,-155178.865,-35819.410,-155028.863,-35819.410,-155178.866,-35619.411,-155028.864,-35619.411,地籍図,法第14条1項地図,P-F,,,,,,
46201-3400-230.zip,Q   42-2,500,false,-155178.866,-35619.411,-155028.864,-35619.411,-155178.868,-35419.412,-155028.865,-35419.412,地籍図,法第14条1項地図,P-F,,,,,,
46201-3400-230.zip,Q   43-1,500,false,-155178.868,-35419.412,-155028.865,-35419.412,-155178.870,-35219.414,-155028.867,-35219.413,地籍図,法第14条1項地図,P-F,,,,,,
46201-3400-230.zip,Q   43-3,500,false,-155328.871,-35419.413,-155178.868,-35419.412,-155328.873,-35219.415,-155178.870,-35219.414,地籍図,法第14条1項地図,P-F,,,,,,
46201-3400-230.zip,Q   43-4,500,false,-155328.873,-35219.415,-155178.870,-35219.414,-155328.875,-35019.417,-155178.872,-35019.415,地籍図,法第14条1項地図,P-F,,,,,,
46201-3400-230.zip,Q   51-1,500,false,-155478.860,-36219.411,-155328.860,-36219.411,-155478.864,-36019.410,-155328.863,-36019.410,地籍図,法第14条1項地図,P-F,,,,,,
46201-3400-230.zip,U   11-1,500,false,-155778.816,-38219.428,-155628.817,-38219.428,-155778.819,-38019.426,-155628.820,-38019.426,地籍図,法第14条1項地図,P-F,,,,,,
46201-3400-230.zip,U   11-2,500,false,-155778.819,-38019.426,-155628.820,-38019.426,-155778.824,-37819.423,-155628.825,-37819.423,地籍図,法第14条1項地図,P-F,,,,,,
46201-3400-230.zip,U   11-3,500,false,-155928.817,-38219.426,-155778.816,-38219.428,-155928.820,-38019.424,-155778.819,-38019.426,地籍図,法第14条1項地図,P-F,,,,,,
46201-3400-230.zip,U   11-4,500,false,-155928.820,-38019.424,-155778.819,-38019.426,-155928.825,-37819.422,-155778.824,-37819.423,地籍図,法第14条1項地図,P-F,,,,,,
46201-3400-230.zip,U   12-1,500,false,-155778.824,-37819.423,-155628.825,-37819.423,-155778.828,-37619.421,-155628.829,-37619.421,地籍図,法第14条1項地図,P-F,,,,,,
46201-3400-230.zip,U   12-2,500,false,-155778.828,-37619.421,-155628.829,-37619.421,-155778.833,-37419.419,-155628.834,-37419.419,地籍図,法第14条1項地図,P-F,,,,,,
46201-3400-230.zip,U   12-3,500,false,-155928.825,-37819.422,-155778.824,-37819.423,-155928.829,-37619.420,-155778.828,-37619.421,地籍図,法第14条1項地図,P-F,,,,,,
46201-3400-230.zip,U   12-4,500,false,-155928.829,-37619.420,-155778.828,-37619.421,-155928.834,-37419.418,-155778.833,-37419.419,地籍図,法第14条1項地図,P-F,,,,,,
46201-3400-230.zip,U   13-1,500,false,-155778.833,-37419.419,-155628.834,-37419.419,-155778.838,-37219.416,-155628.839,-37219.416,地籍図,法第14条1項地図,P-F,,,,,,
46201-3400-230.zip,U   13-2,500,false,-155778.838,-37219.416,-155628.839,-37219.416,-155778.843,-37019.414,-155628.843,-37019.414,地籍図,法第14条1項地図,P-F,,,,,,
46201-3400-230.zip,U   14-1,500,false,-155778.843,-37019.414,-155628.843,-37019.414,-155778.848,-36819.413,-155628.848,-36819.413,地籍図,法第14条1項地図,P-F,,,,,,
46201-3400-230.zip,U   13-3,500,false,-155928.834,-37419.418,-155778.833,-37419.419,-155928.839,-37219.416,-155778.838,-37219.416,地籍図,法第14条1項地図,P-F,,,,,,
46201-3400-230.zip,U   13-4,500,false,-155928.839,-37219.416,-155778.838,-37219.416,-155928.843,-37019.413,-155778.843,-37019.414,地籍図,法第14条1項地図,P-F,,,,,,
46201-3400-230.zip,U   14-3,500,false,-155928.843,-37019.413,-155778.843,-37019.414,-155928.848,-36819.413,-155778.848,-36819.413,地籍図,法第14条1項地図,P-F,,,,,,
46201-3400-230.zip,U   21-1,500,false,-156078.818,-38219.425,-155928.817,-38219.426,-156078.822,-38019.423,-155928.820,-38019.424,地籍図,法第14条1項地図,P-F,,,,,,
46201-3400-230.zip,U   21-2,500,false,-156078.822,-38019.423,-155928.820,-38019.424,-156078.826,-37819.421,-155928.825,-37819.422,地籍図,法第14条1項地図,P-F,,,,,,
46201-3400-230.zip,U   21-3,500,false,-156228.820,-38219.424,-156078.818,-38219.425,-156228.823,-38019.422,-156078.822,-38019.423,地籍図,法第14条1項地図,P-F,,,,,,
46201-3400-230.zip,T   25-4,500,false,-156228.820,-38419.425,-156078.820,-38419.426,-156228.820,-38219.424,-156078.818,-38219.425,地籍図,法第14条1項地図,P-F,,,,,,
46201-3400-230.zip,U   21-4,500,false,-156228.823,-38019.422,-156078.822,-38019.423,-156228.827,-37819.420,-156078.826,-37819.421,地籍図,法第14条1項地図,P-F,,,,,,
46201-3400-230.zip,U   22-1,500,false,-156078.826,-37819.421,-155928.825,-37819.422,-156078.830,-37619.419,-155928.829,-37619.420,地籍図,法第14条1項地図,P-F,,,,,,
46201-3400-230.zip,U   22-2,500,false,-156078.830,-37619.419,-155928.829,-37619.420,-156078.835,-37419.417,-155928.834,-37419.418,地籍図,法第14条1項地図,P-F,,,,,,
46201-3400-230.zip,U   22-4,500,false,-156228.831,-37619.418,-156078.830,-37619.419,-156228.836,-37419.416,-156078.835,-37419.417,地籍図,法第14条1項地図,P-F,,,,,,
46201-3400-230.zip,U   22-3,500,false,-156228.827,-37819.420,-156078.826,-37819.421,-156228.831,-37619.418,-156078.830,-37619.419,地籍図,法第14条1項地図,P-F,,,,,,
46201-3400-230.zip,U   23-1,500,false,-156078.835,-37419.417,-155928.834,-37419.418,-156078.839,-37219.415,-155928.839,-37219.416,地籍図,法第14条1項地図,P-F,,,,,,
46201-3400-230.zip,U   23-2,500,false,-156078.839,-37219.415,-155928.839,-37219.416,-156078.844,-37019.413,-155928.843,-37019.413,地籍図,法第14条1項地図,P-F,,,,,,
46201-3400-230.zip,U   23-4,500,false,-156228.840,-37219.414,-156078.839,-37219.415,-156228.844,-37019.412,-156078.844,-37019.413,地籍図,法第14条1項地図,P-F,,,,,,
46201-3400-230.zip,U   33-2,500,false,-156378.840,-37219.414,-156228.840,-37219.414,-156378.845,-37019.412,-156228.844,-37019.412,地籍図,法第14条1項地図,P-F,,,,,,
46201-3400-230.zip,U   24-1,500,false,-156078.844,-37019.413,-155928.843,-37019.413,-156078.849,-36819.412,-155928.848,-36819.413,地籍図,法第14条1項地図,P-F,,,,,,
46201-3400-230.zip,U   24-3,500,false,-156228.844,-37019.412,-156078.844,-37019.413,-156228.849,-36819.412,-156078.849,-36819.412,地籍図,法第14条1項地図,P-F,,,,,,
46201-3400-230.zip,U   24-4,500,false,-156228.849,-36819.412,-156078.849,-36819.412,-156228.854,-36619.411,-156078.854,-36619.412,地籍図,法第14条1項地図,P-F,,,,,,
46201-3400-230.zip,U   31-1,500,false,-156378.821,-38219.422,-156228.820,-38219.424,-156378.824,-38019.421,-156228.823,-38019.422,地籍図,法第14条1項地図,P-F,,,,,,
46201-3400-230.zip,U   31-2,500,false,-156378.824,-38019.421,-156228.823,-38019.422,-156378.828,-37819.419,-156228.827,-37819.420,地籍図,法第14条1項地図,P-F,,,,,,
46201-3400-230.zip,U   32-1,500,false,-156378.828,-37819.419,-156228.827,-37819.420,-156378.832,-37619.417,-156228.831,-37619.418,地籍図,法第14条1項地図,P-F,,,,,,
46201-3400-230.zip,P43-1,500,false,-155178.846,-37419.415,-155028.846,-37419.415,-155178.846,-37219.415,-155028.846,-37219.415,地籍図,法第14条1項地図,P-F,,,,,,
46201-3400-231.zip,G   45-4,500,false,-153828.867,-36419.407,-153678.870,-36419.407,-153828.866,-36219.408,-153678.868,-36219.407,地籍図,法第14条1項地図,P-F,,,,,,
46201-3400-231.zip,G   54-4,500,false,-154128.864,-36819.408,-153978.867,-36819.407,-154128.864,-36619.408,-153978.866,-36619.408,地籍図,法第14条1項地図,P-F,,,,,,
46201-3400-231.zip,G   55-2,500,false,-153978.865,-36419.408,-153828.867,-36419.407,-153978.864,-36219.408,-153828.866,-36219.408,地籍図,法第14条1項地図,P-F,,,,,,
46201-3400-231.zip,G   55-3,500,false,-154128.864,-36619.408,-153978.866,-36619.408,-154128.863,-36419.409,-153978.865,-36419.408,地籍図,法第14条1項地図,P-F,,,,,,
46201-3400-231.zip,G   55-4,500,false,-154128.863,-36419.409,-153978.865,-36419.408,-154128.863,-36219.409,-153978.864,-36219.408,地籍図,法第14条1項地図,P-F,,,,,,
46201-3400-231.zip,H   31-1,500,false,-153378.873,-36219.406,-153228.875,-36219.406,-153378.870,-36019.407,-153228.872,-36019.407,地籍図,法第14条1項地図,P-F,,,,,,
46201-3400-231.zip,H   31-2,500,false,-153378.870,-36019.407,-153228.872,-36019.407,-153378.868,-35819.408,-153228.870,-35819.408,地籍図,法第14条1項地図,P-F,,,,,,
46201-3400-231.zip,H   31-3,500,false,-153528.871,-36219.407,-153378.873,-36219.406,-153528.869,-36019.408,-153378.870,-36019.407,地籍図,法第14条1項地図,P-F,,,,,,
46201-3400-231.zip,H   31-4,500,false,-153528.869,-36019.408,-153378.870,-36019.407,-153528.867,-35819.409,-153378.868,-35819.408,地籍図,法第14条1項地図,P-F,,,,,,
46201-3400-231.zip,H   32-1,500,false,-153378.868,-35819.408,-153228.870,-35819.408,-153378.867,-35619.410,-153228.868,-35619.410,地籍図,法第14条1項地図,P-F,,,,,,
46201-3400-231.zip,H   32-3,500,false,-153528.867,-35819.409,-153378.868,-35819.408,-153528.866,-35619.410,-153378.867,-35619.410,地籍図,法第14条1項地図,P-F,,,,,,
46201-3400-231.zip,H   41-1,500,false,-153678.868,-36219.407,-153528.871,-36219.407,-153678.867,-36019.408,-153528.869,-36019.408,地籍図,法第14条1項地図,P-F,,,,,,
46201-3400-231.zip,H   41-2,500,false,-153678.867,-36019.408,-153528.869,-36019.408,-153678.865,-35819.409,-153528.867,-35819.409,地籍図,法第14条1項地図,P-F,,,,,,
46201-3400-231.zip,H   41-3,500,false,-153828.866,-36219.408,-153678.868,-36219.407,-153828.865,-36019.408,-153678.867,-36019.408,地籍図,法第14条1項地図,P-F,,,,,,
46201-3400-231.zip,H   41-4,500,false,-153828.865,-36019.408,-153678.867,-36019.408,-153828.864,-35819.409,-153678.865,-35819.409,地籍図,法第14条1項地図,P-F,,,,,,
46201-3400-231.zip,H   42-1,500,false,-153678.865,-35819.409,-153528.867,-35819.409,-153678.864,-35619.410,-153528.866,-35619.410,地籍図,法第14条1項地図,P-F,,,,,,
46201-3400-231.zip,H   42-2,500,false,-153678.864,-35619.410,-153528.866,-35619.410,-153678.863,-35419.412,-153528.864,-35419.412,地籍図,法第14条1項地図,P-F,,,,,,
46201-3400-231.zip,H   42-3,500,false,-153828.864,-35819.409,-153678.865,-35819.409,-153828.863,-35619.410,-153678.864,-35619.410,地籍図,法第14条1項地図,P-F,,,,,,
46201-3400-231.zip,H   42-4,500,false,-153828.863,-35619.410,-153678.864,-35619.410,-153828.862,-35419.412,-153678.863,-35419.412,地籍図,法第14条1項地図,P-F,,,,,,
46201-3400-231.zip,H   51-1,500,false,-153978.864,-36219.408,-153828.866,-36219.408,-153978.864,-36019.409,-153828.865,-36019.408,地籍図,法第14条1項地図,P-F,,,,,,
46201-3400-231.zip,H   51-2,500,false,-153978.864,-36019.409,-153828.865,-36019.408,-153978.863,-35819.409,-153828.864,-35819.409,地籍図,法第14条1項地図,P-F,,,,,,
46201-3400-231.zip,H   51-3,500,false,-154128.863,-36219.409,-153978.864,-36219.408,-154128.863,-36019.409,-153978.864,-36019.409,地籍図,法第14条1項地図,P-F,,,,,,
46201-3400-231.zip,H   51-4,500,false,-154128.863,-36019.409,-153978.864,-36019.409,-154128.862,-35819.409,-153978.863,-35819.409,地籍図,法第14条1項地図,P-F,,,,,,
46201-3400-231.zip,H   52-1,500,false,-153978.863,-35819.409,-153828.864,-35819.409,-153978.863,-35619.410,-153828.863,-35619.410,地籍図,法第14条1項地図,P-F,,,,,,
46201-3400-231.zip,H   52-3,500,false,-154128.862,-35819.409,-153978.863,-35819.409,-154128.862,-35619.410,-153978.863,-35619.410,地籍図,法第14条1項地図,P-F,,,,,,
46201-3400-231.zip,H   52-4,500,false,-154128.862,-35619.410,-153978.863,-35619.410,-154128.862,-35419.412,-153978.862,-35419.412,地籍図,法第14条1項地図,P-F,,,,,,
46201-3400-231.zip,H   53-1,500,false,-153978.863,-35619.410,-153828.863,-35619.410,-153978.862,-35419.412,-153828.862,-35419.412,地籍図,法第14条1項地図,P-F,,,,,,
46201-3400-231.zip,H   52-2,500,false,-153978.862,-35419.412,-153828.862,-35419.412,-153978.862,-35219.413,-153828.862,-35219.414,地籍図,法第14条1項地図,P-F,,,,,,
46201-3400-231.zip,H   53-3,500,false,-154128.862,-35419.412,-153978.862,-35419.412,-154128.862,-35219.413,-153978.862,-35219.413,地籍図,法第14条1項地図,P-F,,,,,,
46201-3400-231.zip,P   14-1,500,false,-154278.861,-37019.409,-154128.864,-37019.408,-154278.861,-36819.409,-154128.864,-36819.408,地籍図,法第14条1項地図,P-F,,,,,,
46201-3400-231.zip,P   14-2,500,false,-154278.861,-36819.409,-154128.864,-36819.408,-154278.861,-36619.409,-154128.864,-36619.408,地籍図,法第14条1項地図,P-F,,,,,,
46201-3400-231.zip,P   14-4,500,false,-154428.859,-36819.410,-154278.861,-36819.409,-154428.859,-36619.410,-154278.861,-36619.409,地籍図,法第14条1項地図,P-F,,,,,,
46201-3400-231.zip,P   15-1,500,false,-154278.861,-36619.409,-154128.864,-36619.408,-154278.861,-36419.409,-154128.863,-36419.409,地籍図,法第14条1項地図,P-F,,,,,,
46201-3400-231.zip,P   15-2,500,false,-154278.861,-36419.409,-154128.863,-36419.409,-154278.862,-36219.409,-154128.863,-36219.409,地籍図,法第14条1項地図,P-F,,,,,,
46201-3400-231.zip,P   15-3,500,false,-154428.859,-36619.410,-154278.861,-36619.409,-154428.860,-36419.410,-154278.861,-36419.409,地籍図,法第14条1項地図,P-F,,,,,,
46201-3400-231.zip,P   15-4,500,false,-154428.860,-36419.410,-154278.861,-36419.409,-154428.860,-36219.410,-154278.862,-36219.409,地籍図,法第14条1項地図,P-F,,,,,,
46201-3400-231.zip,P   25-2,500,false,-154578.858,-36419.410,-154428.860,-36419.410,-154578.859,-36219.410,-154428.860,-36219.410,地籍図,法第14条1項地図,P-F,,,,,,
46201-3400-231.zip,Q   11-1,500,false,-154278.862,-36219.409,-154128.863,-36219.409,-154278.862,-36019.409,-154128.863,-36019.409,地籍図,法第14条1項地図,P-F,,,,,,
46201-3400-231.zip,Q   11-2,500,false,-154278.862,-36019.409,-154128.863,-36019.409,-154278.862,-35819.409,-154128.862,-35819.409,地籍図,法第14条1項地図,P-F,,,,,,
46201-3400-231.zip,Q   11-3,500,false,-154428.860,-36219.410,-154278.862,-36219.409,-154428.861,-36019.410,-154278.862,-36019.409,地籍図,法第14条1項地図,P-F,,,,,,
46201-3400-231.zip,Q   11-4,500,false,-154428.861,-36019.410,-154278.862,-36019.409,-154428.861,-35819.410,-154278.862,-35819.409,地籍図,法第14条1項地図,P-F,,,,,,
46201-3400-231.zip,Q   12-1,500,false,-154278.862,-35819.409,-154128.862,-35819.409,-154278.862,-35619.410,-154128.862,-35619.410,地籍図,法第14条1項地図,P-F,,,,,,
46201-3400-231.zip,Q   12-2,500,false,-154278.862,-35619.410,-154128.862,-35619.410,-154278.862,-35419.412,-154128.862,-35419.412,地籍図,法第14条1項地図,P-F,,,,,,
46201-3400-231.zip,Q   12-3,500,false,-154428.861,-35819.410,-154278.862,-35819.409,-154428.861,-35619.410,-154278.862,-35619.410,地籍図,法第14条1項地図,P-F,,,,,,
46201-3400-231.zip,Q   12-4,500,false,-154428.861,-35619.410,-154278.862,-35619.410,-154428.861,-35419.411,-154278.862,-35419.412,地籍図,法第14条1項地図,P-F,,,,,,
46201-3400-231.zip,Q   13-1,500,false,-154278.862,-35419.412,-154128.862,-35419.412,-154278.862,-35219.413,-154128.862,-35219.413,地籍図,法第14条1項地図,P-F,,,,,,
46201-3400-231.zip,Q   13-2,500,false,-154278.862,-35219.413,-154128.862,-35219.413,-154278.861,-35019.414,-154128.861,-35019.414,地籍図,法第14条1項地図,P-F,,,,,,
46201-3400-231.zip,Q   13-3,500,false,-154428.861,-35419.411,-154278.862,-35419.412,-154428.862,-35219.412,-154278.862,-35219.413,地籍図,法第14条1項地図,P-F,,,,,,
46201-3400-231.zip,Q   13-4,500,false,-154428.862,-35219.412,-154278.862,-35219.413,-154428.862,-35019.413,-154278.861,-35019.414,地籍図,法第14条1項地図,P-F,,,,,,
46201-3400-231.zip,Q   21-1,500,false,-154578.859,-36219.410,-154428.860,-36219.410,-154578.860,-36019.410,-154428.861,-36019.410,地籍図,法第14条1項地図,P-F,,,,,,
46201-3400-231.zip,Q   21-2,500,false,-154578.860,-36019.410,-154428.861,-36019.410,-154578.861,-35819.410,-154428.861,-35819.410,地籍図,法第14条1項地図,P-F,,,,,,
46201-3400-231.zip,Q   21-3,500,false,-154728.857,-36219.411,-154578.859,-36219.410,-154728.859,-36019.410,-154578.860,-36019.410,地籍図,法第14条1項地図,P-F,,,,,,
46201-3400-231.zip,Q   21-4,500,false,-154728.859,-36019.410,-154578.860,-36019.410,-154728.860,-35819.410,-154578.861,-35819.410,地籍図,法第14条1項地図,P-F,,,,,,
46201-3400-231.zip,Q   22-1,500,false,-154578.861,-35819.410,-154428.861,-35819.410,-154578.861,-35619.410,-154428.861,-35619.410,地籍図,法第14条1項地図,P-F,,,,,,
46201-3400-231.zip,Q   22-2,500,false,-154578.861,-35619.410,-154428.861,-35619.410,-154578.861,-35419.411,-154428.861,-35419.411,地籍図,法第14条1項地図,P-F,,,,,,
46201-3400-231.zip,Q   22-3,500,false,-154728.860,-35819.410,-154578.861,-35819.410,-154728.860,-35619.410,-154578.861,-35619.410,地籍図,法第14条1項地図,P-F,,,,,,
46201-3400-231.zip,Q   22-4,500,false,-154728.860,-35619.410,-154578.861,-35619.410,-154728.861,-35419.411,-154578.861,-35419.411,地籍図,法第14条1項地図,P-F,,,,,,
46201-3400-231.zip,Q   23-1,500,false,-154578.861,-35419.411,-154428.861,-35419.411,-154578.861,-35219.412,-154428.862,-35219.412,地籍図,法第14条1項地図,P-F,,,,,,
46201-3400-231.zip,Q   23-2,500,false,-154578.861,-35219.412,-154428.862,-35219.412,-154578.862,-35019.413,-154428.862,-35019.413,地籍図,法第14条1項地図,P-F,,,,,,
46201-3400-231.zip,Q   23-3,500,false,-154728.861,-35419.411,-154578.861,-35419.411,-154728.861,-35219.412,-154578.861,-35219.412,地籍図,法第14条1項地図,P-F,,,,,,
46201-3400-231.zip,Q   23-4,500,false,-154728.861,-35219.412,-154578.861,-35219.412,-154728.862,-35019.412,-154578.862,-35019.413,地籍図,法第14条1項地図,P-F,,,,,,
46201-3400-231.zip,Q   24-1,500,false,-154578.862,-35019.413,-154428.862,-35019.413,-154578.862,-34819.414,-154428.862,-34819.414,地籍図,法第14条1項地図,P-F,,,,,,
46201-3400-231.zip,Q   24-3,500,false,-154728.862,-35019.412,-154578.862,-35019.413,-154728.862,-34819.413,-154578.862,-34819.414,地籍図,法第14条1項地図,P-F,,,,,,
46201-3400-231.zip,Q   31-2,500,false,-154878.859,-36019.410,-154728.859,-36019.410,-154878.861,-35819.410,-154728.860,-35819.410,地籍図,法第14条1項地図,P-F,,,,,,
46201-3400-231.zip,Q   32-1,500,false,-154878.861,-35819.410,-154728.860,-35819.410,-154878.862,-35619.411,-154728.860,-35619.410,地籍図,法第14条1項地図,P-F,,,,,,
46201-3400-231.zip,Q   32-2,500,false,-154878.862,-35619.411,-154728.860,-35619.410,-154878.863,-35419.411,-154728.861,-35419.411,地籍図,法第14条1項地図,P-F,,,,,,
46201-3400-231.zip,Q   32-3,500,false,-155028.863,-35819.410,-154878.861,-35819.410,-155028.864,-35619.411,-154878.862,-35619.411,地籍図,法第14条1項地図,P-F,,,,,,
46201-3400-231.zip,Q   32-4,500,false,-155028.864,-35619.411,-154878.862,-35619.411,-155028.865,-35419.412,-154878.863,-35419.411,地籍図,法第14条1項地図,P-F,,,,,,
46201-3400-231.zip,Q   33-1,500,false,-154878.863,-35419.411,-154728.861,-35419.411,-154878.863,-35219.412,-154728.861,-35219.412,地籍図,法第14条1項地図,P-F,,,,,,
46201-3400-231.zip,Q   33-2,500,false,-154878.863,-35219.412,-154728.861,-35219.412,-154878.864,-35019.413,-154728.862,-35019.412,地籍図,法第14条1項地図,P-F,,,,,,
46201-3400-231.zip,Q   33-3,500,false,-155028.865,-35419.412,-154878.863,-35419.411,-155028.867,-35219.413,-154878.863,-35219.412,地籍図,法第14条1項地図,P-F,,,,,,
46201-3400-231.zip,Q   33-4,500,false,-155028.867,-35219.413,-154878.863,-35219.412,-155028.868,-35019.414,-154878.864,-35019.413,地籍図,法第14条1項地図,P-F,,,,,,
46201-3400-231.zip,Q   34-1,500,false,-154878.864,-35019.413,-154728.862,-35019.412,-154878.865,-34819.414,-154728.862,-34819.413,地籍図,法第14条1項地図,P-F,,,,,,
46201-3400-231.zip,Q   42-2,500,false,-155178.866,-35619.411,-155028.864,-35619.411,-155178.868,-35419.412,-155028.865,-35419.412,地籍図,法第14条1項地図,P-F,,,,,,
46201-3400-231.zip,Q   43-1,500,false,-155178.868,-35419.412,-155028.865,-35419.412,-155178.870,-35219.414,-155028.867,-35219.413,地籍図,法第14条1項地図,P-F,,,,,,
46201-3400-231.zip,Q   43-2,500,false,-155178.870,-35219.414,-155028.867,-35219.413,-155178.872,-35019.415,-155028.868,-35019.414,地籍図,法第14条1項地図,P-F,,,,,,
46201-3400-231.zip,Q   43-3,500,false,-155328.871,-35419.413,-155178.868,-35419.412,-155328.873,-35219.415,-155178.870,-35219.414,地籍図,法第14条1項地図,P-F,,,,,,
46201-3400-231.zip,Q   43-4,500,false,-155328.873,-35219.415,-155178.870,-35219.414,-155328.875,-35019.417,-155178.872,-35019.415,地籍図,法第14条1項地図,P-F,,,,,,
46201-3400-231.zip,G   54-2,500,false,-153978.867,-36819.407,-153828.869,-36819.407,-153978.866,-36619.408,-153828.868,-36619.407,地籍図,法第14条1項地図,P-F,,,,,,
46201-3400-231.zip,G   55-1,500,false,-153978.866,-36619.408,-153828.868,-36619.407,-153978.865,-36419.408,-153828.867,-36419.407,地籍図,法第14条1項地図,P-F,,,,,,
46201-3400-232.zip,H   12-4,500,false,-152928.870,-35619.410,-152778.872,-35619.410,-152928.868,-35419.412,-152778.869,-35419.412,地籍図,法第14条1項地図,P-F,,,,,,
46201-3400-232.zip,H   13-3,500,false,-152928.868,-35419.412,-152778.869,-35419.412,-152928.866,-35219.414,-152778.867,-35219.414,地籍図,法第14条1項地図,P-F,,,,,,
46201-3400-232.zip,H   13-4,500,false,-152928.866,-35219.414,-152778.867,-35219.414,-152928.864,-35019.416,-152778.865,-35019.416,地籍図,法第14条1項地図,P-F,,,,,,
46201-3400-232.zip,H   14-3,500,false,-152928.864,-35019.416,-152778.865,-35019.416,-152928.862,-34819.418,-152778.863,-34819.418,地籍図,法第14条1項地図,P-F,,,,,,
46201-3400-232.zip,H   14-4,500,false,-152928.862,-34819.418,-152778.863,-34819.418,-152928.860,-34619.420,-152778.860,-34619.421,地籍図,法第14条1項地図,P-F,,,,,,
46201-3400-232.zip,H   14-2,500,false,-152778.863,-34819.418,-152628.863,-34819.419,-152778.860,-34619.421,-152628.861,-34619.421,地籍図,法第14条1項地図,P-F,,,,,,
46201-3400-232.zip,H   15-3,500,false,-152928.860,-34619.420,-152778.860,-34619.421,-152928.860,-34419.423,-152778.860,-34419.423,地籍図,法第14条1項地図,P-F,,,,,,
46201-3400-232.zip,H   15-4,500,false,-152928.860,-34419.423,-152778.860,-34419.423,-152928.860,-34219.425,-152778.860,-34219.425,地籍図,法第14条1項地図,P-F,,,,,,
46201-3400-232.zip,H   21-4,500,false,-153228.872,-36019.407,-153078.874,-36019.407,-153228.870,-35819.408,-153078.871,-35819.408,地籍図,法第14条1項地図,P-F,,,,,,
46201-3400-232.zip,H   22-1,500,false,-153078.871,-35819.408,-152928.873,-35819.408,-153078.869,-35619.410,-152928.870,-35619.410,地籍図,法第14条1項地図,P-F,,,,,,
46201-3400-232.zip,H   22-2,500,false,-153078.869,-35619.410,-152928.870,-35619.410,-153078.867,-35419.412,-152928.868,-35419.412,地籍図,法第14条1項地図,P-F,,,,,,
46201-3400-232.zip,H   22-3,500,false,-153228.870,-35819.408,-153078.871,-35819.408,-153228.868,-35619.410,-153078.869,-35619.410,地籍図,法第14条1項地図,P-F,,,,,,
46201-3400-232.zip,H   22-4,500,false,-153228.868,-35619.410,-153078.869,-35619.410,-153228.866,-35419.412,-153078.867,-35419.412,地籍図,法第14条1項地図,P-F,,,,,,
46201-3400-232.zip,H   23-1,500,false,-153078.867,-35419.412,-152928.868,-35419.412,-153078.866,-35219.414,-152928.866,-35219.414,地籍図,法第14条1項地図,P-F,,,,,,
46201-3400-232.zip,H   23-2,500,false,-153078.866,-35219.414,-152928.866,-35219.414,-153078.864,-35019.416,-152928.864,-35019.416,地籍図,法第14条1項地図,P-F,,,,,,
46201-3400-232.zip,H   23-3,500,false,-153228.866,-35419.412,-153078.867,-35419.412,-153228.865,-35219.414,-153078.866,-35219.414,地籍図,法第14条1項地図,P-F,,,,,,
46201-3400-232.zip,H   23-4,500,false,-153228.865,-35219.414,-153078.866,-35219.414,-153228.863,-35019.416,-153078.864,-35019.416,地籍図,法第14条1項地図,P-F,,,,,,
46201-3400-232.zip,H   24-1,500,false,-153078.864,-35019.416,-152928.864,-35019.416,-153078.862,-34819.418,-152928.862,-34819.418,地籍図,法第14条1項地図,P-F,,,,,,
46201-3400-232.zip,H   24-2,500,false,-153078.862,-34819.418,-152928.862,-34819.418,-153078.860,-34619.420,-152928.860,-34619.420,地籍図,法第14条1項地図,P-F,,,,,,
46201-3400-232.zip,H   24-3,500,false,-153228.863,-35019.416,-153078.864,-35019.416,-153228.862,-34819.418,-153078.862,-34819.418,地籍図,法第14条1項地図,P-F,,,,,,
46201-3400-232.zip,H   24-4,500,false,-153228.862,-34819.418,-153078.862,-34819.418,-153228.860,-34619.420,-153078.860,-34619.420,地籍図,法第14条1項地図,P-F,,,,,,
46201-3400-232.zip,H   25-1,500,false,-153078.860,-34619.420,-152928.860,-34619.420,-153078.860,-34419.422,-152928.860,-34419.423,地籍図,法第14条1項地図,P-F,,,,,,
46201-3400-232.zip,H   25-2,500,false,-153078.860,-34419.422,-152928.860,-34419.423,-153078.861,-34219.425,-152928.860,-34219.425,地籍図,法第14条1項地図,P-F,,,,,,
46201-3400-232.zip,H   25-3,500,false,-153228.860,-34619.420,-153078.860,-34619.420,-153228.861,-34419.422,-153078.860,-34419.422,地籍図,法第14条1項地図,P-F,,,,,,
46201-3400-232.zip,H   25-4,500,false,-153228.861,-34419.422,-153078.860,-34419.422,-153228.862,-34219.425,-153078.861,-34219.425,地籍図,法第14条1項地図,P-F,,,,,,
46201-3400-232.zip,H   31-2,500,false,-153378.870,-36019.407,-153228.872,-36019.407,-153378.868,-35819.408,-153228.870,-35819.408,地籍図,法第14条1項地図,P-F,,,,,,
46201-3400-232.zip,H   32-1,500,false,-153378.868,-35819.408,-153228.870,-35819.408,-153378.867,-35619.410,-153228.868,-35619.410,地籍図,法第14条1項地図,P-F,,,,,,
46201-3400-232.zip,H   32-2,500,false,-153378.867,-35619.410,-153228.868,-35619.410,-153378.865,-35419.412,-153228.866,-35419.412,地籍図,法第14条1項地図,P-F,,,,,,
46201-3400-232.zip,H   32-3,500,false,-153528.867,-35819.409,-153378.868,-35819.408,-153528.866,-35619.410,-153378.867,-35619.410,地籍図,法第14条1項地図,P-F,,,,,,
46201-3400-232.zip,H   32-4,500,false,-153528.866,-35619.410,-153378.867,-35619.410,-153528.864,-35419.412,-153378.865,-35419.412,地籍図,法第14条1項地図,P-F,,,,,,
46201-3400-232.zip,H   33-1,500,false,-153378.865,-35419.412,-153228.866,-35419.412,-153378.864,-35219.414,-153228.865,-35219.414,地籍図,法第14条1項地図,P-F,,,,,,
46201-3400-232.zip,H   33-2,500,false,-153378.864,-35219.414,-153228.865,-35219.414,-153378.863,-35019.416,-153228.863,-35019.416,地籍図,法第14条1項地図,P-F,,,,,,
46201-3400-232.zip,H   33-3,500,false,-153528.864,-35419.412,-153378.865,-35419.412,-153528.863,-35219.414,-153378.864,-35219.414,地籍図,法第14条1項地図,P-F,,,,,,
46201-3400-232.zip,H   33-4,500,false,-153528.863,-35219.414,-153378.864,-35219.414,-153528.862,-35019.416,-153378.863,-35019.416,地籍図,法第14条1項地図,P-F,,,,,,
46201-3400-232.zip,H   34-1,500,false,-153378.863,-35019.416,-153228.863,-35019.416,-153378.861,-34819.418,-153228.862,-34819.418,地籍図,法第14条1項地図,P-F,,,,,,
46201-3400-232.zip,H   34-2,500,false,-153378.861,-34819.418,-153228.862,-34819.418,-153378.860,-34619.420,-153228.860,-34619.420,地籍図,法第14条1項地図,P-F,,,,,,
46201-3400-232.zip,H   34-3,500,false,-153528.862,-35019.416,-153378.863,-35019.416,-153528.861,-34819.417,-153378.861,-34819.418,地籍図,法第14条1項地図,P-F,,,,,,
46201-3400-232.zip,H   34-4,500,false,-153528.861,-34819.417,-153378.861,-34819.418,-153528.860,-34619.419,-153378.860,-34619.420,地籍図,法第14条1項地図,P-F,,,,,,
46201-3400-232.zip,H   35-1,500,false,-153378.860,-34619.420,-153228.860,-34619.420,-153378.861,-34419.422,-153228.861,-34419.422,地籍図,法第14条1項地図,P-F,,,,,,
46201-3400-232.zip,H   35-2,500,false,-153378.861,-34419.422,-153228.861,-34419.422,-153378.863,-34219.425,-153228.862,-34219.425,地籍図,法第14条1項地図,P-F,,,,,,
46201-3400-232.zip,H   35-3,500,false,-153528.860,-34619.419,-153378.860,-34619.420,-153528.862,-34419.422,-153378.861,-34419.422,地籍図,法第14条1項地図,P-F,,,,,,
46201-3400-232.zip,H   35-4,500,false,-153528.862,-34419.422,-153378.861,-34419.422,-153528.864,-34219.425,-153378.863,-34219.425,地籍図,法第14条1項地図,P-F,,,,,,
46201-3400-232.zip,H   42-2,500,false,-153678.864,-35619.410,-153528.866,-35619.410,-153678.863,-35419.412,-153528.864,-35419.412,地籍図,法第14条1項地図,P-F,,,,,,
46201-3400-232.zip,H   42-1,500,false,-153678.865,-35819.409,-153528.867,-35819.409,-153678.864,-35619.410,-153528.866,-35619.410,地籍図,法第14条1項地図,P-F,,,,,,
46201-3400-232.zip,H   42-4,500,false,-153828.863,-35619.410,-153678.864,-35619.410,-153828.862,-35419.412,-153678.863,-35419.412,地籍図,法第14条1項地図,P-F,,,,,,
46201-3400-232.zip,H   43-1,500,false,-153678.863,-35419.412,-153528.864,-35419.412,-153678.863,-35219.414,-153528.863,-35219.414,地籍図,法第14条1項地図,P-F,,,,,,
46201-3400-232.zip,H   43-2,500,false,-153678.863,-35219.414,-153528.863,-35219.414,-153678.862,-35019.415,-153528.862,-35019.416,地籍図,法第14条1項地図,P-F,,,,,,
46201-3400-232.zip,H   43-3,500,false,-153828.862,-35419.412,-153678.863,-35419.412,-153828.862,-35219.414,-153678.863,-35219.414,地籍図,法第14条1項地図,P-F,,,,,,
46201-3400-232.zip,H   43-4,500,false,-153828.862,-35219.414,-153678.863,-35219.414,-153828.861,-35019.415,-153678.862,-35019.415,地籍図,法第14条1項地図,P-F,,,,,,
46201-3400-232.zip,H   44-1,500,false,-153678.862,-35019.415,-153528.862,-35019.416,-153678.861,-34819.417,-153528.861,-34819.417,地籍図,法第14条1項地図,P-F,,,,,,
46201-3400-232.zip,H   44-2,500,false,-153678.861,-34819.417,-153528.861,-34819.417,-153678.860,-34619.419,-153528.860,-34619.419,地籍図,法第14条1項地図,P-F,,,,,,
46201-3400-232.zip,H   44-3,500,false,-153828.861,-35019.415,-153678.862,-35019.415,-153828.861,-34819.417,-153678.861,-34819.417,地籍図,法第14条1項地図,P-F,,,,,,
46201-3400-232.zip,H   44-4,500,false,-153828.861,-34819.417,-153678.861,-34819.417,-153828.860,-34619.419,-153678.860,-34619.419,地籍図,法第14条1項地図,P-F,,,,,,
46201-3400-232.zip,H   45-1,500,false,-153678.860,-34619.419,-153528.860,-34619.419,-153678.862,-34419.422,-153528.862,-34419.422,地籍図,法第14条1項地図,P-F,,,,,,
46201-3400-232.zip,H   45-2,500,false,-153678.862,-34419.422,-153528.862,-34419.422,-153678.864,-34219.425,-153528.864,-34219.425,地籍図,法第14条1項地図,P-F,,,,,,
46201-3400-232.zip,H   45-3,500,false,-153828.860,-34619.419,-153678.860,-34619.419,-153828.862,-34419.422,-153678.862,-34419.422,地籍図,法第14条1項地図,P-F,,,,,,
46201-3400-232.zip,H   45-4,500,false,-153828.862,-34419.422,-153678.862,-34419.422,-153828.865,-34219.425,-153678.864,-34219.425,地籍図,法第14条1項地図,P-F,,,,,,
46201-3400-232.zip,H   52-2,500,false,-153978.863,-35619.410,-153828.863,-35619.410,-153978.862,-35419.412,-153828.862,-35419.412,地籍図,法第14条1項地図,P-F,,,,,,
46201-3400-232.zip,H   53-1,500,false,-153978.862,-35419.412,-153828.862,-35419.412,-153978.862,-35219.413,-153828.862,-35219.414,地籍図,法第14条1項地図,P-F,,,,,,
46201-3400-232.zip,H   53-2,500,false,-153978.862,-35219.413,-153828.862,-35219.414,-153978.861,-35019.415,-153828.861,-35019.415,地籍図,法第14条1項地図,P-F,,,,,,
46201-3400-232.zip,H   53-3,500,false,-154128.862,-35419.412,-153978.862,-35419.412,-154128.862,-35219.413,-153978.862,-35219.413,地籍図,法第14条1項地図,P-F,,,,,,
46201-3400-232.zip,H   53-4,500,false,-154128.862,-35219.413,-153978.862,-35219.413,-154128.861,-35019.414,-153978.861,-35019.415,地籍図,法第14条1項地図,P-F,,,,,,
46201-3400-232.zip,H   54-1,500,false,-153978.861,-35019.415,-153828.861,-35019.415,-153978.861,-34819.416,-153828.861,-34819.417,地籍図,法第14条1項地図,P-F,,,,,,
46201-3400-232.zip,H   54-2,500,false,-153978.861,-34819.416,-153828.861,-34819.417,-153978.860,-34619.418,-153828.860,-34619.419,地籍図,法第14条1項地図,P-F,,,,,,
46201-3400-232.zip,H   54-3,500,false,-154128.861,-35019.414,-153978.861,-35019.415,-154128.861,-34819.416,-153978.861,-34819.416,地籍図,法第14条1項地図,P-F,,,,,,
46201-3400-232.zip,H   54-4,500,false,-154128.861,-34819.416,-153978.861,-34819.416,-154128.861,-34619.417,-153978.860,-34619.418,地籍図,法第14条1項地図,P-F,,,,,,
46201-3400-232.zip,H   55-1,500,false,-153978.860,-34619.418,-153828.860,-34619.419,-153978.863,-34419.421,-153828.862,-34419.422,地籍図,法第14条1項地図,P-F,,,,,,
46201-3400-232.zip,H   55-2,500,false,-153978.863,-34419.421,-153828.862,-34419.422,-153978.867,-34219.424,-153828.865,-34219.425,地籍図,法第14条1項地図,P-F,,,,,,
46201-3400-232.zip,H   55-3,500,false,-154128.861,-34619.417,-153978.860,-34619.418,-154128.865,-34419.421,-153978.863,-34419.421,地籍図,法第14条1項地図,P-F,,,,,,
46201-3400-232.zip,J   11-3,500,false,-152928.860,-34219.425,-152778.860,-34219.425,-152928.860,-34019.427,-152778.860,-34019.427,地籍図,法第14条1項地図,P-F,,,,,,
46201-3400-232.zip,J   21-1,500,false,-153078.861,-34219.425,-152928.860,-34219.425,-153078.862,-34019.427,-152928.860,-34019.427,地籍図,法第14条1項地図,P-F,,,,,,
46201-3400-232.zip,J   21-3,500,false,-153228.862,-34219.425,-153078.861,-34219.425,-153228.863,-34019.427,-153078.862,-34019.427,地籍図,法第14条1項地図,P-F,,,,,,
46201-3400-232.zip,J   21-4,500,false,-153228.863,-34019.427,-153078.862,-34019.427,-153228.864,-33819.430,-153078.862,-33819.430,地籍図,法第14条1項地図,P-F,,,,,,
46201-3400-232.zip,J   31-1,500,false,-153378.863,-34219.425,-153228.862,-34219.425,-153378.864,-34019.428,-153228.863,-34019.427,地籍図,法第14条1項地図,P-F,,,,,,
46201-3400-232.zip,J   31-2,500,false,-153378.864,-34019.428,-153228.863,-34019.427,-153378.865,-33819.430,-153228.864,-33819.430,地籍図,法第14条1項地図,P-F,,,,,,
46201-3400-232.zip,J   31-3,500,false,-153528.864,-34219.425,-153378.863,-34219.425,-153528.865,-34019.428,-153378.864,-34019.428,地籍図,法第14条1項地図,P-F,,,,,,
46201-3400-232.zip,J   31-4,500,false,-153528.865,-34019.428,-153378.864,-34019.428,-153528.867,-33819.430,-153378.865,-33819.430,地籍図,法第14条1項地図,P-F,,,,,,
46201-3400-232.zip,J   32-1,500,false,-153378.865,-33819.430,-153228.864,-33819.430,-153378.867,-33619.433,-153228.865,-33619.432,地籍図,法第14条1項地図,P-F,,,,,,
46201-3400-232.zip,J   32-3,500,false,-153528.867,-33819.430,-153378.865,-33819.430,-153528.869,-33619.433,-153378.867,-33619.433,地籍図,法第14条1項地図,P-F,,,,,,
46201-3400-232.zip,J   41-1,500,false,-153678.864,-34219.425,-153528.864,-34219.425,-153678.867,-34019.428,-153528.865,-34019.428,地籍図,法第14条1項地図,P-F,,,,,,
46201-3400-232.zip,J   41-2,500,false,-153678.867,-34019.428,-153528.865,-34019.428,-153678.869,-33819.431,-153528.867,-33819.430,地籍図,法第14条1項地図,P-F,,,,,,
46201-3400-232.zip,J   41-3,500,false,-153828.865,-34219.425,-153678.864,-34219.425,-153828.868,-34019.428,-153678.867,-34019.428,地籍図,法第14条1項地図,P-F,,,,,,
46201-3400-232.zip,J   42-1,500,false,-153678.869,-33819.431,-153528.867,-33819.430,-153678.871,-33619.434,-153528.869,-33619.433,地籍図,法第14条1項地図,P-F,,,,,,
46201-3400-232.zip,J   51-1,500,false,-153978.867,-34219.424,-153828.865,-34219.425,-153978.870,-34019.428,-153828.868,-34019.428,地籍図,法第14条1項地図,P-F,,,,,,
46201-3400-232.zip,Q   13-2,500,false,-154278.862,-35219.413,-154128.862,-35219.413,-154278.861,-35019.414,-154128.861,-35019.414,地籍図,法第14条1項地図,P-F,,,,,,
46201-3400-232.zip,Q   13-1,500,false,-154278.862,-35419.412,-154128.862,-35419.412,-154278.862,-35219.413,-154128.862,-35219.413,地籍図,法第14条1項地図,P-F,,,,,,
46201-3400-232.zip,Q   13-4,500,false,-154428.862,-35219.412,-154278.862,-35219.413,-154428.862,-35019.413,-154278.861,-35019.414,地籍図,法第14条1項地図,P-F,,,,,,
46201-3400-232.zip,Q   14-1,500,false,-154278.861,-35019.414,-154128.861,-35019.414,-154278.861,-34819.415,-154128.861,-34819.416,地籍図,法第14条1項地図,P-F,,,,,,
46201-3400-232.zip,Q   14-2,500,false,-154278.861,-34819.415,-154128.861,-34819.416,-154278.861,-34619.416,-154128.861,-34619.417,地籍図,法第14条1項地図,P-F,,,,,,
46201-3400-232.zip,Q   14-3,500,false,-154428.862,-35019.413,-154278.861,-35019.414,-154428.862,-34819.414,-154278.861,-34819.415,地籍図,法第14条1項地図,P-F,,,,,,
46201-3400-232.zip,Q   14-4,500,false,-154428.862,-34819.414,-154278.861,-34819.415,-154428.862,-34619.415,-154278.861,-34619.416,地籍図,法第14条1項地図,P-F,,,,,,
46201-3400-232.zip,Q   23-2,500,false,-154578.861,-35219.412,-154428.862,-35219.412,-154578.862,-35019.413,-154428.862,-35019.413,地籍図,法第14条1項地図,P-F,,,,,,
46201-3400-232.zip,Q   24-1,500,false,-154578.862,-35019.413,-154428.862,-35019.413,-154578.862,-34819.414,-154428.862,-34819.414,地籍図,法第14条1項地図,P-F,,,,,,
46201-3400-233.zip,B   53-4,500,false,-152628.858,-33219.434,-152478.857,-33219.434,-152628.858,-33019.435,-152478.857,-33019.435,地籍図,法第14条1項地図,P-F,,,,,,
46201-3400-233.zip,B   54-1,500,false,-152478.857,-33019.435,-152328.855,-33019.434,-152478.857,-32819.436,-152328.855,-32819.435,地籍図,法第14条1項地図,P-F,,,,,,
46201-3400-233.zip,B   53-2,500,false,-152478.857,-33219.434,-152328.855,-33219.433,-152478.857,-33019.435,-152328.855,-33019.434,地籍図,法第14条1項地図,P-F,,,,,,
46201-3400-233.zip,B   54-3,500,false,-152628.858,-33019.435,-152478.857,-33019.435,-152628.859,-32819.436,-152478.857,-32819.436,地籍図,法第14条1項地図,P-F,,,,,,
46201-3400-233.zip,J   11-3,500,false,-152928.860,-34219.425,-152778.860,-34219.425,-152928.860,-34019.427,-152778.860,-34019.427,地籍図,法第14条1項地図,P-F,,,,,,
46201-3400-233.zip,J   11-4,500,false,-152928.860,-34019.427,-152778.860,-34019.427,-152928.860,-33819.429,-152778.860,-33819.429,地籍図,法第14条1項地図,P-F,,,,,,
46201-3400-233.zip,J   12-1,500,false,-152778.860,-33819.429,-152628.859,-33819.429,-152778.859,-33619.431,-152628.858,-33619.431,地籍図,法第14条1項地図,P-F,,,,,,
46201-3400-233.zip,J   12-2,500,false,-152778.859,-33619.431,-152628.858,-33619.431,-152778.859,-33419.434,-152628.858,-33419.433,地籍図,法第14条1項地図,P-F,,,,,,
46201-3400-233.zip,J   12-3,500,false,-152928.860,-33819.429,-152778.860,-33819.429,-152928.861,-33619.432,-152778.859,-33619.431,地籍図,法第14条1項地図,P-F,,,,,,
46201-3400-233.zip,J   12-4,500,false,-152928.861,-33619.432,-152778.859,-33619.431,-152928.861,-33419.434,-152778.859,-33419.434,地籍図,法第14条1項地図,P-F,,,,,,
46201-3400-233.zip,J   13-1,500,false,-152778.859,-33419.434,-152628.858,-33419.433,-152778.860,-33219.435,-152628.858,-33219.434,地籍図,法第14条1項地図,P-F,,,,,,
46201-3400-233.zip,J   13-2,500,false,-152778.860,-33219.435,-152628.858,-33219.434,-152778.860,-33019.436,-152628.858,-33019.435,地籍図,法第14条1項地図,P-F,,,,,,
46201-3400-233.zip,J   13-3,500,false,-152928.861,-33419.434,-152778.859,-33419.434,-152928.861,-33219.435,-152778.860,-33219.435,地籍図,法第14条1項地図,P-F,,,,,,
46201-3400-233.zip,J   13-4,500,false,-152928.861,-33219.435,-152778.860,-33219.435,-152928.862,-33019.436,-152778.860,-33019.436,地籍図,法第14条1項地図,P-F,,,,,,
46201-3400-233.zip,J   14-1,500,false,-152778.860,-33019.436,-152628.858,-33019.435,-152778.860,-32819.437,-152628.859,-32819.436,地籍図,法第14条1項地図,P-F,,,,,,
46201-3400-233.zip,J   14-2,500,false,-152778.860,-32819.437,-152628.859,-32819.436,-152778.861,-32619.438,-152628.859,-32619.437,地籍図,法第14条1項地図,P-F,,,,,,
46201-3400-233.zip,J   14-3,500,false,-152928.862,-33019.436,-152778.860,-33019.436,-152928.862,-32819.438,-152778.860,-32819.437,地籍図,法第14条1項地図,P-F,,,,,,
46201-3400-233.zip,J   14-4,500,false,-152928.862,-32819.438,-152778.860,-32819.437,-152928.863,-32619.439,-152778.861,-32619.438,地籍図,法第14条1項地図,P-F,,,,,,
46201-3400-233.zip,J   21-1,500,false,-153078.861,-34219.425,-152928.860,-34219.425,-153078.862,-34019.427,-152928.860,-34019.427,地籍図,法第14条1項地図,P-F,,,,,,
46201-3400-233.zip,J   21-2,500,false,-153078.862,-34019.427,-152928.860,-34019.427,-153078.862,-33819.430,-152928.860,-33819.429,地籍図,法第14条1項地図,P-F,,,,,,
46201-3400-233.zip,J   21-4,500,false,-153228.863,-34019.427,-153078.862,-34019.427,-153228.864,-33819.430,-153078.862,-33819.430,地籍図,法第14条1項地図,P-F,,,,,,
46201-3400-233.zip,J   21-3,500,false,-153228.862,-34219.425,-153078.861,-34219.425,-153228.863,-34019.427,-153078.862,-34019.427,地籍図,法第14条1項地図,P-F,,,,,,
46201-3400-233.zip,J   22-1,500,false,-153078.862,-33819.430,-152928.860,-33819.429,-153078.863,-33619.432,-152928.861,-33619.432,地籍図,法第14条1項地図,P-F,,,,,,
46201-3400-233.zip,J   22-2,500,false,-153078.863,-33619.432,-152928.861,-33619.432,-153078.863,-33419.435,-152928.861,-33419.434,地籍図,法第14条1項地図,P-F,,,,,,
46201-3400-233.zip,J   22-3,500,false,-153228.864,-33819.430,-153078.862,-33819.430,-153228.865,-33619.432,-153078.863,-33619.432,地籍図,法第14条1項地図,P-F,,,,,,
46201-3400-233.zip,J   22-4,500,false,-153228.865,-33619.432,-153078.863,-33619.432,-153228.866,-33419.435,-153078.863,-33419.435,地籍図,法第14条1項地図,P-F,,,,,,
46201-3400-233.zip,J   23-1,500,false,-153078.863,-33419.435,-152928.861,-33419.434,-153078.864,-33219.436,-152928.861,-33219.435,地籍図,法第14条1項地図,P-F,,,,,,
46201-3400-233.zip,J   23-2,500,false,-153078.864,-33219.436,-152928.861,-33219.435,-153078.865,-33019.437,-152928.862,-33019.436,地籍図,法第14条1項地図,P-F,,,,,,
46201-3400-233.zip,J   23-3,500,false,-153228.866,-33419.435,-153078.863,-33419.435,-153228.867,-33219.436,-153078.864,-33219.436,地籍図,法第14条1項地図,P-F,,,,,,
46201-3400-233.zip,J   23-4,500,false,-153228.867,-33219.436,-153078.864,-33219.436,-153228.868,-33019.438,-153078.865,-33019.437,地籍図,法第14条1項地図,P-F,,,,,,
46201-3400-233.zip,J   32-1,500,false,-153378.865,-33819.430,-153228.864,-33819.430,-153378.867,-33619.433,-153228.865,-33619.432,地籍図,法第14条1項地図,P-F,,,,,,
46201-3400-233.zip,J   32-2,500,false,-153378.867,-33619.433,-153228.865,-33619.432,-153378.868,-33419.436,-153228.866,-33419.435,地籍図,法第14条1項地図,P-F,,,,,,
46201-3400-233.zip,J   32-3,500,false,-153528.867,-33819.430,-153378.865,-33819.430,-153528.869,-33619.433,-153378.867,-33619.433,地籍図,法第14条1項地図,P-F,,,,,,
46201-3400-233.zip,J   32-4,500,false,-153528.869,-33619.433,-153378.867,-33619.433,-153528.871,-33419.436,-153378.868,-33419.436,地籍図,法第14条1項地図,P-F,,,,,,
46201-3400-233.zip,J   33-1,500,false,-153378.868,-33419.436,-153228.866,-33419.435,-153378.870,-33219.437,-153228.867,-33219.436,地籍図,法第14条1項地図,P-F,,,,,,
46201-3400-233.zip,J   33-2,500,false,-153378.870,-33219.437,-153228.867,-33219.436,-153378.871,-33019.439,-153228.868,-33019.438,地籍図,法第14条1項地図,P-F,,,,,,
46201-3400-233.zip,J   33-3,500,false,-153528.871,-33419.436,-153378.868,-33419.436,-153528.872,-33219.438,-153378.870,-33219.437,地籍図,法第14条1項地図,P-F,,,,,,
46201-3400-233.zip,J   33-4,500,false,-153528.872,-33219.438,-153378.870,-33219.437,-153528.874,-33019.440,-153378.871,-33019.439,地籍図,法第14条1項地図,P-F,,,,,,
46201-3400-233.zip,J   43-1,500,false,-153678.873,-33419.437,-153528.871,-33419.436,-153678.875,-33219.438,-153528.872,-33219.438,地籍図,法第14条1項地図,P-F,,,,,,
46201-3400-233.zip,J   42-2,500,false,-153678.871,-33619.434,-153528.869,-33619.433,-153678.873,-33419.437,-153528.871,-33419.436,地籍図,法第14条1項地図,P-F,,,,,,
46201-3400-234.zip,B   54-1,500,false,-152478.857,-33019.435,-152328.855,-33019.434,-152478.857,-32819.436,-152328.855,-32819.435,地籍図,法第14条1項地図,P-F,,,,,,
46201-3400-234.zip,B   54-2,500,false,-152478.857,-32819.436,-152328.855,-32819.435,-152478.857,-32619.436,-152328.855,-32619.436,地籍図,法第14条1項地図,P-F,,,,,,
46201-3400-234.zip,B   54-3,500,false,-152628.858,-33019.435,-152478.857,-33019.435,-152628.859,-32819.436,-152478.857,-32819.436,地籍図,法第14条1項地図,P-F,,,,,,
46201-3400-234.zip,B   54-4,500,false,-152628.859,-32819.436,-152478.857,-32819.436,-152628.859,-32619.437,-152478.857,-32619.436,地籍図,法第14条1項地図,P-F,,,,,,
46201-3400-234.zip,B   55-1,500,false,-152478.857,-32619.436,-152328.855,-32619.436,-152478.857,-32419.437,-152328.855,-32419.437,地籍図,法第14条1項地図,P-F,,,,,,
46201-3400-234.zip,B   55-3,500,false,-152628.859,-32619.437,-152478.857,-32619.436,-152628.859,-32419.438,-152478.857,-32419.437,地籍図,法第14条1項地図,P-F,,,,,,
46201-3400-234.zip,B   55-4,500,false,-152628.859,-32419.438,-152478.857,-32419.437,-152628.859,-32219.439,-152478.857,-32219.438,地籍図,法第14条1項地図,P-F,,,,,,
46201-3400-234.zip,J   13-4,500,false,-152928.861,-33219.435,-152778.860,-33219.435,-152928.862,-33019.436,-152778.860,-33019.436,地籍図,法第14条1項地図,P-F,,,,,,
46201-3400-234.zip,J   14-1,500,false,-152778.860,-33019.436,-152628.858,-33019.435,-152778.860,-32819.437,-152628.859,-32819.436,地籍図,法第14条1項地図,P-F,,,,,,
46201-3400-234.zip,J   14-2,500,false,-152778.860,-32819.437,-152628.859,-32819.436,-152778.861,-32619.438,-152628.859,-32619.437,地籍図,法第14条1項地図,P-F,,,,,,
46201-3400-234.zip,J   14-3,500,false,-152928.862,-33019.436,-152778.860,-33019.436,-152928.862,-32819.438,-152778.860,-32819.437,地籍図,法第14条1項地図,P-F,,,,,,
46201-3400-234.zip,J   14-4,500,false,-152928.862,-32819.438,-152778.860,-32819.437,-152928.863,-32619.439,-152778.861,-32619.438,地籍図,法第14条1項地図,P-F,,,,,,
46201-3400-234.zip,J   15-1,500,false,-152778.861,-32619.438,-152628.859,-32619.437,-152778.861,-32419.439,-152628.859,-32419.438,地籍図,法第14条1項地図,P-F,,,,,,
46201-3400-234.zip,J   15-2,500,false,-152778.861,-32419.439,-152628.859,-32419.438,-152778.862,-32219.440,-152628.859,-32219.439,地籍図,法第14条1項地図,P-F,,,,,,
46201-3400-234.zip,J   15-3,500,false,-152928.863,-32619.439,-152778.861,-32619.438,-152928.864,-32419.440,-152778.861,-32419.439,地籍図,法第14条1項地図,P-F,,,,,,
46201-3400-234.zip,J   15-4,500,false,-152928.864,-32419.440,-152778.861,-32419.439,-152928.864,-32219.441,-152778.862,-32219.440,地籍図,法第14条1項地図,P-F,,,,,,
46201-3400-234.zip,J   21-4,500,false,-153228.863,-34019.427,-153078.862,-34019.427,-153228.864,-33819.430,-153078.862,-33819.430,地籍図,法第14条1項地図,P-F,,,,,,
46201-3400-234.zip,J   22-3,500,false,-153228.864,-33819.430,-153078.862,-33819.430,-153228.865,-33619.432,-153078.863,-33619.432,地籍図,法第14条1項地図,P-F,,,,,,
46201-3400-234.zip,J   23-2,500,false,-153078.864,-33219.436,-152928.861,-33219.435,-153078.865,-33019.437,-152928.862,-33019.436,地籍図,法第14条1項地図,P-F,,,,,,
46201-3400-234.zip,J   23-4,500,false,-153228.867,-33219.436,-153078.864,-33219.436,-153228.868,-33019.438,-153078.865,-33019.437,地籍図,法第14条1項地図,P-F,,,,,,
46201-3400-234.zip,J   24-1,500,false,-153078.865,-33019.437,-152928.862,-33019.436,-153078.865,-32819.439,-152928.862,-32819.438,地籍図,法第14条1項地図,P-F,,,,,,
46201-3400-234.zip,J   24-2,500,false,-153078.865,-32819.439,-152928.862,-32819.438,-153078.866,-32619.440,-152928.863,-32619.439,地籍図,法第14条1項地図,P-F,,,,,,
46201-3400-234.zip,J   24-3,500,false,-153228.868,-33019.438,-153078.865,-33019.437,-153228.869,-32819.439,-153078.865,-32819.439,地籍図,法第14条1項地図,P-F,,,,,,
46201-3400-234.zip,J   24-4,500,false,-153228.869,-32819.439,-153078.865,-32819.439,-153228.870,-32619.441,-153078.866,-32619.440,地籍図,法第14条1項地図,P-F,,,,,,
46201-3400-234.zip,J   25-1,500,false,-153078.866,-32619.440,-152928.863,-32619.439,-153078.867,-32419.441,-152928.864,-32419.440,地籍図,法第14条1項地図,P-F,,,,,,
46201-3400-234.zip,J   25-2,500,false,-153078.867,-32419.441,-152928.864,-32419.440,-153078.868,-32219.442,-152928.864,-32219.441,地籍図,法第14条1項地図,P-F,,,,,,
46201-3400-234.zip,J   25-3,500,false,-153228.870,-32619.441,-153078.866,-32619.440,-153228.871,-32419.442,-153078.867,-32419.441,地籍図,法第14条1項地図,P-F,,,,,,
46201-3400-234.zip,J   31-2,500,false,-153378.864,-34019.428,-153228.863,-34019.427,-153378.865,-33819.430,-153228.864,-33819.430,地籍図,法第14条1項地図,P-F,,,,,,
46201-3400-234.zip,J   32-1,500,false,-153378.865,-33819.430,-153228.864,-33819.430,-153378.867,-33619.433,-153228.865,-33619.432,地籍図,法第14条1項地図,P-F,,,,,,
46201-3400-234.zip,J   32-2,500,false,-153378.867,-33619.433,-153228.865,-33619.432,-153378.868,-33419.436,-153228.866,-33419.435,地籍図,法第14条1項地図,P-F,,,,,,
46201-3400-234.zip,J   32-3,500,false,-153528.867,-33819.430,-153378.865,-33819.430,-153528.869,-33619.433,-153378.867,-33619.433,地籍図,法第14条1項地図,P-F,,,,,,
46201-3400-234.zip,J   32-4,500,false,-153528.869,-33619.433,-153378.867,-33619.433,-153528.871,-33419.436,-153378.868,-33419.436,地籍図,法第14条1項地図,P-F,,,,,,
46201-3400-234.zip,J   33-2,500,false,-153378.870,-33219.437,-153228.867,-33219.436,-153378.871,-33019.439,-153228.868,-33019.438,地籍図,法第14条1項地図,P-F,,,,,,
46201-3400-234.zip,J   33-3,500,false,-153528.871,-33419.436,-153378.868,-33419.436,-153528.872,-33219.438,-153378.870,-33219.437,地籍図,法第14条1項地図,P-F,,,,,,
46201-3400-234.zip,J   33-4,500,false,-153528.872,-33219.438,-153378.870,-33219.437,-153528.874,-33019.440,-153378.871,-33019.439,地籍図,法第14条1項地図,P-F,,,,,,
46201-3400-234.zip,J   34-1,500,false,-153378.871,-33019.439,-153228.868,-33019.438,-153378.872,-32819.440,-153228.869,-32819.439,地籍図,法第14条1項地図,P-F,,,,,,
46201-3400-234.zip,J   34-2,500,false,-153378.872,-32819.440,-153228.869,-32819.439,-153378.873,-32619.442,-153228.870,-32619.441,地籍図,法第14条1項地図,P-F,,,,,,
46201-3400-234.zip,J   34-3,500,false,-153528.874,-33019.440,-153378.871,-33019.439,-153528.875,-32819.441,-153378.872,-32819.440,地籍図,法第14条1項地図,P-F,,,,,,
46201-3400-234.zip,J   34-4,500,false,-153528.875,-32819.441,-153378.872,-32819.440,-153528.877,-32619.443,-153378.873,-32619.442,地籍図,法第14条1項地図,P-F,,,,,,
46201-3400-234.zip,J   35-1,500,false,-153378.873,-32619.442,-153228.870,-32619.441,-153378.875,-32419.444,-153228.871,-32419.442,地籍図,法第14条1項地図,P-F,,,,,,
46201-3400-234.zip,J   35-3,500,false,-153528.877,-32619.443,-153378.873,-32619.442,-153528.878,-32419.445,-153378.875,-32419.444,地籍図,法第14条1項地図,P-F,,,,,,
46201-3400-234.zip,J   42-1,500,false,-153678.869,-33819.431,-153528.867,-33819.430,-153678.871,-33619.434,-153528.869,-33619.433,地籍図,法第14条1項地図,P-F,,,,,,
46201-3400-234.zip,J   42-2,500,false,-153678.871,-33619.434,-153528.869,-33619.433,-153678.873,-33419.437,-153528.871,-33419.436,地籍図,法第14条1項地図,P-F,,,,,,
46201-3400-234.zip,J   42-4,500,false,-153828.873,-33619.434,-153678.871,-33619.434,-153828.876,-33419.437,-153678.873,-33419.437,地籍図,法第14条1項地図,P-F,,,,,,
46201-3400-234.zip,J   43-1,500,false,-153678.873,-33419.437,-153528.871,-33419.436,-153678.875,-33219.438,-153528.872,-33219.438,地籍図,法第14条1項地図,P-F,,,,,,
46201-3400-234.zip,J   43-2,500,false,-153678.875,-33219.438,-153528.872,-33219.438,-153678.877,-33019.440,-153528.874,-33019.440,地籍図,法第14条1項地図,P-F,,,,,,
46201-3400-234.zip,J   43-3,500,false,-153828.876,-33419.437,-153678.873,-33419.437,-153828.878,-33219.439,-153678.875,-33219.438,地籍図,法第14条1項地図,P-F,,,,,,
46201-3400-234.zip,J   43-4,500,false,-153828.878,-33219.439,-153678.875,-33219.438,-153828.880,-33019.441,-153678.877,-33019.440,地籍図,法第14条1項地図,P-F,,,,,,
46201-3400-234.zip,J   44-1,500,false,-153678.877,-33019.440,-153528.874,-33019.440,-153678.879,-32819.442,-153528.875,-32819.441,地籍図,法第14条1項地図,P-F,,,,,,
46201-3400-234.zip,J   44-2,500,false,-153678.879,-32819.442,-153528.875,-32819.441,-153678.880,-32619.444,-153528.877,-32619.443,地籍図,法第14条1項地図,P-F,,,,,,
46201-3400-234.zip,J   44-3,500,false,-153828.880,-33019.441,-153678.877,-33019.440,-153828.882,-32819.443,-153678.879,-32819.442,地籍図,法第14条1項地図,P-F,,,,,,
46201-3400-234.zip,J   45-1,500,false,-153678.880,-32619.444,-153528.877,-32619.443,-153678.882,-32419.446,-153528.878,-32419.445,地籍図,法第14条1項地図,P-F,,,,,,
46201-3400-234.zip,J   45-3,500,false,-153828.884,-32619.445,-153678.880,-32619.444,-153828.886,-32419.447,-153678.882,-32419.446,地籍図,法第14条1項地図,P-F,,,,,,
46201-3400-235.zip,B   45-4,500,false,-152328.855,-32419.437,-152178.852,-32419.436,-152328.854,-32219.437,-152178.852,-32219.436,地籍図,法第14条1項地図,P-F,,,,,,
46201-3400-235.zip,B   55-1,500,false,-152478.857,-32619.436,-152328.855,-32619.436,-152478.857,-32419.437,-152328.855,-32419.437,地籍図,法第14条1項地図,P-F,,,,,,
46201-3400-235.zip,B   55-2,500,false,-152478.857,-32419.437,-152328.855,-32419.437,-152478.857,-32219.438,-152328.854,-32219.437,地籍図,法第14条1項地図,P-F,,,,,,
46201-3400-235.zip,B   55-3,500,false,-152628.859,-32619.437,-152478.857,-32619.436,-152628.859,-32419.438,-152478.857,-32419.437,地籍図,法第14条1項地図,P-F,,,,,,
46201-3400-235.zip,B   55-4,500,false,-152628.859,-32419.438,-152478.857,-32419.437,-152628.859,-32219.439,-152478.857,-32219.438,地籍図,法第14条1項地図,P-F,,,,,,
46201-3400-235.zip,C   41-3,500,false,-152328.854,-32219.437,-152178.852,-32219.436,-152328.853,-32019.437,-152178.851,-32019.436,地籍図,法第14条1項地図,P-F,,,,,,
46201-3400-235.zip,C   41-4,500,false,-152328.853,-32019.437,-152178.851,-32019.436,-152328.853,-31819.436,-152178.850,-31819.435,地籍図,法第14条1項地図,P-F,,,,,,
46201-3400-235.zip,C   42-3,500,false,-152328.853,-31819.436,-152178.850,-31819.435,-152328.852,-31619.435,-152178.849,-31619.434,地籍図,法第14条1項地図,P-F,,,,,,
46201-3400-235.zip,C   51-1,500,false,-152478.857,-32219.438,-152328.854,-32219.437,-152478.856,-32019.438,-152328.853,-32019.437,地籍図,法第14条1項地図,P-F,,,,,,
46201-3400-235.zip,C   51-2,500,false,-152478.856,-32019.438,-152328.853,-32019.437,-152478.855,-31819.437,-152328.853,-31819.436,地籍図,法第14条1項地図,P-F,,,,,,
46201-3400-235.zip,C   51-3,500,false,-152628.859,-32219.439,-152478.857,-32219.438,-152628.858,-32019.439,-152478.856,-32019.438,地籍図,法第14条1項地図,P-F,,,,,,
46201-3400-235.zip,C   51-4,500,false,-152628.858,-32019.439,-152478.856,-32019.438,-152628.858,-31819.438,-152478.855,-31819.437,地籍図,法第14条1項地図,P-F,,,,,,
46201-3400-235.zip,C   52-1,500,false,-152478.855,-31819.437,-152328.853,-31819.436,-152478.854,-31619.436,-152328.852,-31619.435,地籍図,法第14条1項地図,P-F,,,,,,
46201-3400-235.zip,C   52-3,500,false,-152628.858,-31819.438,-152478.855,-31819.437,-152628.857,-31619.437,-152478.854,-31619.436,地籍図,法第14条1項地図,P-F,,,,,,
46201-3400-235.zip,J   15-2,500,false,-152778.861,-32419.439,-152628.859,-32419.438,-152778.862,-32219.440,-152628.859,-32219.439,地籍図,法第14条1項地図,P-F,,,,,,
46201-3400-235.zip,J   15-4,500,false,-152928.864,-32419.440,-152778.861,-32419.439,-152928.864,-32219.441,-152778.862,-32219.440,地籍図,法第14条1項地図,P-F,,,,,,
46201-3400-235.zip,J   25-1,500,false,-153078.866,-32619.440,-152928.863,-32619.439,-153078.867,-32419.441,-152928.864,-32419.440,地籍図,法第14条1項地図,P-F,,,,,,
46201-3400-235.zip,J   25-2,500,false,-153078.867,-32419.441,-152928.864,-32419.440,-153078.868,-32219.442,-152928.864,-32219.441,地籍図,法第14条1項地図,P-F,,,,,,
46201-3400-235.zip,J   25-3,500,false,-153228.870,-32619.441,-153078.866,-32619.440,-153228.871,-32419.442,-153078.867,-32419.441,地籍図,法第14条1項地図,P-F,,,,,,
46201-3400-235.zip,J   25-4,500,false,-153228.871,-32419.442,-153078.867,-32419.441,-153228.872,-32219.444,-153078.868,-32219.442,地籍図,法第14条1項地図,P-F,,,,,,
46201-3400-235.zip,J   35-1,500,false,-153378.873,-32619.442,-153228.870,-32619.441,-153378.875,-32419.444,-153228.871,-32419.442,地籍図,法第14条1項地図,P-F,,,,,,
46201-3400-235.zip,J   35-2,500,false,-153378.875,-32419.444,-153228.871,-32419.442,-153378.876,-32219.445,-153228.872,-32219.444,地籍図,法第14条1項地図,P-F,,,,,,
46201-3400-235.zip,J   35-3,500,false,-153528.877,-32619.443,-153378.873,-32619.442,-153528.878,-32419.445,-153378.875,-32419.444,地籍図,法第14条1項地図,P-F,,,,,,
46201-3400-235.zip,J   35-4,500,false,-153528.878,-32419.445,-153378.875,-32419.444,-153528.880,-32219.446,-153378.876,-32219.445,地籍図,法第14条1項地図,P-F,,,,,,
46201-3400-235.zip,J   45-1,500,false,-153678.880,-32619.444,-153528.877,-32619.443,-153678.882,-32419.446,-153528.878,-32419.445,地籍図,法第14条1項地図,P-F,,,,,,
46201-3400-235.zip,J   45-2,500,false,-153678.882,-32419.446,-153528.878,-32419.445,-153678.884,-32219.448,-153528.880,-32219.446,地籍図,法第14条1項地図,P-F,,,,,,
46201-3400-235.zip,J   45-3,500,false,-153828.884,-32619.445,-153678.880,-32619.444,-153828.886,-32419.447,-153678.882,-32419.446,地籍図,法第14条1項地図,P-F,,,,,,
46201-3400-235.zip,K   11-1,500,false,-152778.862,-32219.440,-152628.859,-32219.439,-152778.861,-32019.440,-152628.858,-32019.439,地籍図,法第14条1項地図,P-F,,,,,,
46201-3400-235.zip,K   11-2,500,false,-152778.861,-32019.440,-152628.858,-32019.439,-152778.860,-31819.439,-152628.858,-31819.438,地籍図,法第14条1項地図,P-F,,,,,,
46201-3400-235.zip,K   11-3,500,false,-152928.864,-32219.441,-152778.862,-32219.440,-152928.863,-32019.441,-152778.861,-32019.440,地籍図,法第14条1項地図,P-F,,,,,,
46201-3400-235.zip,K   11-4,500,false,-152928.863,-32019.441,-152778.861,-32019.440,-152928.863,-31819.440,-152778.860,-31819.439,地籍図,法第14条1項地図,P-F,,,,,,
46201-3400-235.zip,K   12-1,500,false,-152778.860,-31819.439,-152628.858,-31819.438,-152778.860,-31619.438,-152628.857,-31619.437,地籍図,法第14条1項地図,P-F,,,,,,
46201-3400-235.zip,K   12-3,500,false,-152928.863,-31819.440,-152778.860,-31819.439,-152928.862,-31619.439,-152778.860,-31619.438,地籍図,法第14条1項地図,P-F,,,,,,
46201-3400-235.zip,K   21-1,500,false,-153078.868,-32219.442,-152928.864,-32219.441,-153078.867,-32019.442,-152928.863,-32019.441,地籍図,法第14条1項地図,P-F,,,,,,
46201-3400-235.zip,K   21-2,500,false,-153078.867,-32019.442,-152928.863,-32019.441,-153078.867,-31819.441,-152928.863,-31819.440,地籍図,法第14条1項地図,P-F,,,,,,
46201-3400-235.zip,K   21-3,500,false,-153228.872,-32219.444,-153078.868,-32219.442,-153228.871,-32019.443,-153078.867,-32019.442,地籍図,法第14条1項地図,P-F,,,,,,
46201-3400-235.zip,K   21-4,500,false,-153228.871,-32019.443,-153078.867,-32019.442,-153228.871,-31819.443,-153078.867,-31819.441,地籍図,法第14条1項地図,P-F,,,,,,
46201-3400-235.zip,K   22-1,500,false,-153078.867,-31819.441,-152928.863,-31819.440,-153078.866,-31619.441,-152928.862,-31619.439,地籍図,法第14条1項地図,P-F,,,,,,
46201-3400-235.zip,K   22-2,500,false,-153078.866,-31619.441,-152928.862,-31619.439,-153078.866,-31419.440,-152928.862,-31419.439,地籍図,法第14条1項地図,P-F,,,,,,
46201-3400-235.zip,K   22-3,500,false,-153228.871,-31819.443,-153078.867,-31819.441,-153228.871,-31619.442,-153078.866,-31619.441,地籍図,法第14条1項地図,P-F,,,,,,
46201-3400-235.zip,K   22-4,500,false,-153228.871,-31619.442,-153078.866,-31619.441,-153228.870,-31419.441,-153078.866,-31419.440,地籍図,法第14条1項地図,P-F,,,,,,
46201-3400-235.zip,K   31-1,500,false,-153378.876,-32219.445,-153228.872,-32219.444,-153378.875,-32019.444,-153228.871,-32019.443,地籍図,法第14条1項地図,P-F,,,,,,
46201-3400-235.zip,K   31-2,500,false,-153378.875,-32019.444,-153228.871,-32019.443,-153378.875,-31819.444,-153228.871,-31819.443,地籍図,法第14条1項地図,P-F,,,,,,
46201-3400-235.zip,K   31-3,500,false,-153528.880,-32219.446,-153378.876,-32219.445,-153528.879,-32019.446,-153378.875,-32019.444,地籍図,法第14条1項地図,P-F,,,,,,
46201-3400-235.zip,K   31-4,500,false,-153528.879,-32019.446,-153378.875,-32019.444,-153528.879,-31819.445,-153378.875,-31819.444,地籍図,法第14条1項地図,P-F,,,,,,
46201-3400-235.zip,K   41-2,500,false,-153678.883,-32019.447,-153528.879,-32019.446,-153678.883,-31819.447,-153528.879,-31819.445,地籍図,法第14条1項地図,P-F,,,,,,
46201-3400-235.zip,K   32-1,500,false,-153378.875,-31819.444,-153228.871,-31819.443,-153378.875,-31619.443,-153228.871,-31619.442,地籍図,法第14条1項地図,P-F,,,,,,
46201-3400-235.zip,K   32-2,500,false,-153378.875,-31619.443,-153228.871,-31619.442,-153378.874,-31419.443,-153228.870,-31419.441,地籍図,法第14条1項地図,P-F,,,,,,
46201-3400-235.zip,K   32-3,500,false,-153528.879,-31819.445,-153378.875,-31819.444,-153528.879,-31619.445,-153378.875,-31619.443,地籍図,法第14条1項地図,P-F,,,,,,
46201-3400-235.zip,K   32-4,500,false,-153528.879,-31619.445,-153378.875,-31619.443,-153528.878,-31419.444,-153378.874,-31419.443,地籍図,法第14条1項地図,P-F,,,,,,
46201-3400-235.zip,K   42-1,500,false,-153678.883,-31819.447,-153528.879,-31819.445,-153678.883,-31619.446,-153528.879,-31619.445,地籍図,法第14条1項地図,P-F,,,,,,
46201-3400-236.zip,C   42-2,500,false,-152178.849,-31619.434,-152028.846,-31619.433,-152178.848,-31419.433,-152028.845,-31419.432,地籍図,法第14条1項地図,P-F,,,,,,
46201-3400-236.zip,C   42-3,500,false,-152328.853,-31819.436,-152178.850,-31819.435,-152328.852,-31619.435,-152178.849,-31619.434,地籍図,法第14条1項地図,P-F,,,,,,
46201-3400-236.zip,C   42-4,500,false,-152328.852,-31619.435,-152178.849,-31619.434,-152328.851,-31419.434,-152178.848,-31419.433,地籍図,法第14条1項地図,P-F,,,,,,
46201-3400-236.zip,C   43-1,500,false,-152178.848,-31419.433,-152028.845,-31419.432,-152178.847,-31219.433,-152028.844,-31219.431,地籍図,法第14条1項地図,P-F,,,,,,
46201-3400-236.zip,C   43-3,500,false,-152328.851,-31419.434,-152178.848,-31419.433,-152328.850,-31219.434,-152178.847,-31219.433,地籍図,法第14条1項地図,P-F,,,,,,
46201-3400-236.zip,C   43-4,500,false,-152328.850,-31219.434,-152178.847,-31219.433,-152328.849,-31019.433,-152178.846,-31019.432,地籍図,法第14条1項地図,P-F,,,,,,
46201-3400-236.zip,C   44-3,500,false,-152328.849,-31019.433,-152178.846,-31019.432,-152328.848,-30819.432,-152178.845,-30819.431,地籍図,法第14条1項地図,P-F,,,,,,
46201-3400-236.zip,C   52-1,500,false,-152478.855,-31819.437,-152328.853,-31819.436,-152478.854,-31619.436,-152328.852,-31619.435,地籍図,法第14条1項地図,P-F,,,,,,
46201-3400-236.zip,C   52-2,500,false,-152478.854,-31619.436,-152328.852,-31619.435,-152478.854,-31419.436,-152328.851,-31419.434,地籍図,法第14条1項地図,P-F,,,,,,
46201-3400-236.zip,C   52-3,500,false,-152628.858,-31819.438,-152478.855,-31819.437,-152628.857,-31619.437,-152478.854,-31619.436,地籍図,法第14条1項地図,P-F,,,,,,
46201-3400-236.zip,C   52-4,500,false,-152628.857,-31619.437,-152478.854,-31619.436,-152628.856,-31419.437,-152478.854,-31419.436,地籍図,法第14条1項地図,P-F,,,,,,
46201-3400-236.zip,C   53-1,500,false,-152478.854,-31419.436,-152328.851,-31419.434,-152478.853,-31219.435,-152328.850,-31219.434,地籍図,法第14条1項地図,P-F,,,,,,
46201-3400-236.zip,C   53-2,500,false,-152478.853,-31219.435,-152328.850,-31219.434,-152478.852,-31019.434,-152328.849,-31019.433,地籍図,法第14条1項地図,P-F,,,,,,
46201-3400-236.zip,C   53-3,500,false,-152628.856,-31419.437,-152478.854,-31419.436,-152628.856,-31219.436,-152478.853,-31219.435,地籍図,法第14条1項地図,P-F,,,,,,
46201-3400-236.zip,C   53-4,500,false,-152628.856,-31219.436,-152478.853,-31219.435,-152628.855,-31019.435,-152478.852,-31019.434,地籍図,法第14条1項地図,P-F,,,,,,
46201-3400-236.zip,C   54-1,500,false,-152478.852,-31019.434,-152328.849,-31019.433,-152478.851,-30819.433,-152328.848,-30819.432,地籍図,法第14条1項地図,P-F,,,,,,
46201-3400-236.zip,C   54-2,500,false,-152478.851,-30819.433,-152328.848,-30819.432,-152478.851,-30619.432,-152328.848,-30619.431,地籍図,法第14条1項地図,P-F,,,,,,
46201-3400-236.zip,C   54-3,500,false,-152628.855,-31019.435,-152478.852,-31019.434,-152628.854,-30819.434,-152478.851,-30819.433,地籍図,法第14条1項地図,P-F,,,,,,
46201-3400-236.zip,K   12-1,500,false,-152778.860,-31819.439,-152628.858,-31819.438,-152778.860,-31619.438,-152628.857,-31619.437,地籍図,法第14条1項地図,P-F,,,,,,
46201-3400-236.zip,K   12-2,500,false,-152778.860,-31619.438,-152628.857,-31619.437,-152778.859,-31419.438,-152628.856,-31419.437,地籍図,法第14条1項地図,P-F,,,,,,
46201-3400-236.zip,K   12-3,500,false,-152928.863,-31819.440,-152778.860,-31819.439,-152928.862,-31619.439,-152778.860,-31619.438,地籍図,法第14条1項地図,P-F,,,,,,
46201-3400-236.zip,K   12-4,500,false,-152928.862,-31619.439,-152778.860,-31619.438,-152928.862,-31419.439,-152778.859,-31419.438,地籍図,法第14条1項地図,P-F,,,,,,
46201-3400-236.zip,K   13-1,500,false,-152778.859,-31419.438,-152628.856,-31419.437,-152778.859,-31219.437,-152628.856,-31219.436,地籍図,法第14条1項地図,P-F,,,,,,
46201-3400-236.zip,K   13-2,500,false,-152778.859,-31219.437,-152628.856,-31219.436,-152778.858,-31019.436,-152628.855,-31019.435,地籍図,法第14条1項地図,P-F,,,,,,
46201-3400-236.zip,K   13-3,500,false,-152928.862,-31419.439,-152778.859,-31419.438,-152928.861,-31219.438,-152778.859,-31219.437,地籍図,法第14条1項地図,P-F,,,,,,
46201-3400-236.zip,K   13-4,500,false,-152928.861,-31219.438,-152778.859,-31219.437,-152928.861,-31019.438,-152778.858,-31019.436,地籍図,法第14条1項地図,P-F,,,,,,
46201-3400-236.zip,K   14-1,500,false,-152778.858,-31019.436,-152628.855,-31019.435,-152778.857,-30819.435,-152628.854,-30819.434,地籍図,法第14条1項地図,P-F,,,,,,
46201-3400-236.zip,K   14-3,500,false,-152928.861,-31019.438,-152778.858,-31019.436,-152928.860,-30819.436,-152778.857,-30819.435,地籍図,法第14条1項地図,P-F,,,,,,
46201-3400-236.zip,K   22-1,500,false,-153078.867,-31819.441,-152928.863,-31819.440,-153078.866,-31619.441,-152928.862,-31619.439,地籍図,法第14条1項地図,P-F,,,,,,
46201-3400-236.zip,K   22-2,500,false,-153078.866,-31619.441,-152928.862,-31619.439,-153078.866,-31419.440,-152928.862,-31419.439,地籍図,法第14条1項地図,P-F,,,,,,
46201-3400-236.zip,K   22-4,500,false,-153228.871,-31619.442,-153078.866,-31619.441,-153228.870,-31419.441,-153078.866,-31419.440,地籍図,法第14条1項地図,P-F,,,,,,
46201-3400-236.zip,K   23-1,500,false,-153078.866,-31419.440,-152928.862,-31419.439,-153078.865,-31219.440,-152928.861,-31219.438,地籍図,法第14条1項地図,P-F,,,,,,
46201-3400-236.zip,K   23-2,500,false,-153078.865,-31219.440,-152928.861,-31219.438,-153078.865,-31019.439,-152928.861,-31019.438,地籍図,法第14条1項地図,P-F,,,,,,
46201-3400-236.zip,K   23-3,500,false,-153228.870,-31419.441,-153078.866,-31419.440,-153228.870,-31219.441,-153078.865,-31219.440,地籍図,法第14条1項地図,P-F,,,,,,
46201-3400-236.zip,K   23-4,500,false,-153228.870,-31219.441,-153078.865,-31219.440,-153228.869,-31019.440,-153078.865,-31019.439,地籍図,法第14条1項地図,P-F,,,,,,
46201-3400-236.zip,K   24-1,500,false,-153078.865,-31019.439,-152928.861,-31019.438,-153078.864,-30819.437,-152928.860,-30819.436,地籍図,法第14条1項地図,P-F,,,,,,
46201-3400-236.zip,K   24-3,500,false,-153228.869,-31019.440,-153078.865,-31019.439,-153228.868,-30819.438,-153078.864,-30819.437,地籍図,法第14条1項地図,P-F,,,,,,
46201-3400-236.zip,K   32-2,500,false,-153378.875,-31619.443,-153228.871,-31619.442,-153378.874,-31419.443,-153228.870,-31419.441,地籍図,法第14条1項地図,P-F,,,,,,
46201-3400-236.zip,K   32-4,500,false,-153528.879,-31619.445,-153378.875,-31619.443,-153528.878,-31419.444,-153378.874,-31419.443,地籍図,法第14条1項地図,P-F,,,,,,
46201-3400-236.zip,K   33-1,500,false,-153378.874,-31419.443,-153228.870,-31419.441,-153378.874,-31219.442,-153228.870,-31219.441,地籍図,法第14条1項地図,P-F,,,,,,
46201-3400-236.zip,K   33-2,500,false,-153378.874,-31219.442,-153228.870,-31219.441,-153378.873,-31019.441,-153228.869,-31019.440,地籍図,法第14条1項地図,P-F,,,,,,
46201-3400-236.zip,K   33-3,500,false,-153528.878,-31419.444,-153378.874,-31419.443,-153528.878,-31219.444,-153378.874,-31219.442,地籍図,法第14条1項地図,P-F,,,,,,
46201-3400-236.zip,K   33-4,500,false,-153528.878,-31219.444,-153378.874,-31219.442,-153528.878,-31019.443,-153378.873,-31019.441,地籍図,法第14条1項地図,P-F,,,,,,
46201-3400-236.zip,K   34-1,500,false,-153378.873,-31019.441,-153228.869,-31019.440,-153378.872,-30819.440,-153228.868,-30819.438,地籍図,法第14条1項地図,P-F,,,,,,
46201-3400-236.zip,K   34-3,500,false,-153528.878,-31019.443,-153378.873,-31019.441,-153528.876,-30819.441,-153378.872,-30819.440,地籍図,法第14条1項地図,P-F,,,,,,
46201-3400-236.zip,K   43-2,500,false,-153678.882,-31219.445,-153528.878,-31219.444,-153678.882,-31019.444,-153528.878,-31019.443,地籍図,法第14条1項地図,P-F,,,,,,
46201-3400-236.zip,K   43-1,500,false,-153678.883,-31419.445,-153528.878,-31419.444,-153678.882,-31219.445,-153528.878,-31219.444,地籍図,法第14条1項地図,P-F,,,,,,
46201-3400-237.zip,C   34-4,500,false,-152028.843,-30819.430,-151878.841,-30819.430,-152028.842,-30619.429,-151878.841,-30619.429,地籍図,法第14条1項地図,P-F,,,,,,
46201-3400-237.zip,C   35-3,500,false,-152028.842,-30619.429,-151878.841,-30619.429,-152028.841,-30419.428,-151878.840,-30419.428,地籍図,法第14条1項地図,P-F,,,,,,
46201-3400-237.zip,C   35-4,500,false,-152028.841,-30419.428,-151878.840,-30419.428,-152028.841,-30219.427,-151878.839,-30219.427,地籍図,法第14条1項地図,P-F,,,,,,
46201-3400-237.zip,C   44-2,500,false,-152178.845,-30819.431,-152028.843,-30819.430,-152178.845,-30619.430,-152028.842,-30619.429,地籍図,法第14条1項地図,P-F,,,,,,
46201-3400-237.zip,C   44-4,500,false,-152328.848,-30819.432,-152178.845,-30819.431,-152328.848,-30619.431,-152178.845,-30619.430,地籍図,法第14条1項地図,P-F,,,,,,
46201-3400-237.zip,C   45-1,500,false,-152178.845,-30619.430,-152028.842,-30619.429,-152178.844,-30419.429,-152028.841,-30419.428,地籍図,法第14条1項地図,P-F,,,,,,
46201-3400-237.zip,C   45-2,500,false,-152178.844,-30419.429,-152028.841,-30419.428,-152178.844,-30219.428,-152028.841,-30219.427,地籍図,法第14条1項地図,P-F,,,,,,
46201-3400-237.zip,C   45-3,500,false,-152328.848,-30619.431,-152178.845,-30619.430,-152328.847,-30419.429,-152178.844,-30419.429,地籍図,法第14条1項地図,P-F,,,,,,
46201-3400-237.zip,C   45-4,500,false,-152328.847,-30419.429,-152178.844,-30419.429,-152328.846,-30219.428,-152178.844,-30219.428,地籍図,法第14条1項地図,P-F,,,,,,
46201-3400-237.zip,C   54-2,500,false,-152478.851,-30819.433,-152328.848,-30819.432,-152478.851,-30619.432,-152328.848,-30619.431,地籍図,法第14条1項地図,P-F,,,,,,
46201-3400-237.zip,C   54-1,500,false,-152478.852,-31019.434,-152328.849,-31019.433,-152478.851,-30819.433,-152328.848,-30819.432,地籍図,法第14条1項地図,P-F,,,,,,
46201-3400-237.zip,C   54-3,500,false,-152628.855,-31019.435,-152478.852,-31019.434,-152628.854,-30819.434,-152478.851,-30819.433,地籍図,法第14条1項地図,P-F,,,,,,
46201-3400-237.zip,C   54-4,500,false,-152628.854,-30819.434,-152478.851,-30819.433,-152628.854,-30619.432,-152478.851,-30619.432,地籍図,法第14条1項地図,P-F,,,,,,
46201-3400-237.zip,C   55-1,500,false,-152478.851,-30619.432,-152328.848,-30619.431,-152478.850,-30419.430,-152328.847,-30419.429,地籍図,法第14条1項地図,P-F,,,,,,
46201-3400-237.zip,C   55-2,500,false,-152478.850,-30419.430,-152328.847,-30419.429,-152478.849,-30219.429,-152328.846,-30219.428,地籍図,法第14条1項地図,P-F,,,,,,
46201-3400-237.zip,C   55-3,500,false,-152628.854,-30619.432,-152478.851,-30619.432,-152628.853,-30419.431,-152478.850,-30419.430,地籍図,法第14条1項地図,P-F,,,,,,
46201-3400-237.zip,C   55-4,500,false,-152628.853,-30419.431,-152478.850,-30419.430,-152628.852,-30219.429,-152478.849,-30219.429,地籍図,法第14条1項地図,P-F,,,,,,
46201-3400-237.zip,D   41-3,500,false,-152328.846,-30219.428,-152178.844,-30219.428,-152328.846,-30019.427,-152178.843,-30019.427,地籍図,法第14条1項地図,P-F,,,,,,
46201-3400-237.zip,D   51-1,500,false,-152478.849,-30219.429,-152328.846,-30219.428,-152478.849,-30019.428,-152328.846,-30019.427,地籍図,法第14条1項地図,P-F,,,,,,
46201-3400-237.zip,D   51-3,500,false,-152628.852,-30219.429,-152478.849,-30219.429,-152628.851,-30019.428,-152478.849,-30019.428,地籍図,法第14条1項地図,P-F,,,,,,
46201-3400-237.zip,K   14-1,500,false,-152778.858,-31019.436,-152628.855,-31019.435,-152778.857,-30819.435,-152628.854,-30819.434,地籍図,法第14条1項地図,P-F,,,,,,
46201-3400-237.zip,K   14-2,500,false,-152778.857,-30819.435,-152628.854,-30819.434,-152778.856,-30619.433,-152628.854,-30619.432,地籍図,法第14条1項地図,P-F,,,,,,
46201-3400-237.zip,K   14-3,500,false,-152928.861,-31019.438,-152778.858,-31019.436,-152928.860,-30819.436,-152778.857,-30819.435,地籍図,法第14条1項地図,P-F,,,,,,
46201-3400-237.zip,K   14-4,500,false,-152928.860,-30819.436,-152778.857,-30819.435,-152928.859,-30619.434,-152778.856,-30619.433,地籍図,法第14条1項地図,P-F,,,,,,
46201-3400-237.zip,K   15-1,500,false,-152778.856,-30619.433,-152628.854,-30619.432,-152778.856,-30419.432,-152628.853,-30419.431,地籍図,法第14条1項地図,P-F,,,,,,
46201-3400-237.zip,K   15-2,500,false,-152778.856,-30419.432,-152628.853,-30419.431,-152778.855,-30219.430,-152628.852,-30219.429,地籍図,法第14条1項地図,P-F,,,,,,
46201-3400-237.zip,K   15-3,500,false,-152928.859,-30619.434,-152778.856,-30619.433,-152928.859,-30419.432,-152778.856,-30419.432,地籍図,法第14条1項地図,P-F,,,,,,
46201-3400-237.zip,K   15-4,500,false,-152928.859,-30419.432,-152778.856,-30419.432,-152928.858,-30219.431,-152778.855,-30219.430,地籍図,法第14条1項地図,P-F,,,,,,
46201-3400-237.zip,K   24-1,500,false,-153078.865,-31019.439,-152928.861,-31019.438,-153078.864,-30819.437,-152928.860,-30819.436,地籍図,法第14条1項地図,P-F,,,,,,
46201-3400-237.zip,K   24-2,500,false,-153078.864,-30819.437,-152928.860,-30819.436,-153078.863,-30619.435,-152928.859,-30619.434,地籍図,法第14条1項地図,P-F,,,,,,
46201-3400-237.zip,K   24-3,500,false,-153228.869,-31019.440,-153078.865,-31019.439,-153228.868,-30819.438,-153078.864,-30819.437,地籍図,法第14条1項地図,P-F,,,,,,
46201-3400-237.zip,K   24-4,500,false,-153228.868,-30819.438,-153078.864,-30819.437,-153228.866,-30619.437,-153078.863,-30619.435,地籍図,法第14条1項地図,P-F,,,,,,
46201-3400-237.zip,K   25-1,500,false,-153078.863,-30619.435,-152928.859,-30619.434,-153078.862,-30419.434,-152928.859,-30419.432,地籍図,法第14条1項地図,P-F,,,,,,
46201-3400-237.zip,K   25-2,500,false,-153078.862,-30419.434,-152928.859,-30419.432,-153078.861,-30219.432,-152928.858,-30219.431,地籍図,法第14条1項地図,P-F,,,,,,
46201-3400-237.zip,K   33-4,500,false,-153528.878,-31219.444,-153378.874,-31219.442,-153528.878,-31019.443,-153378.873,-31019.441,地籍図,法第14条1項地図,P-F,,,,,,
46201-3400-237.zip,K   34-1,500,false,-153378.873,-31019.441,-153228.869,-31019.440,-153378.872,-30819.440,-153228.868,-30819.438,地籍図,法第14条1項地図,P-F,,,,,,
46201-3400-237.zip,K   34-3,500,false,-153528.878,-31019.443,-153378.873,-31019.441,-153528.876,-30819.441,-153378.872,-30819.440,地籍図,法第14条1項地図,P-F,,,,,,
46201-3400-237.zip,K   43-2,500,false,-153678.882,-31219.445,-153528.878,-31219.444,-153678.882,-31019.444,-153528.878,-31019.443,地籍図,法第14条1項地図,P-F,,,,,,
46201-3400-237.zip,K   44-1,500,false,-153678.882,-31019.444,-153528.878,-31019.443,-153678.879,-30819.442,-153528.876,-30819.441,地籍図,法第14条1項地図,P-F,,,,,,
46201-3400-237.zip,L   11-1,500,false,-152778.855,-30219.430,-152628.852,-30219.429,-152778.854,-30019.428,-152628.851,-30019.428,地籍図,法第14条1項地図,P-F,,,,,,
46201-3400-237.zip,L   11-3,500,false,-152928.858,-30219.431,-152778.855,-30219.430,-152928.857,-30019.429,-152778.854,-30019.428,地籍図,法第14条1項地図,P-F,,,,,,
46201-3400-237.zip,L   21-1,500,false,-153078.861,-30219.432,-152928.858,-30219.431,-153078.860,-30019.430,-152928.857,-30019.429,地籍図,法第14条1項地図,P-F,,,,,,
46201-3400-237.zip,M   15-4,500,false,-152928.816,-26419.414,-152778.815,-26419.414,-152928.814,-26219.414,-152778.813,-26219.414,地籍図,法第14条1項地図,P-F,,,,,,
46201-3400-237.zip,M   25-1,500,false,-153078.819,-26619.414,-152928.818,-26619.414,-153078.817,-26419.414,-152928.816,-26419.414,地籍図,法第14条1項地図,P-F,,,,,,
46201-3400-237.zip,M   25-2,500,false,-153078.817,-26419.414,-152928.816,-26419.414,-153078.815,-26219.414,-152928.814,-26219.414,地籍図,法第14条1項地図,P-F,,,,,,
46201-3400-237.zip,M   25-3,500,false,-153228.819,-26619.414,-153078.819,-26619.414,-153228.817,-26419.414,-153078.817,-26419.414,地籍図,法第14条1項地図,P-F,,,,,,
46201-3400-237.zip,M   25-4,500,false,-153228.817,-26419.414,-153078.817,-26419.414,-153228.816,-26219.415,-153078.815,-26219.414,地籍図,法第14条1項地図,P-F,,,,,,
46201-3400-237.zip,M   35-1,500,false,-153378.820,-26619.415,-153228.819,-26619.414,-153378.818,-26419.415,-153228.817,-26419.414,地籍図,法第14条1項地図,P-F,,,,,,
46201-3400-237.zip,M   35-2,500,false,-153378.818,-26419.415,-153228.817,-26419.414,-153378.816,-26219.415,-153228.816,-26219.415,地籍図,法第14条1項地図,P-F,,,,,,
46201-3400-237.zip,M   35-3,500,false,-153528.821,-26619.415,-153378.820,-26619.415,-153528.818,-26419.415,-153378.818,-26419.415,地籍図,法第14条1項地図,P-F,,,,,,
46201-3400-237.zip,M   35-4,500,false,-153528.818,-26419.415,-153378.818,-26419.415,-153528.817,-26219.415,-153378.816,-26219.415,地籍図,法第14条1項地図,P-F,,,,,,
46201-3400-237.zip,N   11-3,500,false,-152928.814,-26219.414,-152778.813,-26219.414,-152928.813,-26019.415,-152778.812,-26019.416,地籍図,法第14条1項地図,P-F,,,,,,
46201-3400-237.zip,N   21-1,500,false,-153078.815,-26219.414,-152928.814,-26219.414,-153078.813,-26019.415,-152928.813,-26019.415,地籍図,法第14条1項地図,P-F,,,,,,
46201-3400-237.zip,N   21-3,500,false,-153228.816,-26219.415,-153078.815,-26219.414,-153228.814,-26019.416,-153078.813,-26019.415,地籍図,法第14条1項地図,P-F,,,,,,
46201-3400-237.zip,N   31-1,500,false,-153378.816,-26219.415,-153228.816,-26219.415,-153378.815,-26019.416,-153228.814,-26019.416,地籍図,法第14条1項地図,P-F,,,,,,
46201-3400-238.zip,302-009-2,,true,942.293,230.732,1211.889,230.618,942.407,557.402,1211.927,557.173,旧土地台帳附属地図,地図に準ずる図面,和-洋紙,,,,,,
46201-3400-238.zip,302-009-3,,true,923.783,392.728,1193.341,392.500,924.088,719.398,1193.494,719.017,旧土地台帳附属地図,地図に準ずる図面,和-洋紙,,,,,,
46201-3400-238.zip,302-009-6,,true,735.048,519.066,984.984,418.787,856.168,821.276,1106.218,720.844,旧土地台帳附属地図,地図に準ずる図面,和-洋紙,,,,,,
46201-3400-238.zip,302-009-7,,true,657.477,547.547,913.052,462.775,759.966,856.615,1015.656,771.614,旧土地台帳附属地図,地図に準ずる図面,和-洋紙,,,,,,
46201-3400-238.zip,302-009-8,,true,593.742,592.011,849.584,676.479,491.253,902.222,747.171,986.538,旧土地台帳附属地図,地図に準ずる図面,和-洋紙,,,,,,
46201-3400-238.zip,302-009-9,,true,439.560,665.900,494.614,402.400,758.190,732.651,813.207,468.923,旧土地台帳附属地図,地図に準ずる図面,和-洋紙,,,,,,
46201-3400-238.zip,302-009-10,,true,724.097,301.563,787.153,563.501,406.533,377.953,469.741,639.891,旧土地台帳附属地図,地図に準ずる図面,和-洋紙,,,,,,
46201-3400-238.zip,302-009-11,,true,668.321,148.266,768.524,398.012,366.073,269.348,466.467,519.323,旧土地台帳附属地図,地図に準ずる図面,和-洋紙,,,,,,
46201-3400-238.zip,302-009-12,,true,654.717,13.268,673.119,282.140,328.771,35.633,347.440,304.505,旧土地台帳附属地図,地図に準ずる図面,和-洋紙,,,,,,
46201-3400-238.zip,302-009-13,,true,464.688,29.652,510.141,294.829,143.733,84.631,189.682,350.036,旧土地台帳附属地図,地図に準ずる図面,和-洋紙,,,,,,
46201-3400-238.zip,302-009-14,,true,337.886,41.848,312.282,310.149,12.625,10.835,-12.787,279.097,旧土地台帳附属地図,地図に準ずる図面,和-洋紙,,,,,,
46201-3400-238.zip,302-009-15,,true,214.512,440.227,244.497,172.840,537.982,476.803,567.928,209.074,旧土地台帳附属地図,地図に準ずる図面,和-洋紙,,,,,,
46201-3400-238.zip,302-009-16,,true,215.552,549.726,234.564,280.853,541.498,572.776,560.281,303.904,旧土地台帳附属地図,地図に準ずる図面,和-洋紙,,,,,,
46201-3400-238.zip,302-009-17,,true,254.941,722.964,215.317,456.873,576.925,675.187,537.187,408.829,旧土地台帳附属地図,地図に準ずる図面,和-洋紙,,,,,,
46201-3400-238.zip,302-009-18,,true,615.543,574.140,644.804,841.526,291.883,609.306,321.335,876.997,旧土地台帳附属地図,地図に準ずる図面,和-洋紙,,,,,,
46201-3400-238.zip,302-009-47,,true,708.879,325.990,978.437,323.514,711.812,652.737,981.332,650.070,旧土地台帳附属地図,地図に準ずる図面,和-洋紙,,,,,,
46201-3400-239.zip,302-009-19,,true,868.626,704.043,835.517,971.506,544.395,663.848,511.324,931.386,旧土地台帳附属地図,地図に準ずる図面,和-洋紙,,,,,,
46201-3400-239.zip,302-009-20,,true,562.174,769.534,610.142,504.205,883.663,827.675,931.631,562.232,旧土地台帳附属地図,地図に準ずる図面,和-洋紙,,,,,,
46201-3400-239.zip,302-009-21,,true,687.042,692.958,681.518,423.324,1013.712,686.290,1008.188,416.580,旧土地台帳附属地図,地図に準ずる図面,和-洋紙,,,,,,
46201-3400-239.zip,302-009-22,,true,812.566,285.361,960.471,510.570,539.465,464.622,687.446,689.984,旧土地台帳附属地図,地図に準ずる図面,和-洋紙,,,,,,
46201-3400-239.zip,302-009-23,,true,592.458,559.063,439.905,336.673,861.864,374.240,709.235,151.812,旧土地台帳附属地図,地図に準ずる図面,和-洋紙,,,,,,
46201-3400-239.zip,302-009-24,,true,430.530,677.737,290.551,447.193,709.766,508.115,569.710,277.610,旧土地台帳附属地図,地図に準ずる図面,和-洋紙,,,,,,
46201-3400-239.zip,302-009-25,,true,691.592,580.125,638.595,844.502,371.285,515.813,318.212,780.303,旧土地台帳附属地図,地図に準ずる図面,和-洋紙,,,,,,
46201-3400-239.zip,302-009-26,,true,163.410,590.019,223.951,327.281,481.774,663.400,542.315,400.471,旧土地台帳附属地図,地図に準ずる図面,和-洋紙,,,,,,
46201-3400-239.zip,302-009-27,,true,160.549,503.078,187.372,234.777,485.657,535.578,512.442,267.124,旧土地台帳附属地図,地図に準ずる図面,和-洋紙,,,,,,
46201-3400-239.zip,302-009-28,,true,242.565,404.032,318.689,145.409,556.015,496.235,632.100,237.459,旧土地台帳附属地図,地図に準ずる図面,和-洋紙,,,,,,
46201-3400-239.zip,302-009-29,,true,269.090,340.242,319.687,75.371,590.007,401.545,640.566,136.597,旧土地台帳附属地図,地図に準ずる図面,和-洋紙,,,,,,
46201-3400-239.zip,302-009-30,,true,321.454,238.561,434.840,-5.965,617.872,375.988,731.220,131.195,旧土地台帳附属地図,地図に準ずる図面,和-洋紙,,,,,,
46201-3400-239.zip,302-009-31,,true,372.640,105.605,300.174,365.295,58.010,17.746,-14.494,277.589,旧土地台帳附属地図,地図に準ずる図面,和-洋紙,,,,,,
46201-3400-239.zip,302-009-32,,true,63.706,345.919,59.438,76.285,390.376,340.776,386.108,71.027,旧土地台帳附属地図,地図に準ずる図面,和-洋紙,,,,,,
46201-3400-24.zip,072-53-2,,true,900.000,600.000,1050.000,600.000,900.000,800.000,1050.000,800.000,土地改良所在図,地図に準ずる図面,P-F,,,,,,
46201-3400-24.zip,072-53-3,,true,900.000,800.000,1050.000,800.000,900.000,1000.000,1050.000,1000.000,土地改良所在図,地図に準ずる図面,P-F,,,,,,
46201-3400-24.zip,072-53-4,,true,750.000,600.000,900.000,600.000,750.000,800.000,900.000,800.000,土地改良所在図,地図に準ずる図面,P-F,,,,,,
46201-3400-240.zip,302-009-33,,true,770.011,281.891,748.713,13.095,1095.728,256.021,1074.316,-12.889,旧土地台帳附属地図,地図に準ずる図面,和-洋紙,,,,,,
46201-3400-240.zip,302-009-34,,true,1049.014,261.015,1013.504,528.363,725.163,218.000,689.692,485.462,旧土地台帳附属地図,地図に準ずる図面,和-洋紙,,,,,,
46201-3400-240.zip,302-009-35,,true,1052.656,349.178,1014.785,616.221,729.110,303.343,691.391,570.501,旧土地台帳附属地図,地図に準ずる図面,和-洋紙,,,,,,
46201-3400-240.zip,302-009-36,,true,748.156,554.755,785.380,287.673,1071.702,599.865,1108.925,332.669,旧土地台帳附属地図,地図に準ずる図面,和-洋紙,,,,,,
46201-3400-240.zip,302-009-37,,true,1113.268,550.942,1117.230,820.576,786.598,555.704,790.560,825.453,旧土地台帳附属地図,地図に準ずる図面,和-洋紙,,,,,,
46201-3400-240.zip,302-009-38,,true,1018.515,721.774,863.448,942.450,751.167,533.979,596.138,754.769,旧土地台帳附属地図,地図に準ずる図面,和-洋紙,,,,,,
46201-3400-240.zip,302-009-39,,true,977.606,744.619,946.784,1012.538,653.070,707.242,622.285,975.276,旧土地台帳附属地図,地図に準ずる図面,和-洋紙,,,,,,
46201-3400-240.zip,302-009-40,,true,718.978,801.767,484.206,669.140,879.684,517.273,644.759,384.723,旧土地台帳附属地図,地図に準ずる図面,和-洋紙,,,,,,
46201-3400-240.zip,302-009-41,,true,818.550,358.462,649.272,568.393,564.194,153.407,394.954,363.453,旧土地台帳附属地図,地図に準ずる図面,和-洋紙,,,,,,
46201-3400-240.zip,302-009-42,,true,584.508,419.211,561.724,687.931,258.943,391.626,236.235,660.460,旧土地台帳附属地図,地図に準ずる図面,和-洋紙,,,,,,
46201-3400-240.zip,302-009-43,,true,321.088,404.122,360.179,137.345,644.405,451.480,683.382,184.551,旧土地台帳附属地図,地図に準ずる図面,和-洋紙,,,,,,
46201-3400-240.zip,302-009-44,,true,114.959,488.653,146.011,220.809,439.534,526.296,470.509,258.300,旧土地台帳附属地図,地図に準ずる図面,和-洋紙,,,,,,
46201-3400-240.zip,302-009-45,,true,88.304,360.281,138.863,95.486,409.221,421.508,459.742,156.522,旧土地台帳附属地図,地図に準ずる図面,和-洋紙,,,,,,
46201-3400-240.zip,302-009-46,,true,349.085,476.591,309.842,743.405,25.844,429.042,-13.322,695.971,旧土地台帳附属地図,地図に準ずる図面,和-洋紙,,,,,,
46201-3400-241.zip,302-2582,,true,716.560,170.567,579.362,402.558,435.420,4.375,298.374,236.328,旧土地台帳附属地図,地図に準ずる図面,P-F,,,,,,
46201-3400-241.zip,302-2583,,true,536.854,181.030,747.548,349.128,333.133,436.301,544.131,604.398,旧土地台帳附属地図,地図に準ずる図面,P-F,,,,,,
46201-3400-241.zip,302-2584,,true,426.203,139.750,670.081,254.470,287.290,435.407,531.168,549.974,旧土地台帳附属地図,地図に準ずる図面,P-F,,,,,,
46201-3400-241.zip,302-2585,,true,355.271,99.093,602.083,207.602,223.788,398.064,470.829,506.497,旧土地台帳附属地図,地図に準ずる図面,P-F,,,,,,
46201-3400-241.zip,302-2586,,true,296.818,253.037,539.554,370.004,155.086,547.322,397.859,664.213,旧土地台帳附属地図,地図に準ずる図面,P-F,,,,,,
46201-3400-241.zip,302-2587,,true,385.689,282.746,608.308,434.651,201.551,552.533,424.513,704.476,旧土地台帳附属地図,地図に準ずる図面,P-F,,,,,,
46201-3400-241.zip,302-2588,,true,444.989,297.326,672.866,441.153,270.681,573.589,498.634,717.303,旧土地台帳附属地図,地図に準ずる図面,P-F,,,,,,
46201-3400-241.zip,302-2589,,true,477.377,340.273,701.939,489.359,296.707,612.460,521.497,761.470,旧土地台帳附属地図,地図に準ずる図面,P-F,,,,,,
46201-3400-241.zip,302-2590,,true,244.994,442.456,501.827,523.990,146.201,753.733,403.033,835.230,旧土地台帳附属地図,地図に準ずる図面,P-F,,,,,,
46201-3400-241.zip,302-2591,,true,383.417,725.917,137.481,615.579,517.224,427.898,270.907,317.751,旧土地台帳附属地図,地図に準ずる図面,P-F,,,,,,
46201-3400-241.zip,302-2592,,true,263.683,669.043,530.993,634.487,305.631,992.970,572.827,958.261,旧土地台帳附属地図,地図に準ずる図面,P-F,,,,,,
46201-3400-241.zip,302-2593,,true,227.397,603.269,479.391,698.900,111.421,908.641,363.643,1004.158,旧土地台帳附属地図,地図に準ずる図面,P-F,,,,,,
46201-3400-241.zip,302-2594,,true,170.555,752.651,434.284,808.429,102.889,1072.196,366.580,1127.899,旧土地台帳附属地図,地図に準ずる図面,P-F,,,,,,
46201-3400-241.zip,302-2595,,true,141.515,619.391,386.842,731.101,6.070,916.648,251.663,1028.281,旧土地台帳附属地図,地図に準ずる図面,P-F,,,,,,
46201-3400-241.zip,302-2596,,true,175.898,439.166,433.264,519.062,79.047,751.130,336.451,830.949,旧土地台帳附属地図,地図に準ずる図面,P-F,,,,,,
46201-3400-241.zip,302-2597,,true,216.558,245.951,460.132,361.471,76.540,541.074,320.419,656.480,旧土地台帳附属地図,地図に準ずる図面,P-F,,,,,,
46201-3400-241.zip,302-2598,,true,291.132,86.160,536.116,198.517,154.963,383.036,399.946,495.316,旧土地台帳附属地図,地図に準ずる図面,P-F,,,,,,
46201-3400-242.zip,302-2601-1,,true,-156040.000,-37740.250,-155840.000,-37740.250,-156040.000,-37490.250,-155840.000,-37490.250,その他,地図に準ずる図面,P-F,,,,,,
46201-3400-243.zip,302-005-3,,true,1543.213,521.037,1411.387,756.267,1258.377,361.207,1126.589,596.589,旧土地台帳附属地図,地図に準ずる図面,和-洋紙,,,,,,
46201-3400-243.zip,302-005-19,,true,875.716,617.648,862.305,886.863,549.541,601.303,536.206,870.404,旧土地台帳附属地図,地図に準ずる図面,和-洋紙,,,,,,
46201-3400-243.zip,302-005-21,,true,824.221,337.602,768.062,601.292,504.752,269.403,448.707,533.284,旧土地台帳附属地図,地図に準ずる図面,和-洋紙,,,,,,
46201-3400-243.zip,302-005-22,,true,861.974,185.024,773.963,439.761,553.363,78.229,465.390,332.890,旧土地台帳附属地図,地図に準ずる図面,和-洋紙,,,,,,
46201-3400-243.zip,302-0523甲,,true,480.176,406.734,270.016,237.798,684.964,152.225,474.537,-16.634,旧土地台帳附属地図,地図に準ずる図面,和-洋紙,,,,,,
46201-3400-243.zip,302-0523乙,,true,422.764,16.808,420.402,286.328,96.132,13.875,93.922,283.395,旧土地台帳附属地図,地図に準ずる図面,和-洋紙,,,,,,
46201-3400-243.zip,302-005-24,,true,320.020,23.789,314.458,293.423,-6.497,16.893,-11.945,286.680,旧土地台帳附属地図,地図に準ずる図面,和-洋紙,,,,,,
46201-3400-243.zip,302-005201,600,false,948.752,564.129,921.648,832.355,623.761,531.290,596.657,799.516,旧土地台帳附属地図,地図に準ずる図面,和-洋紙,,,,,,
46201-3400-243.zip,302-005202,,true,844.061,485.337,816.957,753.563,519.070,452.498,491.966,720.724,旧土地台帳附属地図,地図に準ずる図面,和-洋紙,,,,,,
46201-3400-244.zip,302-2617,,true,467.024,339.950,481.159,609.280,140.811,357.019,155.137,626.463,旧土地台帳附属地図,地図に準ずる図面,P-F,,,,,,
46201-3400-244.zip,302-2623,,true,357.156,695.890,343.326,965.106,30.943,679.165,17.227,948.303,旧土地台帳附属地図,地図に準ずる図面,P-F,,,,,,
46201-3400-244.zip,302-2624,,true,162.948,522.433,432.582,522.471,162.834,849.103,432.658,848.913,旧土地台帳附属地図,地図に準ずる図面,P-F,,,,,,
46201-3400-244.zip,302-2625,,true,320.152,466.469,330.248,735.875,-6.251,478.737,3.959,748.067,旧土地台帳附属地図,地図に準ずる図面,P-F,,,,,,
46201-3400-244.zip,302-2626,,true,325.408,329.436,314.016,598.841,-0.957,315.529,-12.196,585.125,旧土地台帳附属地図,地図に準ずる図面,P-F,,,,,,
46201-3400-244.zip,302-2627,,true,369.561,189.090,351.730,458.114,43.653,167.525,25.898,436.435,旧土地台帳附属地図,地図に準ずる図面,P-F,,,,,,
46201-3400-244.zip,302-2628,,true,366.124,65.933,319.947,331.567,44.369,9.812,-1.732,275.712,旧土地台帳附属地図,地図に準ずる図面,P-F,,,,,,
46201-3400-244.zip,302-2629,,true,25.547,313.951,15.832,44.621,351.988,302.178,342.159,32.925,旧土地台帳附属地図,地図に準ずる図面,P-F,,,,,,
46201-3400-245.zip,302-010-6,,true,-134.029,-141.911,134.945,-162.340,-109.401,183.868,159.714,163.275,旧土地台帳附属地図,地図に準ずる図面,和-洋紙,,,,,,
46201-3400-246.zip,302-2461,,true,850.366,331.661,1119.201,354.864,822.172,657.074,1091.159,680.201,旧土地台帳附属地図,地図に準ずる図面,P-F,,,,,,
46201-3400-246.zip,302-2462,,true,770.210,316.405,1039.502,326.425,758.209,642.846,1027.386,652.752,旧土地台帳附属地図,地図に準ずる図面,P-F,,,,,,
46201-3400-246.zip,302-2463,,true,697.023,273.861,965.324,301.712,663.267,598.778,931.796,626.401,旧土地台帳附属地図,地図に準ずる図面,P-F,,,,,,
46201-3400-246.zip,302-2464,,true,616.756,473.164,886.124,466.345,625.214,799.682,894.468,792.786,旧土地台帳附属地図,地図に準ずる図面,P-F,,,,,,
46201-3400-246.zip,302-2465,,true,564.562,370.437,822.157,290.350,661.489,682.362,919.160,602.085,旧土地台帳附属地図,地図に準ずる図面,P-F,,,,,,
46201-3400-246.zip,302-2466,,true,438.894,353.886,708.490,348.171,445.943,680.442,715.501,674.689,旧土地台帳附属地図,地図に準ずる図面,P-F,,,,,,
46201-3400-246.zip,302-2468,,true,323.607,601.055,573.353,499.442,446.860,903.569,696.416,801.842,旧土地台帳附属地図,地図に準ずる図面,P-F,,,,,,
46201-3400-246.zip,302-2469,,true,208.692,576.769,477.602,597.420,183.622,902.487,452.723,922.985,旧土地台帳附属地図,地図に準ずる図面,P-F,,,,,,
46201-3400-246.zip,302-2470,,true,194.278,379.991,460.522,422.092,143.301,702.585,409.506,744.647,旧土地台帳附属地図,地図に準ずる図面,P-F,,,,,,
46201-3400-246.zip,302-2471,,true,150.665,242.591,416.756,199.081,203.472,564.994,469.639,521.179,旧土地台帳附属地図,地図に準ずる図面,P-F,,,,,,
46201-3400-246.zip,302-2472,,true,34.500,288.819,292.895,211.971,127.731,601.887,386.011,524.925,旧土地台帳附属地図,地図に準ずる図面,P-F,,,,,,
46201-3400-246.zip,302-2473,,true,48.414,445.575,317.743,460.358,30.583,771.788,299.989,786.381,旧土地台帳附属地図,地図に準ずる図面,P-F,,,,,,
46201-3400-246.zip,302-2474,,true,14.288,642.639,277.292,583.280,86.411,961.309,349.187,901.796,旧土地台帳附属地図,地図に準ずる図面,P-F,,,,,,
46201-3400-246.zip,302-2544,,true,856.969,314.950,587.944,332.781,835.557,-10.881,566.303,7.064,旧土地台帳附属地図,地図に準ずる図面,P-F,,,,,,
46201-3400-246.zip,302-2467-1,,true,468.365,545.736,738.075,541.217,473.839,872.408,743.549,867.889,旧土地台帳附属地図,地図に準ずる図面,P-F,,,,,,
46201-3400-246.zip,302-2467-2,600,false,534.486,552.609,804.196,548.090,539.960,879.281,809.670,874.762,旧土地台帳附属地図,地図に準ずる図面,P-F,,,,,,
46201-3400-247.zip,302-2475,,true,515.324,493.561,784.235,473.939,539.175,819.316,808.047,799.618,旧土地台帳附属地図,地図に準ずる図面,P-F,,,,,,
46201-3400-247.zip,302-2477,,true,421.729,402.753,684.734,343.203,493.852,721.346,756.933,661.567,旧土地台帳附属地図,地図に準ずる図面,P-F,,,,,,
46201-3400-247.zip,302-2478,,true,433.210,228.775,701.625,254.378,402.158,553.921,670.535,579.486,旧土地台帳附属地図,地図に準ずる図面,P-F,,,,,,
46201-3400-247.zip,302-2479,,true,390.246,97.411,644.335,7.000,499.745,405.221,753.873,314.543,旧土地台帳附属地図,地図に準ずる図面,P-F,,,,,,
46201-3400-247.zip,302-2482,,true,337.605,408.836,607.125,401.674,346.292,735.392,615.774,728.153,旧土地台帳附属地図,地図に準ずる図面,P-F,,,,,,
46201-3400-247.zip,302-2483,,true,345.386,535.183,615.097,537.507,342.529,861.853,612.354,863.987,旧土地台帳附属地図,地図に準ずる図面,P-F,,,,,,
46201-3400-247.zip,302-2484,,true,200.273,487.349,465.564,439.495,258.299,808.799,523.476,760.869,旧土地台帳附属地図,地図に準ずる図面,P-F,,,,,,
46201-3400-247.zip,302-2487,,true,195.390,450.458,456.947,384.697,275.057,767.260,536.690,701.194,旧土地台帳附属地図,地図に準ずる図面,P-F,,,,,,
46201-3400-247.zip,302-2488,,true,292.468,642.981,560.121,675.785,252.806,967.213,520.307,999.941,旧土地台帳附属地図,地図に準ずる図面,P-F,,,,,,
46201-3400-247.zip,302-2489,,true,198.686,662.412,458.452,589.908,286.430,977.081,546.273,904.348,旧土地台帳附属地図,地図に準ずる図面,P-F,,,,,,
46201-3400-247.zip,302-2490,,true,123.127,504.008,391.809,481.377,150.597,829.459,419.165,806.790,旧土地台帳附属地図,地図に準ずる図面,P-F,,,,,,
46201-3400-247.zip,302-2495,,true,15.862,590.274,259.245,474.259,156.298,885.206,399.796,768.925,旧土地台帳附属地図,地図に準ずる図面,P-F,,,,,,
46201-3400-247.zip,302-2496,,true,55.141,730.883,303.706,626.565,181.596,1032.064,430.046,927.670,旧土地台帳附属地図,地図に準ずる図面,P-F,,,,,,
46201-3400-247.zip,302-2497,,true,149.117,769.894,418.523,758.236,163.138,1096.298,432.696,1084.449,旧土地台帳附属地図,地図に準ずる図面,P-F,,,,,,
46201-3400-247.zip,302-2498,,true,252.774,807.405,519.512,767.972,300.551,1130.532,567.176,1091.061,旧土地台帳附属地図,地図に準ずる図面,P-F,,,,,,
46201-3400-248.zip,302-2499,,true,13.837,204.516,283.509,206.040,11.932,531.224,281.794,532.519,旧土地台帳附属地図,地図に準ずる図面,P-F,,,,,,
46201-3400-248.zip,302-2500,,true,159.154,85.608,397.241,211.986,6.068,374.140,244.193,500.404,旧土地台帳附属地図,地図に準ずる図面,P-F,,,,,,
46201-3400-248.zip,302-2501,,true,393.098,117.102,392.755,386.774,66.428,116.644,66.237,386.469,旧土地台帳附属地図,地図に準ずる図面,P-F,,,,,,
46201-3400-248.zip,302-2502,,true,298.173,246.448,388.699,-7.374,605.869,356.138,696.281,102.201,旧土地台帳附属地図,地図に準ずる図面,P-F,,,,,,
46201-3400-248.zip,302-2503,,true,645.936,153.911,657.480,423.355,319.608,167.741,331.305,437.299,旧土地台帳附属地図,地図に準ずる図面,P-F,,,,,,
46201-3400-248.zip,302-2504,,true,553.121,43.262,821.689,19.793,581.658,368.675,850.149,345.129,旧土地台帳附属地図,地図に準ずる図面,P-F,,,,,,
46201-3400-248.zip,302-2505,,true,695.733,56.858,965.329,61.391,690.170,383.528,959.957,387.871,旧土地台帳附属地図,地図に準ずる図面,P-F,,,,,,
46201-3400-248.zip,302-2506,,true,478.081,263.157,747.677,262.243,479.224,589.789,748.744,588.837,旧土地台帳附属地図,地図に準ずる図面,P-F,,,,,,
46201-3400-248.zip,302-2507,,true,652.649,270.832,896.261,386.427,512.556,565.993,756.396,681.512,旧土地台帳附属地図,地図に準ずる図面,P-F,,,,,,
46201-3400-248.zip,302-2508,,true,683.270,265.460,934.121,166.781,802.904,569.422,1053.640,470.667,旧土地台帳附属地図,地図に準ずる図面,P-F,,,,,,
46201-3400-248.zip,302-2509,,true,741.517,415.280,978.842,543.258,586.374,702.745,823.851,830.724,旧土地台帳附属地図,地図に準ずる図面,P-F,,,,,,
46201-3400-248.zip,302-2510,,true,612.940,504.063,827.786,666.827,415.734,764.439,630.580,927.126,旧土地台帳附属地図,地図に準ずる図面,P-F,,,,,,
46201-3400-248.zip,302-2511,,true,519.218,729.039,784.509,680.842,577.587,1050.489,842.954,1002.026,旧土地台帳附属地図,地図に準ずる図面,P-F,,,,,,
46201-3400-248.zip,302-2512,,true,433.100,432.753,698.544,479.807,376.027,754.356,641.432,801.372,旧土地台帳附属地図,地図に準ずる図面,P-F,,,,,,
46201-3400-248.zip,302-2513,,true,398.307,602.683,667.217,582.338,422.958,928.439,691.982,907.865,旧土地台帳附属地図,地図に準ずる図面,P-F,,,,,,
46201-3400-249.zip,302-2514,,true,608.874,208.652,859.496,307.827,488.744,512.386,739.290,611.446,旧土地台帳附属地図,地図に準ずる図面,P-F,,,,,,
46201-3400-249.zip,302-2515,,true,551.447,132.519,808.280,214.396,452.082,443.682,709.182,525.521,旧土地台帳附属地図,地図に準ずる図面,P-F,,,,,,
46201-3400-249.zip,302-2516,,true,546.340,314.884,277.582,335.305,521.537,-10.757,252.855,9.740,旧土地台帳附属地図,地図に準ずる図面,P-F,,,,,,
46201-3400-249.zip,302-2517,,true,428.015,253.953,695.210,289.996,384.238,577.689,651.662,613.618,旧土地台帳附属地図,地図に準ずる図面,P-F,,,,,,
46201-3400-249.zip,302-2518,,true,308.633,261.720,576.895,287.971,276.857,586.828,545.082,613.003,旧土地台帳附属地図,地図に準ずる図面,P-F,,,,,,
46201-3400-249.zip,302-2519,,true,340.064,162.872,311.755,431.021,15.222,128.468,-12.895,396.845,旧土地台帳附属地図,地図に準ずる図面,P-F,,,,,,
46201-3400-249.zip,302-2520,,true,184.496,245.761,451.768,280.814,142.090,569.650,409.324,604.588,旧土地台帳附属地図,地図に準ずる図面,P-F,,,,,,
46201-3400-249.zip,302-2521,,true,181.407,478.875,423.990,361.222,323.940,772.894,566.561,654.898,旧土地台帳附属地図,地図に準ずる図面,P-F,,,,,,
46201-3400-249.zip,302-2522,,true,291.887,510.038,532.946,389.527,438.001,802.189,679.060,681.564,旧土地台帳附属地図,地図に準ずる図面,P-F,,,,,,
46201-3400-249.zip,302-2523,,true,463.640,488.954,732.855,504.232,445.085,815.129,714.452,830.255,旧土地台帳附属地図,地図に準ずる図面,P-F,,,,,,
46201-3400-249.zip,302-2524,,true,536.966,479.468,806.524,479.773,536.585,806.138,806.105,806.367,旧土地台帳附属地図,地図に準ずる図面,P-F,,,,,,
46201-3400-249.zip,302-2525,,true,639.777,476.770,903.429,420.535,707.862,796.278,971.628,739.737,旧土地台帳附属地図,地図に準ずる図面,P-F,,,,,,
46201-3400-249.zip,302-2526,,true,555.942,606.415,825.348,615.368,545.160,932.970,814.566,941.733,旧土地台帳附属地図,地図に準ずる図面,P-F,,,,,,
46201-3400-249.zip,302-2527,,true,443.133,705.027,702.099,630.198,533.773,1018.933,792.891,943.762,旧土地台帳附属地図,地図に準ずる図面,P-F,,,,,,
46201-3400-249.zip,302-2528,,true,253.302,709.330,479.502,562.873,430.924,983.536,656.972,836.889,旧土地台帳附属地図,地図に準ずる図面,P-F,,,,,,
46201-3400-25.zip,072-78,,true,-458.600,-162.990,-188.316,-167.446,-453.253,163.751,-183.312,159.262,旧土地台帳附属地図,地図に準ずる図面,P-F,,,,,,
46201-3400-25.zip,072-79,,true,-464.030,-94.176,-194.953,-67.888,-495.854,231.018,-227.155,257.268,旧土地台帳附属地図,地図に準ずる図面,P-F,,,,,,
46201-3400-25.zip,072-80,,true,-541.549,-353.910,-271.629,-338.483,-560.247,-27.735,-290.748,-12.296,旧土地台帳附属地図,地図に準ずる図面,P-F,,,,,,
46201-3400-25.zip,072-76,,true,-273.801,-94.511,-3.481,-95.235,-272.962,232.349,-2.948,231.511,旧土地台帳附属地図,地図に準ずる図面,P-F,,,,,,
46201-3400-25.zip,072-77,,true,-278.880,-234.413,-8.891,-220.284,-296.045,91.845,-26.436,105.953,旧土地台帳附属地図,地図に準ずる図面,P-F,,,,,,
46201-3400-25.zip,072-81,,true,-362.760,-327.733,-93.539,-352.519,-332.941,-2.426,-64.093,-27.103,旧土地台帳附属地図,地図に準ずる図面,P-F,,,,,,
46201-3400-25.zip,072-82,,true,-139.469,-136.636,129.125,-167.476,-102.276,187.948,165.973,157.109,旧土地台帳附属地図,地図に準ずる図面,P-F,,,,,,
46201-3400-25.zip,072-83,,true,1.949,-27.294,272.079,-38.402,15.212,299.107,284.926,288.091,旧土地台帳附属地図,地図に準ずる図面,P-F,,,,,,
46201-3400-25.zip,072-84,,true,57.336,151.294,327.655,150.494,58.098,477.964,328.074,477.240,旧土地台帳附属地図,地図に準ずる図面,P-F,,,,,,
46201-3400-25.zip,072-85,,true,196.364,152.222,466.584,146.410,203.206,478.859,473.085,473.092,旧土地台帳附属地図,地図に準ずる図面,P-F,,,,,,
46201-3400-25.zip,072-86,,true,272.989,298.285,543.166,307.132,262.181,625.007,532.021,633.689,旧土地台帳附属地図,地図に準ずる図面,P-F,,,,,,
46201-3400-25.zip,072-87,,true,388.786,430.499,658.852,442.246,374.494,756.934,644.182,768.625,旧土地台帳附属地図,地図に準ずる図面,P-F,,,,,,
46201-3400-25.zip,072-88,,true,387.135,264.092,655.899,234.755,422.462,588.887,690.851,559.628,旧土地台帳附属地図,地図に準ずる図面,P-F,,,,,,
46201-3400-25.zip,072-89,,true,576.081,266.485,846.024,252.929,592.414,592.977,862.044,579.245,旧土地台帳附属地図,地図に準ずる図面,P-F,,,,,,
46201-3400-25.zip,072-90A,,true,333.014,131.951,602.747,149.216,312.013,458.062,581.447,475.231,旧土地台帳附属地図,地図に準ずる図面,P-F,,,,,,
46201-3400-25.zip,072-90B,,true,200.228,-64.177,470.399,-72.021,209.586,262.476,479.450,254.563,旧土地台帳附属地図,地図に準ずる図面,P-F,,,,,,
46201-3400-25.zip,072-91,,true,390.084,-165.314,425.233,102.712,65.809,-122.775,101.218,144.873,旧土地台帳附属地図,地図に準ずる図面,P-F,,,,,,
46201-3400-25.zip,072-92,,true,14.269,-246.459,283.080,-217.568,-20.734,78.446,247.703,107.257,旧土地台帳附属地図,地図に準ずる図面,P-F,,,,,,
46201-3400-25.zip,072-93A,,true,-79.625,-296.733,188.968,-327.584,-42.443,27.930,225.772,-2.879,旧土地台帳附属地図,地図に準ずる図面,P-F,,,,,,
46201-3400-25.zip,072-97,,true,-417.770,-543.540,-410.217,-273.325,-744.393,-534.562,-736.809,-264.614,旧土地台帳附属地図,地図に準ずる図面,P-F,,,,,,
46201-3400-25.zip,072-99,,true,-678.420,-365.214,-407.500,-367.669,-675.458,-38.441,-404.652,-40.896,旧土地台帳附属地図,地図に準ずる図面,P-F,,,,,,
46201-3400-25.zip,072-102,,true,-836.141,-356.749,-565.250,-358.006,-834.732,-30.003,-563.917,-31.299,旧土地台帳附属地図,地図に準ずる図面,P-F,,,,,,
46201-3400-25.zip,072-103,,true,-726.289,-468.841,-455.400,-470.133,-724.750,-142.097,-454.051,-143.389,旧土地台帳附属地図,地図に準ずる図面,P-F,,,,,,
46201-3400-25.zip,072-104,,true,-748.315,-594.304,-477.268,-594.833,-747.670,-267.516,-476.890,-268.084,旧土地台帳附属地図,地図に準ずる図面,P-F,,,,,,
46201-3400-25.zip,072-108,,true,-1057.951,-67.005,-786.908,-67.957,-1056.846,259.893,-785.955,258.903,旧土地台帳附属地図,地図に準ずる図面,P-F,,,,,,
46201-3400-25.zip,072-109,,true,-877.970,-112.146,-607.072,-113.754,-876.092,214.798,-605.156,213.076,旧土地台帳附属地図,地図に準ずる図面,P-F,,,,,,
46201-3400-25.zip,072-111,,true,-667.967,-229.898,-397.111,-230.342,-667.487,97.042,-396.555,96.560,旧土地台帳附属地図,地図に準ずる図面,P-F,,,,,,
46201-3400-25.zip,072-114,,true,-658.529,-59.120,-387.756,-60.879,-656.388,267.811,-385.540,265.899,旧土地台帳附属地図,地図に準ずる図面,P-F,,,,,,
46201-3400-25.zip,072-115,,true,-683.520,79.621,-412.705,80.479,-684.533,406.596,-413.565,407.379,旧土地台帳附属地図,地図に準ずる図面,P-F,,,,,,
46201-3400-25.zip,072-117,,true,-425.764,280.047,-533.782,528.473,-725.543,149.675,-833.576,398.136,旧土地台帳附属地図,地図に準ずる図面,P-F,,,,,,
46201-3400-25.zip,072-118,,true,-635.335,231.241,-364.367,229.869,-633.734,558.177,-362.843,556.729,旧土地台帳附属地図,地図に準ずる図面,P-F,,,,,,
46201-3400-25.zip,072-119,,true,-710.585,360.749,-439.653,360.324,-710.158,687.650,-439.264,687.225,旧土地台帳附属地図,地図に準ずる図面,P-F,,,,,,
46201-3400-25.zip,072-105,,true,-913.456,-416.835,-765.728,-189.765,-1187.642,-238.751,-1039.923,-11.765,旧土地台帳附属地図,地図に準ずる図面,P-F,,,,,,
46201-3400-25.zip,072-97B,,true,-441.211,-596.979,-174.385,-553.650,-493.733,-274.481,-227.165,-231.233,旧土地台帳附属地図,地図に準ずる図面,P-F,,,,,,
46201-3400-250.zip,302-2529,,true,16.183,141.168,251.412,9.532,175.669,426.309,410.785,294.559,旧土地台帳附属地図,地図に準ずる図面,P-F,,,,,,
46201-3400-250.zip,302-2530,,true,78.023,417.894,168.396,163.880,385.757,527.546,476.054,273.228,旧土地台帳附属地図,地図に準ずる図面,P-F,,,,,,
46201-3400-250.zip,302-2531,,true,171.150,431.395,389.692,273.699,362.336,696.305,580.725,538.418,旧土地台帳附属地図,地図に準ずる図面,P-F,,,,,,
46201-3400-250.zip,302-2532,,true,306.202,316.449,575.761,309.400,314.661,643.043,584.409,635.880,旧土地台帳附属地図,地図に準ずる図面,P-F,,,,,,
46201-3400-250.zip,302-2533,,true,388.434,335.714,628.502,213.223,536.910,626.723,776.864,504.117,旧土地台帳附属地図,地図に準ずる図面,P-F,,,,,,
46201-3400-250.zip,302-2534,,true,532.387,285.001,802.021,280.962,537.149,611.633,806.974,607.442,旧土地台帳附属地図,地図に準ずる図面,P-F,,,,,,
46201-3400-250.zip,302-2535,,true,311.120,151.167,536.292,3.187,490.572,424.192,715.629,276.021,旧土地台帳附属地図,地図に準ずる図面,P-F,,,,,,
46201-3400-250.zip,302-2536,,true,559.295,115.373,828.548,102.076,575.297,441.662,844.778,428.213,旧土地台帳附属地図,地図に準ずる図面,P-F,,,,,,
46201-3400-250.zip,302-2537,,true,649.722,251.417,919.013,262.580,636.273,577.896,905.526,588.907,旧土地台帳附属地図,地図に準ずる図面,P-F,,,,,,
46201-3400-250.zip,302-2538,,true,662.795,411.236,932.353,408.264,666.224,737.906,936.010,734.820,旧土地台帳附属地図,地図に準ずる図面,P-F,,,,,,
46201-3400-250.zip,302-2539,,true,525.293,573.078,674.798,348.897,797.023,754.358,946.451,530.063,旧土地台帳附属地図,地図に準ずる図面,P-F,,,,,,
46201-3400-250.zip,302-2540,,true,739.402,623.539,740.202,893.135,412.732,624.453,413.685,894.278,旧土地台帳附属地図,地図に準ずる図面,P-F,,,,,,
46201-3400-250.zip,302-2541,,true,517.428,734.182,760.468,617.748,658.627,1028.810,901.553,912.185,旧土地台帳附属地図,地図に準ずる図面,P-F,,,,,,
46201-3400-250.zip,302-2542,,true,582.523,848.667,852.081,854.382,575.512,1175.299,845.299,1180.862,旧土地台帳附属地図,地図に準ずる図面,P-F,,,,,,
46201-3400-250.zip,302-2543,,true,769.013,1004.273,783.301,1273.450,442.763,1021.647,457.202,1290.748,旧土地台帳附属地図,地図に準ずる図面,P-F,,,,,,
46201-3400-251.zip,302-2555,,true,1491.657,465.349,1523.319,732.964,1167.273,503.754,1199.049,771.369,旧土地台帳附属地図,地図に準ずる図面,P-F,,,,,,
46201-3400-251.zip,302-2562,,true,1244.312,91.036,1285.841,357.431,921.490,141.252,963.248,407.838,旧土地台帳附属地図,地図に準ずる図面,P-F,,,,,,
46201-3400-251.zip,302-2563,,true,1124.247,15.561,1227.346,264.544,822.380,140.491,925.707,389.475,旧土地台帳附属地図,地図に準ずる図面,P-F,,,,,,
46201-3400-251.zip,302-2568,,true,973.153,478.006,1062.765,732.286,665.038,586.553,754.954,841.024,旧土地台帳附属地図,地図に準ずる図面,P-F,,,,,,
46201-3400-251.zip,302-2569,,true,1001.844,602.399,1036.592,869.671,677.918,644.575,712.817,911.809,旧土地台帳附属地図,地図に準ずる図面,P-F,,,,,,
46201-3400-251.zip,302-2570,,true,574.862,588.349,583.663,318.944,901.379,599.017,909.914,329.421,旧土地台帳附属地図,地図に準ずる図面,P-F,,,,,,
46201-3400-251.zip,302-2571,,true,583.161,415.654,615.851,148.153,907.431,455.202,939.968,187.739,旧土地台帳附属地図,地図に準ずる図面,P-F,,,,,,
46201-3400-251.zip,302-2572,,true,984.480,425.529,952.095,693.182,660.172,386.209,627.977,654.167,旧土地台帳附属地図,地図に準ずる図面,P-F,,,,,,
46201-3400-251.zip,302-2573,,true,934.911,268.667,993.928,531.710,616.204,340.257,675.335,603.223,旧土地台帳附属地図,地図に準ずる図面,P-F,,,,,,
46201-3400-251.zip,302-2574,,true,960.350,115.976,1043.408,372.542,649.606,216.522,732.893,473.279,旧土地台帳附属地図,地図に準ずる図面,P-F,,,,,,
46201-3400-251.zip,302-2575,,true,946.733,19.867,1042.326,271.899,641.361,135.768,737.030,387.685,旧土地台帳附属地図,地図に準ずる図面,P-F,,,,,,
46201-3400-251.zip,302-2576,,true,795.396,159.166,807.626,428.533,469.145,173.987,481.642,443.545,旧土地台帳附属地図,地図に準ずる図面,P-F,,,,,,
46201-3400-251.zip,302-2577,,true,501.395,158.667,656.920,378.809,234.695,347.186,390.257,567.214,旧土地台帳附属地図,地図に準ずる図面,P-F,,,,,,
46201-3400-251.zip,302-2578,,true,418.305,468.674,423.525,199.116,744.823,475.113,749.852,205.327,旧土地台帳附属地図,地図に準ずる図面,P-F,,,,,,
46201-3400-251.zip,302-2579,,true,752.161,565.753,761.267,835.082,425.757,576.764,434.978,846.131,旧土地台帳附属地図,地図に準ずる図面,P-F,,,,,,
46201-3400-251.zip,302-2580,,true,395.677,397.052,277.986,639.636,101.811,254.482,-15.765,497.179,旧土地台帳附属地図,地図に準ずる図面,P-F,,,,,,
46201-3400-251.zip,302-2552,,true,1451.350,32.551,1468.153,301.651,1125.328,52.782,1142.397,322.073,旧土地台帳附属地図,地図に準ずる図面,P-F,,,,,,
46201-3400-252.zip,302-3081,,true,-121.431,-153.019,148.492,-150.088,-124.895,173.823,145.143,176.640,旧土地台帳附属地図,地図に準ずる図面,P-F,,,,,,
46201-3400-253.zip,302-003-5,,true,712.196,16.463,932.948,170.996,524.782,283.887,745.572,438.421,旧土地台帳附属地図,地図に準ずる図面,和-洋紙,,,,,,
46201-3400-253.zip,302-003-27,,true,622.277,468.465,805.500,666.242,382.590,690.360,566.080,888.137,旧土地台帳附属地図,地図に準ずる図面,和-洋紙,,,,,,
46201-3400-253.zip,302-003-28,,true,554.959,289.902,777.845,441.350,371.317,559.993,594.241,711.327,旧土地台帳附属地図,地図に準ずる図面,和-洋紙,,,,,,
46201-3400-253.zip,302-003-29,,true,641.887,97.004,819.090,300.230,395.608,311.470,572.964,514.772,旧土地台帳附属地図,地図に準ずる図面,和-洋紙,,,,,,
46201-3400-253.zip,302-003-30,,true,393.130,325.136,567.400,530.686,143.918,536.248,318.225,741.722,旧土地台帳附属地図,地図に準ずる図面,和-洋紙,,,,,,
46201-3400-253.zip,302-003-32,,true,463.135,571.881,633.442,780.898,209.769,778.040,380.267,987.134,旧土地台帳附属地図,地図に準ずる図面,和-洋紙,,,,,,
46201-3400-253.zip,302-003-33,,true,253.230,429.682,421.823,639.880,-1.621,633.937,167.048,844.135,旧土地台帳附属地図,地図に準ずる図面,和-洋紙,,,,,,
46201-3400-254.zip,302-2645,,true,701.407,366.084,705.408,635.604,374.775,370.961,378.890,640.443,旧土地台帳附属地図,地図に準ずる図面,P-F,,,,,,
46201-3400-254.zip,302-2646,,true,712.321,247.795,673.840,514.381,390.071,201.198,351.552,468.013,旧土地台帳附属地図,地図に準ずる図面,P-F,,,,,,
46201-3400-254.zip,302-2647,,true,655.966,156.046,660.233,425.566,329.372,161.152,333.677,430.634,旧土地台帳附属地図,地図に準ずる図面,P-F,,,,,,
46201-3400-254.zip,302-2648,,true,866.381,135.206,862.686,404.725,539.711,130.710,536.130,400.192,旧土地台帳附属地図,地図に準ずる図面,P-F,,,,,,
46201-3400-254.zip,302-2649,,true,854.436,13.873,852.874,283.164,528.832,11.930,527.347,281.449,旧土地台帳附属地図,地図に準ずる図面,P-F,,,,,,
46201-3400-254.zip,302-2651,,true,646.325,17.780,651.393,287.224,319.693,23.914,324.837,293.358,旧土地台帳附属地図,地図に準ずる図面,P-F,,,,,,
46201-3400-254.zip,302-2652,,true,454.855,48.132,447.502,317.233,129.366,39.103,122.127,308.432,旧土地台帳附属地図,地図に準ずる図面,P-F,,,,,,
46201-3400-254.zip,302-2653,,true,484.374,311.741,475.954,581.146,157.895,301.492,149.589,570.859,旧土地台帳附属地図,地図に準ずる図面,P-F,,,,,,
46201-3400-254.zip,302-2654,,true,314.056,117.519,320.000,386.620,-11.432,124.529,-5.489,393.935,旧土地台帳附属地図,地図に準ずる図面,P-F,,,,,,
46201-3400-255.zip,302-001-13,,true,1265.738,708.123,1252.137,977.376,939.564,691.435,926.000,960.650,旧土地台帳附属地図,地図に準ずる図面,和-洋紙,,,,,,
46201-3400-255.zip,302-001-24,,true,902.336,57.828,863.054,324.643,579.209,10.165,540.004,277.094,旧土地台帳附属地図,地図に準ずる図面,和-洋紙,,,,,,
46201-3400-255.zip,302-0128乙,,true,674.843,483.659,680.291,214.139,1001.398,490.403,1006.809,220.883,旧土地台帳附属地図,地図に準ずる図面,和-洋紙,,,,,,
46201-3400-255.zip,302-001-28,,true,620.170,551.136,624.780,281.502,946.802,556.889,951.260,287.064,旧土地台帳附属地図,地図に準ずる図面,和-洋紙,,,,,,
46201-3400-255.zip,302-0129乙,,true,962.550,392.381,957.216,661.787,636.032,385.790,630.775,655.157,旧土地台帳附属地図,地図に準ずる図面,和-洋紙,,,,,,
46201-3400-255.zip,302-001-30,,true,627.592,769.750,646.337,500.725,953.386,792.686,972.055,523.471,旧土地台帳附属地図,地図に準ずる図面,和-洋紙,,,,,,
46201-3400-255.zip,302-001-37,,true,839.127,1240.433,832.536,1509.953,512.609,1232.318,506.094,1501.761,旧土地台帳附属地図,地図に準ずる図面,和-洋紙,,,,,,
46201-3400-255.zip,302-001-38,,true,824.575,1107.086,824.956,1376.720,497.943,1107.467,498.515,1377.292,旧土地台帳附属地図,地図に準ずる図面,和-洋紙,,,,,,
46201-3400-255.zip,302-001-40,,true,596.571,893.427,839.307,1010.661,454.496,1187.483,697.194,1304.641,旧土地台帳附属地図,地図に準ずる図面,和-洋紙,,,,,,
46201-3400-255.zip,302-001-41,,true,924.400,809.831,923.143,1079.504,597.769,808.155,596.664,1078.018,旧土地台帳附属地図,地図に準ずる図面,和-洋紙,,,,,,
46201-3400-255.zip,302-001-42,,true,717.891,665.699,700.517,934.685,391.983,644.515,374.685,913.463,旧土地台帳附属地図,地図に準ずる図面,和-洋紙,,,,,,
46201-3400-255.zip,302-001-43,,true,694.719,438.110,695.710,707.706,368.087,439.138,369.268,708.925,旧土地台帳附属地図,地図に準ずる図面,和-洋紙,,,,,,
46201-3400-255.zip,302-001-44,,true,420.057,503.661,440.517,234.903,745.698,528.616,766.082,259.858,旧土地台帳附属地図,地図に準ずる図面,和-洋紙,,,,,,
46201-3400-255.zip,302-001-45,,true,563.183,334.803,553.391,604.322,236.817,322.801,227.140,592.473,旧土地台帳附属地図,地図に準ずる図面,和-洋紙,,,,,,
46201-3400-255.zip,302-001-46,,true,415.214,328.982,403.937,598.274,88.887,315.190,77.724,584.443,旧土地台帳附属地図,地図に準ずる図面,和-洋紙,,,,,,
46201-3400-255.zip,302-001-47,,true,207.366,708.235,226.531,439.210,533.236,731.628,552.248,462.413,旧土地台帳附属地図,地図に準ずる図面,和-洋紙,,,,,,
46201-3400-255.zip,302-001-48,,true,467.551,656.865,459.512,926.347,141.148,646.997,133.147,916.403,旧土地台帳附属地図,地図に準ずる図面,和-洋紙,,,,,,
46201-3400-255.zip,302-001-49,,true,319.548,470.041,314.519,739.675,-7.046,463.793,-11.922,733.579,旧土地台帳附属地図,地図に準ずる図面,和-洋紙,,,,,,
46201-3400-256.zip,302-006-24,,true,746.844,33.926,805.785,297.007,428.099,105.326,487.192,368.292,旧土地台帳附属地図,地図に準ずる図面,和-洋紙,,,,,,
46201-3400-256.zip,302-006-25,,true,498.385,16.586,657.567,234.213,234.618,209.219,394.067,427.000,旧土地台帳附属地図,地図に準ずる図面,和-洋紙,,,,,,
46201-3400-256.zip,302-006-27,,true,248.045,60.226,422.353,265.814,-1.167,271.338,173.140,476.850,旧土地台帳附属地図,地図に準ずる図面,和-洋紙,,,,,,
46201-3400-256.zip,302-006-28,,true,364.336,284.554,436.650,544.206,49.591,371.994,122.172,631.913,旧土地台帳附属地図,地図に準ずる図面,和-洋紙,,,,,,
46201-3400-256.zip,302-006-29,,true,550.103,243.590,609.158,506.518,231.395,314.989,290.489,577.918,旧土地台帳附属地図,地図に準ずる図面,和-洋紙,,,,,,
46201-3400-256.zip,302-006-30,,true,463.098,395.103,661.104,578.060,241.279,634.867,439.552,817.938,旧土地台帳附属地図,地図に準ずる図面,和-洋紙,,,,,,
46201-3400-256.zip,302-006-31,,true,771.649,267.348,819.160,532.639,450.123,324.765,497.748,590.018,旧土地台帳附属地図,地図に準ずる図面,和-洋紙,,,,,,
46201-3400-256.zip,302-006-32,,true,971.482,322.686,988.322,591.710,645.498,342.993,662.414,611.941,旧土地台帳附属地図,地図に準ずる図面,和-洋紙,,,,,,
46201-3400-256.zip,302-006-33,,true,915.307,494.608,972.571,758.108,596.067,563.798,653.521,827.451,旧土地台帳附属地図,地図に準ずる図面,和-洋紙,,,,,,
46201-3400-256.zip,302-006-34,,true,826.663,645.849,961.766,879.022,544.036,809.489,679.177,1042.623,旧土地台帳附属地図,地図に準ずる図面,和-洋紙,,,,,,
46201-3400-257.zip,087-771,,false,1297.653,373.612,1173.866,134.153,1588.014,223.345,1464.074,-16.037,旧土地台帳附属地図,地図に準ずる図面,P-F,,,,,,
46201-3400-257.zip,087-772,,false,1344.735,154.217,1249.980,406.439,1038.905,39.155,944.188,291.453,旧土地台帳附属地図,地図に準ずる図面,P-F,,,,,,
46201-3400-257.zip,087-773,,false,1106.575,154.667,1021.155,410.394,796.441,51.149,711.173,306.914,旧土地台帳附属地図,地図に準ずる図面,P-F,,,,,,
46201-3400-257.zip,087-774,,false,597.230,69.616,866.369,53.080,617.385,395.638,886.638,378.950,旧土地台帳附属地図,地図に準ずる図面,P-F,,,,,,
46201-3400-257.zip,087-775,,false,350.225,309.560,405.622,45.793,670.151,376.807,725.434,112.811,旧土地台帳附属地図,地図に準ずる図面,P-F,,,,,,
46201-3400-257.zip,087-776,,false,204.656,375.900,105.405,125.278,508.504,255.619,409.063,5.072,旧土地台帳附属地図,地図に準ずる図面,P-F,,,,,,
46201-3400-257.zip,087-782,,false,1431.066,741.904,1173.891,660.979,1529.174,430.093,1271.998,349.245,旧土地台帳附属地図,地図に準ずる図面,P-F,,,,,,
46201-3400-257.zip,087-783,,true,1012.804,415.870,1282.248,415.984,1012.576,742.654,1282.134,742.578,旧土地台帳附属地図,地図に準ずる図面,P-F,,,,,,
46201-3400-257.zip,087-785,,false,1087.233,565.383,938.567,790.478,814.589,385.094,665.961,610.265,旧土地台帳附属地図,地図に準ずる図面,P-F,,,,,,
46201-3400-257.zip,087-786-1,,false,811.533,739.550,541.937,734.216,817.858,412.995,548.223,407.737,旧土地台帳附属地図,地図に準ずる図面,P-F,,,,,,
46201-3400-257.zip,087-788,,false,469.709,395.683,680.364,563.933,265.492,651.030,476.414,819.318,旧土地台帳附属地図,地図に準ずる図面,P-F,,,,,,
46201-3400-257.zip,087-791-1,,false,165.951,437.974,435.509,440.793,162.484,764.873,432.195,767.692,旧土地台帳附属地図,地図に準ずる図面,P-F,,,,,,
46201-3400-257.zip,087-792,,false,1411.480,1098.242,1153.809,1019.413,1507.111,785.707,1249.326,707.106,旧土地台帳附属地図,地図に準ずる図面,P-F,,,,,,
46201-3400-257.zip,087-793,,false,993.965,778.816,1263.485,772.263,1001.852,1105.677,1271.486,1099.009,旧土地台帳附属地図,地図に準ずる図面,P-F,,,,,,
46201-3400-257.zip,087-794,,false,721.339,829.752,981.257,758.733,807.445,1144.992,1067.402,1073.706,旧土地台帳附属地図,地図に準ずる図面,P-F,,,,,,
46201-3400-257.zip,087-795,,false,748.774,1109.949,479.445,1097.300,764.167,783.431,494.799,770.858,旧土地台帳附属地図,地図に準ずる図面,P-F,,,,,,
46201-3400-257.zip,087-796,,false,265.217,1067.067,268.646,797.471,592.078,1071.220,595.430,801.510,旧土地台帳附属地図,地図に準ずる図面,P-F,,,,,,
46201-3400-257.zip,087-797,,false,70.781,1081.112,48.340,812.621,396.499,1053.947,373.791,785.341,旧土地台帳附属地図,地図に準ずる図面,P-F,,,,,,
46201-3400-257.zip,087-798,,false,1170.471,1406.311,1177.329,1136.753,1497.256,1414.655,1504.038,1145.021,旧土地台帳附属地図,地図に準ずる図面,P-F,,,,,,
46201-3400-257.zip,087-799,,false,1291.848,1310.104,1128.247,1524.227,1032.120,1111.755,868.671,1326.030,旧土地台帳附属地図,地図に準ずる図面,P-F,,,,,,
46201-3400-257.zip,087-800,,false,1009.814,1221.887,966.456,1488.016,687.107,1169.309,643.863,1435.476,旧土地台帳附属地図,地図に準ずる図面,P-F,,,,,,
46201-3400-257.zip,087-801,,false,475.273,1179.256,744.679,1175.408,479.959,1506.040,749.441,1502.001,旧土地台帳附属地図,地図に準ずる図面,P-F,,,,,,
46201-3400-257.zip,087-807,,false,1224.075,1501.344,1488.756,1552.512,1161.972,1822.261,1426.729,1873.429,旧土地台帳附属地図,地図に準ずる図面,P-F,,,,,,
46201-3400-257.zip,087-808,,false,965.890,1497.773,1235.410,1509.545,951.793,1824.138,1221.237,1835.796,旧土地台帳附属地図,地図に準ずる図面,P-F,,,,,,
46201-3400-257.zip,087-810,,false,618.798,1878.080,364.213,1789.421,726.049,1569.546,471.350,1481.077,旧土地台帳附属地図,地図に準ずる図面,P-F,,,,,,
46201-3400-257.zip,087-811,,false,467.308,1849.632,197.826,1843.384,474.928,1522.848,205.332,1516.676,旧土地台帳附属地図,地図に準ずる図面,P-F,,,,,,
46201-3400-257.zip,087-791,1000,false,257.101,2003.989,-192.223,2002.645,259.105,1459.607,-190.219,1458.199,旧土地台帳附属地図,地図に準ずる図面,P-F,,,,1985,9,3
46201-3400-257.zip,087-809,,true,977.371,1550.825,986.515,1820.422,650.587,1561.722,659.883,1831.471,旧土地台帳附属地図,地図に準ずる図面,P-F,,,,,,
46201-3400-258.zip,087-812,,false,963.590,296.127,1022.073,32.894,1282.792,367.298,1341.123,103.798,旧土地台帳附属地図,地図に準ずる図面,P-F,,,,,,
46201-3400-258.zip,087-813,,false,1052.178,344.783,783.344,366.615,1025.699,19.256,756.826,41.088,旧土地台帳附属地図,地図に準ずる図面,P-F,,,,,,
46201-3400-258.zip,087-814,,false,830.627,394.692,586.405,280.278,969.502,98.655,725.051,-15.683,旧土地台帳附属地図,地図に準ずる図面,P-F,,,,,,
46201-3400-258.zip,087-815,,false,698.710,94.759,732.505,362.336,374.631,135.869,408.578,403.408,旧土地台帳附属地図,地図に準ずる図面,P-F,,,,,,
46201-3400-258.zip,087-817,,false,409.552,391.108,156.796,296.848,524.005,84.821,271.134,-9.324,旧土地台帳附属地図,地図に準ずる図面,P-F,,,,,,
46201-3400-258.zip,087-818,,false,1080.617,445.202,1346.251,492.065,1023.581,767.148,1289.368,813.935,旧土地台帳附属地図,地図に準ずる図面,P-F,,,,,,
46201-3400-258.zip,087-819,,false,804.269,486.193,1067.046,425.271,878.298,804.366,1140.960,743.292,旧土地台帳附属地図,地図に準ずる図面,P-F,,,,,,
46201-3400-258.zip,087-820,,false,582.106,721.003,596.432,451.636,908.662,738.529,922.835,468.971,旧土地台帳附属地図,地図に準ずる図面,P-F,,,,,,
46201-3400-258.zip,087-821,,false,355.380,588.545,562.987,416.447,563.978,840.005,771.509,667.755,旧土地台帳附属地図,地図に準ずる図面,P-F,,,,,,
46201-3400-258.zip,087-822,,false,546.495,631.559,405.677,861.645,267.564,460.832,126.898,691.071,旧土地台帳附属地図,地図に準ずる図面,P-F,,,,,,
46201-3400-258.zip,087-823,,false,39.542,485.604,308.223,509.226,10.929,810.978,279.648,834.562,旧土地台帳附属地図,地図に準ずる図面,P-F,,,,,,
46201-3400-259.zip,206-451,500,false,8475.351,9452.613,8533.641,9669.352,8214.479,9522.351,8272.413,9739.480,土地区画整理所在図,地図に準ずる図面,P-F,,,,1975,8,28
46201-3400-259.zip,206-453,500,false,8504.818,10061.814,8562.464,10278.792,8243.713,10130.931,8301.100,10348.173,土地区画整理所在図,地図に準ずる図面,P-F,,,,1975,8,28
46201-3400-259.zip,206-454,500,false,8500.320,10673.531,8557.585,10890.576,8239.145,10742.007,8296.062,10959.471,土地区画整理所在図,地図に準ずる図面,P-F,,,,1975,8,28
46201-3400-259.zip,206-455,500,false,8521.042,11258.584,8580.229,11475.112,8260.455,11329.388,8319.329,11546.332,土地区画整理所在図,地図に準ずる図面,P-F,,,,1975,8,28
46201-3400-259.zip,206-456,500,false,8507.732,11845.609,8568.987,12061.560,8247.866,11918.892,8308.772,12135.240,土地区画整理所在図,地図に準ずる図面,P-F,,,,1975,8,28
46201-3400-259.zip,206-457,500,false,7911.058,9457.217,7969.676,9673.835,7650.289,9527.220,7708.553,9744.360,土地区画整理所在図,地図に準ずる図面,P-F,,,,1975,8,28
46201-3400-26.zip,S   13-3,500,false,-148428.778,-43419.526,-148278.779,-43419.527,-148428.779,-43219.526,-148278.779,-43219.527,土地改良所在図,法第14条1項地図（国調法19-5指定）,P-F,,,,,,
46201-3400-26.zip,S   13-4,500,false,-148428.779,-43219.526,-148278.779,-43219.527,-148428.780,-43019.526,-148278.780,-43019.527,土地改良所在図,法第14条1項地図（国調法19-5指定）,P-F,,,,,,
46201-3400-26.zip,S   23-2,500,false,-148578.778,-43219.524,-148428.779,-43219.526,-148578.779,-43019.524,-148428.780,-43019.526,土地改良所在図,法第14条1項地図（国調法19-5指定）,P-F,,,,,,
46201-3400-26.zip,S   23-1,500,false,-148578.777,-43419.525,-148428.778,-43419.526,-148578.778,-43219.524,-148428.779,-43219.526,土地改良所在図,法第14条1項地図（国調法19-5指定）,P-F,,,,,,
46201-3400-260.zip,166-1302,500,false,-164528.844,-47019.301,-164328.841,-47019.302,-164528.848,-46769.305,-164328.845,-46769.306,土地区画整理所在図,法第14条1項地図（国調法19-5指定）,P-F,,,,2000,3,9
46201-3400-260.zip,166-1303,500,false,-164628.845,-47019.301,-164428.842,-47019.302,-164628.849,-46769.305,-164428.846,-46769.306,土地区画整理所在図,法第14条1項地図（国調法19-5指定）,P-F,,,,2000,3,9
46201-3400-260.zip,166-1304,500,false,-164628.844,-47119.299,-164428.841,-47119.300,-164628.848,-46869.303,-164428.845,-46869.304,土地区画整理所在図,法第14条1項地図（国調法19-5指定）,P-F,,,,2000,3,9
46201-3400-260.zip,166-1305,500,false,-164728.845,-47169.298,-164528.842,-47169.299,-164728.848,-46919.302,-164528.845,-46919.303,土地区画整理所在図,法第14条1項地図（国調法19-5指定）,P-F,,,,2000,3,9
46201-3400-260.zip,166-1306,500,false,-164828.846,-47219.297,-164628.842,-47219.297,-164828.849,-46969.301,-164628.846,-46969.302,土地区画整理所在図,法第14条1項地図（国調法19-5指定）,P-F,,,,2000,3,9
46201-3400-260.zip,166-1307,500,false,-164678.848,-46919.302,-164478.845,-46919.303,-164678.851,-46669.307,-164478.849,-46669.307,土地区画整理所在図,法第14条1項地図（国調法19-5指定）,P-F,,,,2000,3,9
46201-3400-260.zip,166-1308,500,false,-164678.844,-47169.298,-164478.841,-47169.299,-164678.848,-46919.302,-164478.845,-46919.303,土地区画整理所在図,法第14条1項地図（国調法19-5指定）,P-F,,,,2000,3,9
46201-3400-260.zip,166-1309,500,false,-164878.847,-47169.297,-164678.844,-47169.298,-164878.851,-46919.302,-164678.848,-46919.302,土地区画整理所在図,法第14条1項地図（国調法19-5指定）,P-F,,,,2000,3,9
46201-3400-260.zip,166-1310,500,false,-164878.851,-46919.302,-164678.848,-46919.302,-164878.854,-46669.306,-164678.851,-46669.307,土地区画整理所在図,法第14条1項地図（国調法19-5指定）,P-F,,,,2000,3,9
46201-3400-260.zip,166-1311,500,false,-164928.851,-46919.302,-164728.848,-46919.302,-164928.855,-46669.306,-164728.852,-46669.307,土地区画整理所在図,法第14条1項地図（国調法19-5指定）,P-F,,,,2000,3,9
46201-3400-260.zip,166-1312,500,false,-165028.853,-46969.301,-164828.849,-46969.301,-165028.856,-46719.305,-164828.853,-46719.305,土地区画整理所在図,法第14条1項地図（国調法19-5指定）,P-F,,,,2000,3,9
46201-3400-260.zip,166-1313,500,false,-164928.849,-47069.299,-164728.846,-47069.300,-164928.853,-46819.303,-164728.850,-46819.304,土地区画整理所在図,法第14条1項地図（国調法19-5指定）,P-F,,,,2000,3,9
46201-3400-260.zip,166-1301,500,false,-164428.842,-47019.302,-164228.839,-47019.302,-164428.846,-46769.306,-164228.843,-46769.307,土地区画整理所在図,法第14条1項地図（国調法19-5指定）,P-F,,,,2000,3,9
46201-3400-261.zip,080-2422,,true,71.448,18.320,184.989,262.840,-224.813,155.861,-111.122,400.522,旧土地台帳附属地図,地図に準ずる図面,P-F,,,,,,
46201-3400-261.zip,080-2423,,true,143.421,269.609,225.463,526.538,-167.692,369.217,-85.516,626.064,旧土地台帳附属地図,地図に準ずる図面,P-F,,,,,,
46201-3400-261.zip,080-2424,,true,151.552,341.938,288.659,574.243,-129.767,507.989,7.516,740.367,旧土地台帳附属地図,地図に準ずる図面,P-F,,,,,,
46201-3400-261.zip,080-2425,,true,-161.757,421.844,-362.205,241.389,56.591,178.869,-143.902,-1.422,旧土地台帳附属地図,地図に準ずる図面,P-F,,,,,,
46201-3400-261.zip,080-2426,,true,160.624,256.496,77.205,512.981,-150.032,155.474,-233.401,412.175,旧土地台帳附属地図,地図に準ずる図面,P-F,,,,,,
46201-3400-261.zip,080-2427,,true,55.211,423.146,-118.288,629.594,-195.005,213.134,-368.392,419.627,旧土地台帳附属地図,地図に準ずる図面,P-F,,,,,,
46201-3400-261.zip,080-2428,,true,-64.555,587.806,-205.478,817.727,-343.204,417.314,-483.957,647.249,旧土地台帳附属地図,地図に準ずる図面,P-F,,,,,,
46201-3400-261.zip,080-2429,,true,-435.397,479.006,-208.374,333.314,-258.996,753.912,-31.867,608.105,旧土地台帳附属地図,地図に準ずる図面,P-F,,,,,,
46201-3400-261.zip,080-2430,,true,-392.172,275.908,-229.754,491.183,-652.795,472.856,-490.278,688.009,旧土地台帳附属地図,地図に準ずる図面,P-F,,,,,,
46201-3400-261.zip,080-2431,,true,-355.113,240.614,-85.842,225.901,-336.997,566.705,-67.850,551.846,旧土地台帳附属地図,地図に準ずる図面,P-F,,,,,,
46201-3400-261.zip,080-2432,,true,-381.185,63.097,-111.513,63.173,-381.071,389.767,-111.437,389.767,旧土地台帳附属地図,地図に準ずる図面,P-F,,,,,,
46201-3400-261.zip,080-2433,,true,-454.511,-13.889,-355.268,-264.553,-150.740,106.365,-51.547,-144.483,旧土地台帳附属地図,地図に準ずる図面,P-F,,,,,,
46201-3400-261.zip,080-2434,,true,-215.514,-340.484,4.714,-184.848,-403.830,-73.510,-183.598,81.989,旧土地台帳附属地図,地図に準ずる図面,P-F,,,,,,
46201-3400-261.zip,080-2435,,true,-143.373,-67.391,41.132,129.284,-381.443,156.294,-196.907,352.835,旧土地台帳附属地図,地図に準ずる図面,P-F,,,,,,
46201-3400-261.zip,080-2436,,true,-150.534,124.259,-152.936,-145.440,176.123,121.388,173.681,-148.501,旧土地台帳附属地図,地図に準ずる図面,P-F,,,,,,
46201-3400-262.zip,159-1071,,false,-34.219,-192.111,201.799,-61.560,-192.188,93.792,43.903,224.209,旧土地台帳附属地図,地図に準ずる図面,P-F,,,,,,
46201-3400-262.zip,159-1107,,false,-156.971,33.699,-366.100,204.140,-363.480,-219.858,-572.552,-49.168,旧土地台帳附属地図,地図に準ずる図面,P-F,,,,,,
46201-3400-262.zip,159-1072,,false,-819.522,166.485,-951.369,-68.540,-534.414,6.638,-666.568,-228.390,旧土地台帳附属地図,地図に準ずる図面,P-F,,,,,,
46201-3400-262.zip,159-1110,500,true,-1641.337,-134.317,-1416.436,-134.155,-1641.556,138.053,-1416.465,138.217,旧土地台帳附属地図,地図に準ずる図面,P-F,,,,,,
46201-3400-262.zip,159-1112,500,false,-1974.035,-140.580,-1807.528,11.085,-2157.634,61.315,-1990.909,212.749,旧土地台帳附属地図,地図に準ずる図面,P-F,,,,,,
46201-3400-262.zip,159-1114,500,true,-145.302,494.343,79.631,494.419,-145.649,767.568,79.507,767.519,旧土地台帳附属地図,地図に準ずる図面,P-F,,,,,,
46201-3400-262.zip,159-1111,,false,-319.954,448.631,-162.044,667.374,-585.122,640.458,-426.748,858.867,旧土地台帳附属地図,地図に準ずる図面,P-F,,,,,,
46201-3400-262.zip,159-01,500,true,-901.314,526.706,-676.810,526.769,-901.568,798.867,-676.937,798.962,旧土地台帳附属地図,地図に準ずる図面,P-F,,,,1999,1,8
46201-3400-262.zip,159-1068,500,false,-1233.390,516.776,-1008.251,521.166,-1238.547,789.634,-1013.368,793.739,旧土地台帳附属地図,地図に準ずる図面,P-F,,,,,,
46201-3400-262.zip,159-1116,,false,-2002.609,737.496,-2026.444,468.918,-1676.952,708.611,-1700.869,439.964,旧土地台帳附属地図,地図に準ずる図面,P-F,,,,,,
46201-3400-262.zip,159-1117,500,false,-2304.554,491.328,-2129.592,633.121,-2476.270,703.381,-2301.144,845.022,旧土地台帳附属地図,地図に準ずる図面,P-F,,,,,,
46201-3400-262.zip,159-1113,500,true,-1552.829,521.484,-1327.817,521.642,-1553.051,794.184,-1327.944,794.153,旧土地台帳附属地図,地図に準ずる図面,P-F,,,,,,
46201-3400-262.zip,159-1109,500,true,-1245.998,95.870,-1246.407,-129.334,-973.107,95.226,-973.770,-129.976,旧土地台帳附属地図,地図に準ずる図面,P-F,,,,,,
46201-3400-264.zip,038-143,,true,-124.297,-151.039,146.095,-152.883,-121.929,175.852,148.427,174.276,旧土地台帳附属地図,地図に準ずる図面,P-F,,,,,,
46201-3400-265.zip,160-47,,false,-121.116,-153.116,148.652,-149.969,-124.722,173.688,144.818,176.831,旧土地台帳附属地図,地図に準ずる図面,P-F,,,,,,
46201-3400-265.zip,160-50,,false,-550.826,75.069,-482.669,-185.572,-234.602,157.774,-166.627,-103.073,旧土地台帳附属地図,地図に準ずる図面,P-F,,,,,,
46201-3400-265.zip,160-53,,false,-647.915,-112.849,-654.605,156.817,-974.682,-120.714,-981.367,148.762,旧土地台帳附属地図,地図に準ずる図面,P-F,,,,,,
46201-3400-265.zip,160-54,,false,-1345.664,99.032,-1319.678,-169.156,-1020.372,130.629,-994.564,-137.691,旧土地台帳附属地図,地図に準ずる図面,P-F,,,,,,
46201-3400-265.zip,160-55,,false,-1463.864,-137.594,-1531.294,123.591,-1780.367,-219.082,-1847.776,41.873,旧土地台帳附属地図,地図に準ずる図面,P-F,,,,,,
46201-3400-265.zip,160-59,500,true,-1113.383,331.673,-967.965,503.629,-1321.681,507.824,-1176.264,679.780,その他,地図に準ずる図面,P-F,,,,,,
46201-3400-265.zip,160-56,,false,-297.319,440.967,-328.876,708.865,-621.920,402.904,-653.487,670.570,旧土地台帳附属地図,地図に準ずる図面,P-F,,,,,,
46201-3400-265.zip,160-58,,false,-915.515,372.848,-647.363,399.583,-947.998,698.051,-679.790,724.600,旧土地台帳附属地図,地図に準ずる図面,P-F,,,,,,
46201-3400-265.zip,160-1088,,false,-1355.692,387.855,-1367.955,657.057,-1682.171,372.885,-1694.248,642.172,旧土地台帳附属地図,地図に準ずる図面,P-F,,,,,,
46201-3400-265.zip,160-1091,,false,-105.630,1263.731,-258.895,1041.752,163.198,1077.798,10.030,856.029,旧土地台帳附属地図,地図に準ずる図面,P-F,,,,,,
46201-3400-265.zip,160-1032,,false,-310.882,1229.329,-580.187,1238.000,-321.344,902.674,-590.756,911.576,旧土地台帳附属地図,地図に準ずる図面,P-F,,,,,,
46201-3400-265.zip,160-1093,,false,-645.347,960.694,-666.710,1229.634,-971.159,934.996,-992.503,1203.708,旧土地台帳附属地図,地図に準ずる図面,P-F,,,,,,
46201-3400-265.zip,160-1101,,false,-1284.096,898.644,-1039.856,1013.241,-1422.712,1194.659,-1178.662,1309.124,旧土地台帳附属地図,地図に準ずる図面,P-F,,,,,,
46201-3400-265.zip,160-1095-1,,false,-1647.835,889.649,-1409.671,1015.656,-1800.732,1178.501,-1562.378,1304.392,旧土地台帳附属地図,地図に準ずる図面,P-F,,,,,,
46201-3400-265.zip,160-55-1,600,false,-241.813,523.546,-70.194,315.828,10.103,731.754,181.649,523.827,旧土地台帳附属地図,地図に準ずる図面,P-F,,,,,,
46201-3400-266.zip,160-2,500,false,-161428.877,-45469.372,-161228.881,-45469.376,-161428.882,-45219.375,-161228.885,-45219.379,その他,地図に準ずる図面,P-F,,,,1999,2,26
46201-3400-266.zip,160-1,500,false,-161228.881,-45469.376,-161028.885,-45469.381,-161228.885,-45219.379,-161028.890,-45219.381,その他,地図に準ずる図面,P-F,,,,1999,2,26
46201-3400-266.zip,160-3,500,false,-161428.882,-45219.375,-161228.885,-45219.379,-161428.882,-44969.378,-161228.885,-44969.381,その他,地図に準ずる図面,P-F,,,,1999,2,26
46201-3400-267.zip,E   54,1000,false,-148128.830,-51019.615,-147828.826,-51019.624,-148128.823,-50619.598,-147828.821,-50619.608,地籍図,法第14条1項地図,P-F,,,,,,
46201-3400-267.zip,E   55,1000,false,-148128.823,-50619.598,-147828.821,-50619.608,-148128.817,-50219.582,-147828.815,-50219.593,地籍図,法第14条1項地図,P-F,,,,,,
46201-3400-267.zip,N   14,1000,false,-148428.834,-51019.606,-148128.830,-51019.615,-148428.827,-50619.590,-148128.823,-50619.598,地籍図,法第14条1項地図,P-F,,,,,,
46201-3400-267.zip,N   15,1000,false,-148428.827,-50619.590,-148128.823,-50619.598,-148428.820,-50219.575,-148128.817,-50219.582,地籍図,法第14条1項地図,P-F,,,,,,
46201-3400-267.zip,N   24,1000,false,-148728.838,-51019.598,-148428.834,-51019.606,-148728.832,-50619.584,-148428.827,-50619.590,地籍図,法第14条1項地図,P-F,,,,,,
46201-3400-267.zip,N   25,1000,false,-148728.832,-50619.584,-148428.827,-50619.590,-148728.825,-50219.569,-148428.820,-50219.575,地籍図,法第14条1項地図,P-F,,,,,,
46201-3400-268.zip,Q   21-4,500,false,-148728.808,-48019.521,-148578.806,-48019.524,-148728.805,-47819.517,-148578.804,-47819.520,土地改良所在図,法第14条1項地図,P-F,,,,,,
46201-3400-268.zip,Q   31-2,500,false,-148878.809,-48019.518,-148728.808,-48019.521,-148878.806,-47819.514,-148728.805,-47819.517,土地改良所在図,法第14条1項地図,P-F,,,,,,
46201-3400-269.zip,074-430,,true,-194.830,-9.762,-14.857,-210.490,48.386,208.318,228.404,7.426,旧土地台帳附属地図,地図に準ずる図面,P-F,,,,,,
46201-3400-269.zip,074-431,,true,-319.014,29.529,-123.744,-156.573,-93.470,265.840,101.665,79.708,旧土地台帳附属地図,地図に準ずる図面,P-F,,,,,,
46201-3400-269.zip,074-432,,true,-190.852,103.509,78.119,123.980,-215.671,429.197,53.455,449.641,旧土地台帳附属地図,地図に準ずる図面,P-F,,,,,,
46201-3400-269.zip,074-433,,true,-117.943,65.051,-137.914,333.982,-443.734,41.103,-463.588,310.004,旧土地台帳附属地図,地図に準ずる図面,P-F,,,,,,
46201-3400-269.zip,074-434,,true,-47.370,194.399,124.659,402.174,-298.995,402.721,-126.786,610.594,旧土地台帳附属地図,地図に準ずる図面,P-F,,,,,,
46201-3400-269.zip,074-435,,true,-54.300,107.165,210.512,158.333,-116.078,427.940,148.673,479.018,旧土地台帳附属地図,地図に準ずる図面,P-F,,,,,,
46201-3400-269.zip,074-436,,true,-86.938,482.905,52.578,252.083,192.654,651.920,332.171,420.876,旧土地台帳附属地図,地図に準ずる図面,P-F,,,,,,
46201-3400-269.zip,074-437,,true,-210.080,269.906,2.712,435.625,-410.605,527.787,-197.833,693.346,旧土地台帳附属地図,地図に準ずる図面,P-F,,,,,,
46201-3400-269.zip,074-438,,true,-133.447,411.751,-402.957,403.603,-123.819,85.185,-393.257,77.154,旧土地台帳附属地図,地図に準ずる図面,P-F,,,,,,
46201-3400-269.zip,074-439,,true,-452.863,390.948,-565.114,145.707,-155.804,254.956,-268.223,9.624,旧土地台帳附属地図,地図に準ずる図面,P-F,,,,,,
46201-3400-269.zip,074-440,,true,-602.032,172.690,-333.095,192.583,-625.888,498.525,-357.018,518.298,旧土地台帳附属地図,地図に準ずる図面,P-F,,,,,,
46201-3400-269.zip,074-441,,true,-340.860,532.678,-610.338,521.493,-327.236,206.331,-596.868,195.178,旧土地台帳附属地図,地図に準ずる図面,P-F,,,,,,
46201-3400-269.zip,074-442,,true,-296.745,499.321,-392.008,751.606,-602.455,384.195,-697.572,636.413,旧土地台帳附属地図,地図に準ずる図面,P-F,,,,,,
46201-3400-269.zip,074-443,,true,-249.194,521.797,-513.495,468.050,-184.041,201.691,-448.536,147.943,旧土地台帳附属地図,地図に準ずる図面,P-F,,,,,,
46201-3400-269.zip,074-444,,true,-132.186,428.897,-126.294,698.467,-458.810,436.289,-452.767,705.817,旧土地台帳附属地図,地図に準ずる図面,P-F,,,,,,
46201-3400-269.zip,074-445,,true,-342.711,766.396,-340.730,496.693,-16.050,768.828,-14.144,499.010,旧土地台帳附属地図,地図に準ずる図面,P-F,,,,,,
46201-3400-269.zip,074-446,,true,172.676,547.054,165.823,816.601,-153.932,539.003,-160.632,808.516,旧土地台帳附属地図,地図に準ずる図面,P-F,,,,,,
46201-3400-269.zip,074-447,,true,120.678,866.022,-64.763,670.178,357.905,641.440,172.331,445.511,旧土地台帳附属地図,地図に準ずる図面,P-F,,,,,,
46201-3400-27.zip,165-11-2,,true,-152818.818,-43709.746,-152618.814,-43709.747,-152818.817,-43459.746,-152618.813,-43459.747,旧土地台帳附属地図,地図に準ずる図面,P-F,,,,1984,3,5
46201-3400-27.zip,165-3-2,,true,-152428.810,-43719.498,-152228.805,-43719.498,-152428.810,-43469.498,-152228.805,-43469.498,旧土地台帳附属地図,地図に準ずる図面,P-F,,,,1984,3,5
46201-3400-270.zip,Q   41-2,500,false,-149178.812,-48019.512,-149028.810,-48019.515,-149178.809,-47819.508,-149028.808,-47819.511,土地改良所在図,法第14条1項地図,P-F,,,,,,
46201-3400-270.zip,Q   41-4,500,false,-149328.814,-48019.509,-149178.812,-48019.512,-149328.811,-47819.505,-149178.809,-47819.508,土地改良所在図,法第14条1項地図,P-F,,,,,,
46201-3400-270.zip,Q   42-3,500,false,-149328.811,-47819.505,-149178.809,-47819.508,-149328.808,-47619.502,-149178.806,-47619.505,土地改良所在図,法第14条1項地図,P-F,,,,,,
46201-3400-270.zip,Q   51-2,500,false,-149478.816,-48019.506,-149328.814,-48019.509,-149478.813,-47819.502,-149328.811,-47819.505,土地改良所在図,法第14条1項地図,P-F,,,,,,
46201-3400-270.zip,Q   52-1,500,false,-149478.813,-47819.502,-149328.811,-47819.505,-149478.810,-47619.499,-149328.808,-47619.502,土地改良所在図,法第14条1項地図,P-F,,,,,,
46201-3400-271.zip,074-466,,true,-633.989,1476.729,-471.085,1261.822,-373.542,1673.846,-210.798,1458.961,旧土地台帳附属地図,地図に準ずる図面,P-F,,,,,,
46201-3400-271.zip,074-467,,true,-527.006,1345.802,-528.221,1076.094,-200.301,1344.401,-201.668,1074.580,旧土地台帳附属地図,地図に準ずる図面,P-F,,,,,,
46201-3400-271.zip,074-468,,true,-390.684,1115.758,-583.581,927.362,-162.605,881.946,-355.447,693.657,旧土地台帳附属地図,地図に準ずる図面,P-F,,,,,,
46201-3400-271.zip,074-469,,true,-184.225,834.554,-453.933,835.757,-185.650,507.887,-455.510,509.167,旧土地台帳附属地図,地図に準ずる図面,P-F,,,,,,
46201-3400-271.zip,074-470,,true,-83.389,544.331,-349.771,586.080,-134.172,221.633,-400.467,263.445,旧土地台帳附属地図,地図に準ずる図面,P-F,,,,,,
46201-3400-271.zip,074-471,,true,-258.283,279.332,-238.838,10.323,67.573,302.910,86.801,33.733,旧土地台帳附属地図,地図に準ずる図面,P-F,,,,,,
46201-3400-271.zip,074-472,,true,-161.998,108.792,-137.792,-159.753,163.375,137.867,187.460,-130.612,旧土地台帳附属地図,地図に準ずる図面,P-F,,,,,,
46201-3400-271.zip,074-473,,true,136.222,-223.713,123.690,45.744,-190.094,-238.922,-202.555,30.653,旧土地台帳附属地図,地図に準ずる図面,P-F,,,,,,
46201-3400-271.zip,074-474,,true,-303.497,-274.214,-33.921,-279.782,-296.497,52.419,-27.001,46.700,旧土地台帳附属地図,地図に準ずる図面,P-F,,,,,,
46201-3400-271.zip,074-475,,true,-260.121,-520.282,9.458,-514.783,-266.852,-193.681,2.956,-188.254,旧土地台帳附属地図,地図に準ずる図面,P-F,,,,,,
46201-3400-271.zip,074-476,,true,-36.949,-433.025,232.655,-425.461,-45.897,-106.440,223.673,-99.029,旧土地台帳附属地図,地図に準ずる図面,P-F,,,,,,
46201-3400-271.zip,074-477,,true,157.323,-459.062,425.906,-434.426,127.414,-133.764,396.155,-109.190,旧土地台帳附属地図,地図に準ずる図面,P-F,,,,,,
46201-3400-271.zip,074-478,,true,590.063,-480.274,596.402,-210.638,263.487,-472.473,269.940,-202.840,旧土地台帳附属地図,地図に準ずる図面,P-F,,,,,,
46201-3400-271.zip,074-479,,true,66.466,-778.932,62.397,-509.291,-260.204,-783.931,-264.122,-514.173,旧土地台帳附属地図,地図に準ずる図面,P-F,,,,,,
46201-3400-271.zip,074-480,,true,68.711,-486.993,-94.900,-272.575,-191.143,-684.955,-354.617,-470.529,旧土地台帳附属地図,地図に準ずる図面,P-F,,,,,,
46201-3400-271.zip,074-481,,true,-258.273,-542.085,-274.867,-272.923,-584.403,-562.146,-600.854,-292.823,旧土地台帳附属地図,地図に準ずる図面,P-F,,,,,,
46201-3400-271.zip,074-482,,true,-143.148,-628.927,-272.591,-392.266,-429.869,-785.463,-559.176,-548.815,旧土地台帳附属地図,地図に準ずる図面,P-F,,,,,,
46201-3400-271.zip,074-483,,true,-593.900,-803.904,-357.305,-933.469,-436.739,-517.524,-200.300,-647.134,旧土地台帳附属地図,地図に準ずる図面,P-F,,,,,,
46201-3400-272.zip,074-505,,true,183.490,-66.412,95.083,188.357,-125.245,-173.279,-213.434,81.445,旧土地台帳附属地図,地図に準ずる図面,P-F,,,,,,
46201-3400-272.zip,074-508,,true,-133.863,-169.466,-137.826,100.139,-460.534,-174.400,-464.500,95.472,旧土地台帳附属地図,地図に準ずる図面,P-F,,,,,,
46201-3400-272.zip,074-509,,true,-113.496,-312.851,-105.617,-43.370,-440.020,-303.097,-432.068,-33.733,旧土地台帳附属地図,地図に準ずる図面,P-F,,,,,,
46201-3400-272.zip,074-510,,true,-2.063,-266.875,101.416,-17.806,-303.790,-141.579,-200.202,107.652,旧土地台帳附属地図,地図に準ずる図面,P-F,,,,,,
46201-3400-272.zip,074-511,,true,-126.619,-128.938,-315.424,-321.381,106.420,-357.861,-82.414,-550.170,旧土地台帳附属地図,地図に準ずる図面,P-F,,,,,,
46201-3400-272.zip,074-512,,true,-383.675,-270.244,-347.880,-537.492,-59.869,-226.795,-24.162,-494.247,旧土地台帳附属地図,地図に準ずる図面,P-F,,,,,,
46201-3400-272.zip,074-513,,true,-4.888,-373.702,-274.156,-389.134,13.598,-699.848,-255.598,-715.200,旧土地台帳附属地図,地図に準ずる図面,P-F,,,,,,
46201-3400-272.zip,074-514,,true,-169.326,-684.935,-40.252,-448.159,-456.174,-528.630,-326.842,-291.777,旧土地台帳附属地図,地図に準ずる図面,P-F,,,,,,
46201-3400-272.zip,074-515,,true,-252.144,-618.797,-225.824,-887.258,72.987,-587.129,99.224,-855.521,旧土地台帳附属地図,地図に準ずる図面,P-F,,,,,,
46201-3400-272.zip,074-516,,true,-443.811,-791.038,-202.283,-910.987,-298.538,-498.448,-56.993,-618.618,旧土地台帳附属地図,地図に準ずる図面,P-F,,,,,,
46201-3400-272.zip,074-517,,true,-115.149,-702.989,-384.427,-718.242,-96.796,-1029.142,-366.039,-1044.355,旧土地台帳附属地図,地図に準ずる図面,P-F,,,,,,
46201-3400-272.zip,074-518,,true,-187.900,-964.598,-359.823,-756.785,-439.624,-1172.861,-611.502,-964.863,旧土地台帳附属地図,地図に準ずる図面,P-F,,,,,,
46201-3400-273.zip,074-501,,true,607.043,670.183,469.908,902.250,325.758,503.999,188.533,736.146,旧土地台帳附属地図,地図に準ずる図面,P-F,,,,,,
46201-3400-273.zip,074-502,,true,381.808,866.645,475.152,613.805,688.305,979.770,781.688,726.823,旧土地台帳附属地図,地図に準ずる図面,P-F,,,,,,
46201-3400-273.zip,074-519,,true,-145.394,130.274,-158.679,-139.070,180.913,114.091,167.622,-155.368,旧土地台帳附属地図,地図に準ずる図面,P-F,,,,,,
46201-3400-273.zip,074-520,,true,88.372,8.968,78.380,278.417,-238.112,-3.102,-248.187,266.496,旧土地台帳附属地図,地図に準ずる図面,P-F,,,,,,
46201-3400-273.zip,074-521,,true,218.076,199.085,-43.355,133.082,298.008,-117.693,36.522,-183.789,旧土地台帳附属地図,地図に準ずる図面,P-F,,,,,,
46201-3400-273.zip,074-522,,true,146.305,82.015,342.571,-102.869,370.379,319.774,566.754,134.838,旧土地台帳附属地図,地図に準ずる図面,P-F,,,,,,
46201-3400-273.zip,074-523,,true,411.013,274.441,188.219,426.381,226.897,4.553,4.009,156.558,旧土地台帳附属地図,地図に準ずる図面,P-F,,,,,,
46201-3400-273.zip,074-524,,true,485.120,448.086,273.572,615.329,282.416,191.818,70.808,359.108,旧土地台帳附属地図,地図に準ずる図面,P-F,,,,,,
46201-3400-273.zip,074-525,,true,246.323,193.685,486.801,71.734,394.169,485.026,634.733,363.074,旧土地台帳附属地図,地図に準ずる図面,P-F,,,,,,
46201-3400-273.zip,074-526,,true,648.508,333.792,473.638,539.031,399.742,121.947,224.773,327.301,旧土地台帳附属地図,地図に準ずる図面,P-F,,,,,,
46201-3400-273.zip,074-527,,true,209.188,458.205,-2.456,291.206,411.541,201.707,199.831,34.607,旧土地台帳附属地図,地図に準ずる図面,P-F,,,,,,
46201-3400-273.zip,074-528,,true,270.458,557.941,284.553,288.676,596.720,574.982,610.898,305.607,旧土地台帳附属地図,地図に準ずる図面,P-F,,,,,,
46201-3400-273.zip,074-529,,true,493.928,495.761,531.312,762.791,170.386,541.134,207.738,808.207,旧土地台帳附属地図,地図に準ずる図面,P-F,,,,,,
46201-3400-273.zip,074-530,,true,129.124,353.841,398.720,353.841,129.200,680.587,398.910,680.625,旧土地台帳附属地図,地図に準ずる図面,P-F,,,,,,
46201-3400-273.zip,074-531,,true,627.432,375.609,731.933,624.210,326.270,502.254,430.800,750.925,旧土地台帳附属地図,地図に準ずる図面,P-F,,,,,,
46201-3400-273.zip,074-532,,true,775.322,477.026,520.719,565.792,667.691,168.516,412.979,257.320,旧土地台帳附属地図,地図に準ずる図面,P-F,,,,,,
46201-3400-273.zip,074-533,,true,887.782,386.037,688.699,567.883,667.373,144.826,468.206,326.749,旧土地台帳附属地図,地図に準ずる図面,P-F,,,,,,
46201-3400-273.zip,074-534,,true,732.373,326.915,989.595,407.654,634.592,638.686,891.922,719.460,旧土地台帳附属地図,地図に準ずる図面,P-F,,,,,,
46201-3400-273.zip,074-535,,true,790.426,405.189,1059.541,389.092,809.957,731.312,1079.226,715.244,旧土地台帳附属地図,地図に準ずる図面,P-F,,,,,,
46201-3400-273.zip,074-536,,true,870.855,506.600,1023.120,729.171,601.222,691.088,753.468,913.765,旧土地台帳附属地図,地図に準ずる図面,P-F,,,,,,
46201-3400-273.zip,074-537,,true,807.757,720.970,815.001,990.506,481.132,729.841,488.378,999.454,旧土地台帳附属地図,地図に準ずる図面,P-F,,,,,,
46201-3400-274.zip,074-555,,true,-102.609,-166.071,164.863,-131.692,-144.269,157.931,123.401,192.258,旧土地台帳附属地図,地図に準ずる図面,P-F,,,,,,
46201-3400-274.zip,074-556,,true,-46.234,18.782,-276.248,-122.134,124.235,-259.882,-105.774,-400.660,旧土地台帳附属地図,地図に準ずる図面,P-F,,,,,,
46201-3400-274.zip,074-557,,true,35.417,57.687,-148.550,-139.490,274.334,-165.151,90.099,-362.391,旧土地台帳附属地図,地図に準ずる図面,P-F,,,,,,
46201-3400-274.zip,074-558,,true,49.625,-36.308,-143.718,-224.192,277.111,-270.749,83.744,-458.499,旧土地台帳附属地図,地図に準ずる図面,P-F,,,,,,
46201-3400-274.zip,074-559,,true,-187.234,-300.890,-5.766,-500.318,54.518,-81.189,235.850,-280.637,旧土地台帳附属地図,地図に準ずる図面,P-F,,,,,,
46201-3400-274.zip,074-560,,true,-84.938,-176.407,-132.415,89.053,-406.502,-233.941,-453.938,31.721,旧土地台帳附属地図,地図に準ずる図面,P-F,,,,,,
46201-3400-274.zip,074-561,,true,-369.885,-164.680,-286.214,-421.004,-59.212,-63.583,24.290,-319.881,旧土地台帳附属地図,地図に準ずる図面,P-F,,,,,,
46201-3400-274.zip,074-562,,true,-348.038,-279.566,-243.919,-528.409,-46.604,-153.666,57.395,-402.519,旧土地台帳附属地図,地図に準ずる図面,P-F,,,,,,
46201-3400-274.zip,074-563,,true,-290.647,-393.596,-243.147,-659.013,30.948,-336.239,78.328,-601.639,旧土地台帳附属地図,地図に準ずる図面,P-F,,,,,,
46201-3400-274.zip,074-564,,true,286.239,-420.921,279.582,-151.407,-40.404,-429.097,-46.991,-159.353,旧土地台帳附属地図,地図に準ずる図面,P-F,,,,,,
46201-3400-274.zip,074-565,,true,244.286,-50.821,0.763,-166.841,384.579,-345.831,141.059,-461.680,旧土地台帳附属地図,地図に準ずる図面,P-F,,,,,,
46201-3400-274.zip,074-567,,true,325.145,-246.920,69.905,-333.958,430.650,-556.124,175.157,-643.127,旧土地台帳附属地図,地図に準ずる図面,P-F,,,,,,
46201-3400-274.zip,074-568,,true,150.789,-391.960,60.377,-646.105,458.478,-501.689,367.984,-755.724,旧土地台帳附属地図,地図に準ずる図面,P-F,,,,,,
46201-3400-274.zip,074-569,,true,301.019,-847.956,466.329,-634.894,42.879,-647.763,208.390,-434.567,旧土地台帳附属地図,地図に準ずる図面,P-F,,,,,,
46201-3400-274.zip,074-571,,true,121.222,-608.017,-83.589,-783.622,333.666,-856.171,128.838,-1031.639,旧土地台帳附属地図,地図に準ずる図面,P-F,,,,,,
46201-3400-274.zip,074-572,,true,64.386,-672.118,-147.278,-839.215,266.803,-928.517,54.942,-1095.672,旧土地台帳附属地図,地図に準ずる図面,P-F,,,,,,
46201-3400-274.zip,074-685,,true,385.821,-757.825,116.171,-765.103,394.363,-1084.383,124.785,-1091.506,旧土地台帳附属地図,地図に準ずる図面,P-F,,,,,,
46201-3400-274.zip,074-686,,true,506.101,-880.483,495.556,-611.018,179.672,-893.005,169.282,-623.609,旧土地台帳附属地図,地図に準ずる図面,P-F,,,,,,
46201-3400-274.zip,074-687,,true,555.812,-702.242,473.310,-445.420,244.790,-802.136,162.303,-545.109,旧土地台帳附属地図,地図に準ずる図面,P-F,,,,,,
46201-3400-275.zip,074-642,,true,44.134,2.092,271.655,146.856,-131.159,277.837,96.468,422.578,旧土地台帳附属地図,地図に準ずる図面,P-F,,,,,,
46201-3400-275.zip,074-643,,true,-180.116,75.169,-104.176,-183.550,133.343,167.264,209.253,-91.622,旧土地台帳附属地図,地図に準ずる図面,P-F,,,,,,
46201-3400-275.zip,074-644,,true,77.860,69.508,165.615,-185.527,386.909,175.582,474.544,-79.454,旧土地台帳附属地図,地図に準ずる図面,P-F,,,,,,
46201-3400-275.zip,074-645,,true,85.289,35.395,-54.880,-194.943,364.430,-134.368,224.083,-364.777,旧土地台帳附属地図,地図に準ずる図面,P-F,,,,,,
46201-3400-275.zip,074-646,,true,44.722,-163.927,-44.427,90.663,-263.732,-271.719,-352.784,-17.175,旧土地台帳附属地図,地図に準ずる図面,P-F,,,,,,
46201-3400-275.zip,074-647,,true,-174.412,-86.709,-426.968,7.618,-288.900,-392.740,-541.393,-298.355,旧土地台帳附属地図,地図に準ずる図面,P-F,,,,,,
46201-3400-275.zip,074-648,,true,-287.444,-173.405,-276.087,-442.876,38.970,-159.557,50.259,-429.221,旧土地台帳附属地図,地図に準ずる図面,P-F,,,,,,
46201-3400-275.zip,074-649,,true,-306.537,-304.283,-458.968,-526.834,-37.076,-489.023,-189.517,-711.521,旧土地台帳附属地図,地図に準ずる図面,P-F,,,,,,
46201-3400-275.zip,074-650,,true,-561.554,-312.384,-480.204,-569.613,-249.952,-214.063,-168.734,-471.254,旧土地台帳附属地図,地図に準ずる図面,P-F,,,,,,
46201-3400-275.zip,074-651,,true,-636.428,-221.017,-623.210,-490.441,-310.066,-205.191,-296.964,-474.583,旧土地台帳附属地図,地図に準ずる図面,P-F,,,,,,
46201-3400-275.zip,074-678,,true,248.833,21.937,395.837,-204.099,522.668,200.199,669.732,-26.070,旧土地台帳附属地図,地図に準ずる図面,P-F,,,,,,
46201-3400-275.zip,074-679,,true,297.460,74.900,561.363,19.054,365.226,394.541,629.077,338.628,旧土地台帳附属地図,地図に準ずる図面,P-F,,,,,,
46201-3400-275.zip,074-680,,true,292.730,458.358,104.773,264.978,527.147,230.734,339.002,37.271,旧土地台帳附属地図,地図に準ずる図面,P-F,,,,,,
46201-3400-275.zip,074-638,,true,107.415,266.954,113.606,-2.723,434.118,274.262,440.194,4.620,旧土地台帳附属地図,地図に準ずる図面,P-F,,,,,,
46201-3400-275.zip,074-639,,true,141.787,275.838,-38.661,476.138,-100.805,57.007,-281.404,257.531,旧土地台帳附属地図,地図に準ずる図面,P-F,,,,,,
46201-3400-275.zip,074-640,,true,-397.801,5.924,-219.180,-196.160,-152.845,222.163,25.694,20.057,旧土地台帳附属地図,地図に準ずる図面,P-F,,,,,,
46201-3400-275.zip,074-641,,true,-222.961,228.035,-230.404,-41.496,103.663,219.095,96.098,-50.662,旧土地台帳附属地図,地図に準ずる図面,P-F,,,,,,
46201-3400-276.zip,074-670,,true,-755.035,-210.223,-735.658,-479.274,-429.171,-186.768,-409.859,-455.977,旧土地台帳附属地図,地図に準ずる図面,P-F,,,,,,
46201-3400-276.zip,074-671,,true,-616.742,-328.963,-419.610,-144.892,-839.534,-90.004,-642.326,93.930,旧土地台帳附属地図,地図に準ずる図面,P-F,,,,,,
46201-3400-276.zip,074-672,,true,-553.229,87.426,-809.310,2.652,-450.531,-222.720,-706.817,-307.482,旧土地台帳附属地図,地図に準ずる図面,P-F,,,,,,
46201-3400-276.zip,074-673,,true,-639.692,114.467,-908.711,134.285,-663.977,-211.337,-932.871,-191.375,旧土地台帳附属地図,地図に準ずる図面,P-F,,,,,,
46201-3400-276.zip,074-674,,true,-860.652,-29.039,-946.794,-284.663,-551.044,-133.347,-637.318,-389.127,旧土地台帳附属地図,地図に準ずる図面,P-F,,,,,,
46201-3400-276.zip,074-727,,true,-248.253,563.066,-112.199,795.990,-530.237,728.060,-394.123,960.860,旧土地台帳附属地図,地図に準ずる図面,P-F,,,,,,
46201-3400-276.zip,074-728,,true,-467.780,774.584,-580.188,529.415,-170.789,638.443,-283.346,393.132,旧土地台帳附属地図,地図に準ずる図面,P-F,,,,,,
46201-3400-276.zip,074-729,,true,-564.962,413.962,-301.184,470.399,-632.994,733.508,-369.288,789.735,旧土地台帳附属地図,地図に準ずる図面,P-F,,,,,,
46201-3400-276.zip,074-730,,true,-632.066,392.148,-490.728,162.437,-353.663,563.114,-212.514,333.421,旧土地台帳附属地図,地図に準ずる図面,P-F,,,,,,
46201-3400-276.zip,074-731,,true,-327.981,327.973,-569.137,448.837,-474.379,35.902,-715.637,156.903,旧土地台帳附属地図,地図に準ずる図面,P-F,,,,,,
46201-3400-276.zip,074-732,,true,-622.973,241.590,-781.273,23.221,-358.601,49.639,-516.949,-168.601,旧土地台帳附属地図,地図に準ずる図面,P-F,,,,,,
46201-3400-276.zip,074-733,,true,-277.446,-88.977,-291.487,180.367,-603.711,-105.981,-617.686,163.557,旧土地台帳附属地図,地図に準ずる図面,P-F,,,,,,
46201-3400-276.zip,074-734,,true,-651.305,-148.819,-493.894,-367.829,-385.869,41.659,-228.596,-177.356,旧土地台帳附属地図,地図に準ずる図面,P-F,,,,,,
46201-3400-276.zip,074-735,,true,-500.320,-106.980,-498.204,-376.681,-173.661,-104.378,-171.582,-374.233,旧土地台帳附属地図,地図に準ずる図面,P-F,,,,,,
46201-3400-276.zip,074-736,,true,-554.902,-193.639,-592.472,-460.719,-231.414,-239.391,-269.124,-506.374,旧土地台帳附属地図,地図に準ずる図面,P-F,,,,,,
46201-3400-276.zip,074-737,,true,-74.222,-129.523,-61.270,139.914,-400.517,-113.884,-387.480,155.739,旧土地台帳附属地図,地図に準ずる図面,P-F,,,,,,
46201-3400-276.zip,074-738,,true,138.159,-137.875,165.835,130.411,-186.794,-104.061,-158.937,164.129,旧土地台帳附属地図,地図に準ずる図面,P-F,,,,,,
46201-3400-276.zip,074-739,,true,101.738,-68.375,215.434,176.200,-194.419,69.569,-80.618,314.011,旧土地台帳附属地図,地図に準ずる図面,P-F,,,,,,
46201-3400-276.zip,074-740,,true,-91.700,-56.438,81.243,150.576,-342.245,153.241,-169.259,360.069,旧土地台帳附属地図,地図に準ずる図面,P-F,,,,,,
46201-3400-276.zip,074-741,,true,-581.403,1567.643,-404.317,1364.162,-334.945,1782.111,-157.846,1578.440,旧土地台帳附属地図,地図に準ずる図面,P-F,,,,,,
46201-3400-276.zip,074-742,,true,-229.039,101.232,-99.973,338.099,-515.916,257.563,-386.710,494.528,旧土地台帳附属地図,地図に準ずる図面,P-F,,,,,,
46201-3400-276.zip,074-743,,true,-148.836,506.036,-294.515,732.973,-423.902,329.751,-569.412,556.707,旧土地台帳附属地図,地図に準ずる図面,P-F,,,,,,
46201-3400-276.zip,074-744,,true,-305.926,419.548,-122.797,221.488,-66.060,641.364,117.142,443.112,旧土地台帳附属地図,地図に準ずる図面,P-F,,,,,,
46201-3400-276.zip,074-745,,true,-218.032,315.691,-36.693,116.043,23.944,535.146,205.122,335.505,旧土地台帳附属地図,地図に準ずる図面,P-F,,,,,,
46201-3400-276.zip,074-746,,true,26.487,442.511,125.009,693.624,-277.645,561.850,-178.996,813.077,旧土地台帳附属地図,地図に準ずる図面,P-F,,,,,,
46201-3400-277.zip,074-688,,true,-761.409,438.192,-723.009,171.268,-438.033,484.458,-399.756,217.594,旧土地台帳附属地図,地図に準ずる図面,P-F,,,,,,
46201-3400-277.zip,074-689,,true,-439.916,413.891,-449.289,683.438,-766.424,402.466,-775.726,672.168,旧土地台帳附属地図,地図に準ずる図面,P-F,,,,,,
46201-3400-277.zip,074-690,,true,-453.645,711.724,-590.198,479.181,-172.080,546.092,-308.693,313.673,旧土地台帳附属地図,地図に準ずる図面,P-F,,,,,,
46201-3400-277.zip,074-694,,true,-33.231,298.345,180.578,462.688,-232.109,557.498,-18.292,721.704,旧土地台帳附属地図,地図に準ずる図面,P-F,,,,,,
46201-3400-277.zip,074-700,,true,-96.343,1.244,173.363,-0.257,-94.511,327.946,175.346,326.330,旧土地台帳附属地図,地図に準ずる図面,P-F,,,,,,
46201-3400-277.zip,074-701,,true,66.744,173.843,152.676,429.497,-242.945,277.912,-156.880,533.723,旧土地台帳附属地図,地図に準ずる図面,P-F,,,,,,
46201-3400-277.zip,074-702,,true,-269.928,113.460,-56.377,-51.155,-70.291,372.029,143.130,207.370,旧土地台帳附属地図,地図に準ずる図面,P-F,,,,,,
46201-3400-277.zip,074-703,,true,-70.746,162.595,-96.870,430.960,-395.945,131.239,-421.910,399.543,旧土地台帳附属地図,地図に準ずる図面,P-F,,,,,,
46201-3400-277.zip,074-704,,true,-528.733,361.186,-289.318,237.073,-378.440,651.231,-138.874,526.995,旧土地台帳附属地図,地図に準ずる図面,P-F,,,,,,
46201-3400-277.zip,074-706,,true,-522.517,462.119,-714.657,272.897,-293.482,229.191,-485.648,40.104,旧土地台帳附属地図,地図に準ずる図面,P-F,,,,,,
46201-3400-277.zip,074-753,,true,-362.488,340.386,-569.750,167.859,-153.443,89.361,-360.876,-83.259,旧土地台帳附属地図,地図に準ずる図面,P-F,,,,,,
46201-3400-277.zip,074-754,,true,-389.505,-34.919,-169.191,-190.434,-200.983,231.862,19.256,76.307,旧土地台帳附属地図,地図に準ずる図面,P-F,,,,,,
46201-3400-277.zip,074-755,,true,192.946,-29.208,56.422,203.397,-88.796,-194.616,-225.351,38.192,旧土地台帳附属地図,地図に準ずる図面,P-F,,,,,,
46201-3400-278.zip,074-707,,true,-477.401,1410.146,-208.761,1433.274,-505.386,1735.653,-236.635,1758.829,旧土地台帳附属地図,地図に準ずる図面,P-F,,,,,,
46201-3400-278.zip,074-708,,true,-290.406,1435.508,-553.540,1494.352,-361.817,1116.622,-625.055,1175.529,旧土地台帳附属地図,地図に準ずる図面,P-F,,,,,,
46201-3400-278.zip,074-709,,true,-106.580,1250.681,-239.073,1485.473,-391.170,1090.148,-523.739,1325.072,旧土地台帳附属地図,地図に準ずる図面,P-F,,,,,,
46201-3400-278.zip,074-710,,true,-254.166,790.969,-65.802,598.094,-20.366,1019.224,168.078,826.267,旧土地台帳附属地図,地図に準ずる図面,P-F,,,,,,
46201-3400-278.zip,074-711,,true,-182.454,624.270,-361.361,422.541,61.939,407.453,-116.961,205.616,旧土地台帳附属地図,地図に準ずる図面,P-F,,,,,,
46201-3400-278.zip,074-712,,true,-376.643,909.080,-234.233,680.167,-99.179,1081.639,43.311,852.597,旧土地台帳附属地図,地図に準ずる図面,P-F,,,,,,
46201-3400-278.zip,074-713,,true,-557.189,797.806,-330.428,651.921,-380.399,1072.593,-153.542,926.647,旧土地台帳附属地図,地図に準ずる図面,P-F,,,,,,
46201-3400-278.zip,074-714,,true,-398.108,591.738,-242.471,371.557,-131.263,780.302,24.462,559.997,旧土地台帳附属地図,地図に準ずる図面,P-F,,,,,,
46201-3400-278.zip,074-715,,true,-635.113,772.256,-569.661,510.687,-318.092,851.535,-252.612,589.855,旧土地台帳附属地図,地図に準ずる図面,P-F,,,,,,
46201-3400-278.zip,074-716,,true,-364.486,681.012,-602.016,553.409,-209.908,393.143,-447.538,265.487,旧土地台帳附属地図,地図に準ずる図面,P-F,,,,,,
46201-3400-278.zip,074-717,,true,-668.370,659.330,-662.908,389.866,-341.690,665.876,-336.186,396.260,旧土地台帳附属地図,地図に準ずる図面,P-F,,,,,,
46201-3400-278.zip,074-718,,true,-531.484,727.986,-360.511,936.481,-784.118,935.203,-613.101,1143.811,旧土地台帳附属地図,地図に準ずる図面,P-F,,,,,,
46201-3400-278.zip,074-719,,true,-670.227,899.802,-920.707,999.715,-791.286,596.310,-1041.872,696.266,旧土地台帳附属地図,地図に準ずる図面,P-F,,,,,,
46201-3400-278.zip,074-720,,true,-984.280,563.991,-728.981,477.246,-879.125,873.353,-623.718,786.571,旧土地台帳附属地図,地図に準ずる図面,P-F,,,,,,
46201-3400-278.zip,074-721,,true,-501.653,279.606,-306.658,465.830,-727.313,515.963,-532.236,702.267,旧土地台帳附属地図,地図に準ずる図面,P-F,,,,,,
46201-3400-278.zip,074-722,,true,-813.117,609.061,-1052.528,484.943,-662.802,318.943,-902.349,194.755,旧土地台帳附属地図,地図に準ずる図面,P-F,,,,,,
46201-3400-278.zip,074-723,,true,-479.110,492.887,-510.698,225.110,-154.585,454.529,-186.186,186.638,旧土地台帳附属地図,地図に準ずる図面,P-F,,,,,,
46201-3400-278.zip,074-724,,true,-769.407,145.378,-502.959,186.704,-819.388,468.278,-552.827,509.622,旧土地台帳附属地図,地図に準ずる図面,P-F,,,,,,
46201-3400-278.zip,074-725,,true,-237.377,330.584,-490.337,423.930,-350.572,24.031,-603.639,117.417,旧土地台帳附属地図,地図に準ずる図面,P-F,,,,,,
46201-3400-278.zip,074-726,,true,-342.300,106.869,-109.452,-29.087,-177.467,389.035,55.494,252.969,旧土地台帳附属地図,地図に準ずる図面,P-F,,,,,,
46201-3400-278.zip,074-747,,true,179.470,76.664,-58.851,202.701,26.730,-212.185,-211.743,-86.110,旧土地台帳附属地図,地図に準ずる図面,P-F,,,,,,
46201-3400-278.zip,074-748,,true,100.687,61.858,102.644,331.485,-226.050,64.265,-224.092,334.045,旧土地台帳附属地図,地図に準ずる図面,P-F,,,,,,
46201-3400-278.zip,074-749,,true,51.014,194.931,54.318,464.507,-275.744,198.982,-272.401,468.671,旧土地台帳附属地図,地図に準ずる図面,P-F,,,,,,
46201-3400-278.zip,074-750,,true,39.107,210.765,236.977,393.874,-182.819,450.581,15.166,633.847,旧土地台帳附属地図,地図に準ずる図面,P-F,,,,,,
46201-3400-278.zip,074-751,,true,-146.559,1081.889,-142.208,812.367,180.146,1087.078,184.499,817.404,旧土地台帳附属地図,地図に準ずる図面,P-F,,,,,,
46201-3400-278.zip,074-752,,true,-168.883,1267.004,-403.024,1133.209,-6.838,983.271,-240.974,849.391,旧土地台帳附属地図,地図に準ずる図面,P-F,,,,,,
46201-3400-279.zip,074-697,,true,-618.479,513.820,-410.758,341.786,-410.114,765.459,-202.325,593.269,旧土地台帳附属地図,地図に準ずる図面,P-F,,,,,,
46201-3400-279.zip,074-698,,true,-308.825,-25.386,-303.746,244.199,-635.432,-19.011,-630.241,250.497,旧土地台帳附属地図,地図に準ずる図面,P-F,,,,,,
46201-3400-279.zip,074-699,,true,-208.241,215.093,-477.950,214.633,-207.651,-111.614,-477.513,-111.998,旧土地台帳附属地図,地図に準ずる図面,P-F,,,,,,
46201-3400-279.zip,074-756-1,,true,150.559,-124.179,152.781,145.522,-176.135,-121.234,-173.800,148.351,旧土地台帳附属地図,地図に準ずる図面,P-F,,,,,,
46201-3400-279.zip,074-757,,true,-252.734,124.872,-280.531,-143.325,72.211,90.978,44.304,-177.170,旧土地台帳附属地図,地図に準ずる図面,P-F,,,,,,
46201-3400-279.zip,074-758,,true,216.258,307.253,17.761,489.801,-4.883,66.759,-203.413,249.495,旧土地台帳附属地図,地図に準ずる図面,P-F,,,,,,
46201-3400-279.zip,074-759,,true,-373.865,461.024,-612.845,336.161,-222.755,171.363,-461.721,46.636,旧土地台帳附属地図,地図に準ずる図面,P-F,,,,,,
46201-3400-279.zip,074-760,,true,-35.242,201.710,137.304,408.961,-286.375,410.693,-113.648,618.040,旧土地台帳附属地図,地図に準ずる図面,P-F,,,,,,
46201-3400-279.zip,074-761,,true,-128.980,643.469,-139.450,373.924,197.437,630.621,186.894,361.155,旧土地台帳附属地図,地図に準ずる図面,P-F,,,,,,
46201-3400-279.zip,074-762,,true,0.539,127.090,-109.411,373.334,-297.727,-6.153,-407.684,240.297,旧土地台帳附属地図,地図に準ずる図面,P-F,,,,,,
46201-3400-279.zip,074-763,,true,34.570,303.797,303.186,280.390,63.100,629.180,331.675,605.739,旧土地台帳附属地図,地図に準ずる図面,P-F,,,,,,
46201-3400-279.zip,074-764,,true,76.217,526.561,345.795,529.999,71.948,853.209,341.756,856.611,旧土地台帳附属地図,地図に準ずる図面,P-F,,,,,,
46201-3400-279.zip,074-765,,true,348.211,825.912,238.208,1072.086,49.841,692.821,-60.026,938.972,旧土地台帳附属地図,地図に準ずる図面,P-F,,,,,,
46201-3400-279.zip,074-766,,true,212.081,828.861,244.667,1096.557,-112.242,868.262,-79.558,1136.138,旧土地台帳附属地図,地図に準ずる図面,P-F,,,,,,
46201-3400-279.zip,074-767,,true,59.194,973.856,267.637,802.878,266.500,1226.319,474.864,1055.306,旧土地台帳附属地図,地図に準ずる図面,P-F,,,,,,
46201-3400-279.zip,074-768,,true,135.140,702.885,174.361,969.766,-188.015,750.670,-148.660,1017.416,旧土地台帳附属地図,地図に準ずる図面,P-F,,,,,,
46201-3400-279.zip,074-769,,true,-276.223,962.452,-191.033,706.630,33.712,1065.785,118.903,809.722,旧土地台帳附属地図,地図に準ずる図面,P-F,,,,,,
46201-3400-279.zip,074-770,,true,-135.295,1156.115,-7.955,918.316,152.647,1310.395,280.010,1072.392,旧土地台帳附属地図,地図に準ずる図面,P-F,,,,,,
46201-3400-279.zip,074-771,,true,51.369,1383.477,-218.340,1384.041,50.434,1056.809,-219.199,1057.525,旧土地台帳附属地図,地図に準ずる図面,P-F,,,,,,
46201-3400-279.zip,074-776,,true,-300.556,561.773,-455.962,341.290,-33.497,373.577,-189.085,153.035,旧土地台帳附属地図,地図に準ずる図面,P-F,,,,,,
46201-3400-279.zip,074-781,,true,-247.989,393.254,-76.469,601.448,-499.960,601.157,-328.424,809.190,旧土地台帳附属地図,地図に準ずる図面,P-F,,,,,,
46201-3400-279.zip,074-781-1,,true,-377.369,336.163,-377.221,136.231,-127.463,336.268,-127.347,136.273,旧土地台帳附属地図,地図に準ずる図面,P-F,,,,,,
46201-3400-279.zip,074-782,,true,-337.158,516.588,-239.127,767.810,-641.404,635.531,-543.280,886.676,旧土地台帳附属地図,地図に準ずる図面,P-F,,,,,,
46201-3400-279.zip,074-782-1,,true,-525.822,73.300,-325.893,72.978,-525.365,323.235,-325.340,322.850,旧土地台帳附属地図,地図に準ずる図面,P-F,,,,,,
46201-3400-279.zip,074-756-2,500,false,-61.984,183.548,-84.588,-14.845,186.137,155.670,163.772,-43.165,土地改良所在図,法第14条1項地図,P-F,,,,1986,2,19
46201-3400-28.zip,593,600,false,2571.450,134.448,2838.124,177.293,2520.030,454.116,2786.741,496.967,土地区画整理所在図,地図に準ずる図面,P-F,,,,1980,6,
46201-3400-28.zip,594,600,false,2626.968,851.468,2886.781,925.137,2538.656,1162.929,2798.480,1236.562,土地区画整理所在図,地図に準ずる図面,P-F,,,,1980,6,
46201-3400-28.zip,400,,false,2548.273,1661.044,2818.217,1666.166,2547.609,1988.137,2818.281,1988.084,旧土地台帳附属地図,地図に準ずる図面,P-F,,,,1984,3,10
46201-3400-280.zip,074-566,,true,-127.219,-147.967,142.303,-155.749,-117.538,178.597,151.904,170.704,旧土地台帳附属地図,地図に準ずる図面,P-F,,,,,,
46201-3400-280.zip,074-691,,true,340.736,-339.788,228.538,-94.564,43.660,-475.744,-68.531,-230.350,旧土地台帳附属地図,地図に準ずる図面,P-F,,,,,,
46201-3400-280.zip,074-692,,true,354.761,-313.059,281.918,-53.451,40.146,-401.122,-32.567,-141.557,旧土地台帳附属地図,地図に準ずる図面,P-F,,,,,,
46201-3400-280.zip,074-693,,true,526.592,-314.702,521.054,-45.087,199.954,-321.435,194.527,-51.627,旧土地台帳附属地図,地図に準ずる図面,P-F,,,,,,
46201-3400-280.zip,074-695,,true,550.605,-473.846,792.105,-353.929,405.491,-181.135,646.973,-61.354,旧土地台帳附属地図,地図に準ずる図面,P-F,,,,,,
46201-3400-280.zip,074-696,,true,880.328,-393.679,873.845,-124.047,553.717,-401.603,547.306,-131.816,旧土地台帳附属地図,地図に準ずる図面,P-F,,,,,,
46201-3400-280.zip,074-783,600,false,812.804,-236.017,898.178,-491.778,1122.746,-132.824,1207.988,-388.549,,,P-F,,,,,,
46201-3400-280.zip,074-783-1,,true,830.413,-308.691,1026.308,-348.661,880.421,-63.840,1076.408,-103.829,旧土地台帳附属地図,地図に準ずる図面,P-F,,,,,,
46201-3400-280.zip,074-784-1,,true,748.824,-270.291,948.849,-269.814,748.507,-20.481,948.405,-19.973,旧土地台帳附属地図,地図に準ずる図面,P-F,,,,,,
46201-3400-280.zip,074-785,,true,1087.219,0.763,817.509,1.439,1086.513,-325.946,816.575,-325.192,旧土地台帳附属地図,地図に準ずる図面,P-F,,,,,,
46201-3400-280.zip,074-788,,true,666.284,172.055,903.438,43.597,822.072,459.184,1059.089,330.714,旧土地台帳附属地図,地図に準ずる図面,P-F,,,,,,
46201-3400-280.zip,074-789,,true,768.156,-98.752,1037.569,-110.585,782.386,227.647,1051.988,215.767,旧土地台帳附属地図,地図に準ずる図面,P-F,,,,,,
46201-3400-280.zip,074-790-1,,true,624.540,-242.947,824.471,-243.087,624.977,6.862,824.781,6.754,旧土地台帳附属地図,地図に準ずる図面,P-F,,,,,,
46201-3400-280.zip,074-791,,true,463.643,181.769,466.293,-87.891,790.335,185.069,792.911,-84.820,旧土地台帳附属地図,地図に準ずる図面,P-F,,,,,,
46201-3400-280.zip,074-792,,true,622.088,-87.520,597.148,180.997,296.788,-117.833,271.904,150.918,旧土地台帳附属地図,地図に準ずる図面,P-F,,,,,,
46201-3400-280.zip,074-792-1,,true,506.521,-174.994,706.451,-174.803,506.553,74.815,706.356,75.006,旧土地台帳附属地図,地図に準ずる図面,P-F,,,,,,
46201-3400-280.zip,074-793,,true,458.235,287.866,212.093,177.791,591.352,-10.492,345.233,-120.432,旧土地台帳附属地図,地図に準ずる図面,P-F,,,,,,
46201-3400-280.zip,074-794,,true,522.849,-147.347,526.181,122.267,196.165,-143.380,199.576,126.461,旧土地台帳附属地図,地図に準ずる図面,P-F,,,,,,
46201-3400-280.zip,074-795,,true,477.523,-38.053,390.454,217.136,168.264,-143.272,81.339,111.845,旧土地台帳附属地図,地図に準ずる図面,P-F,,,,,,
46201-3400-280.zip,074-797,,true,115.659,-267.178,328.577,-101.682,-84.883,-9.261,128.232,156.291,旧土地台帳附属地図,地図に準ずる図面,P-F,,,,,,
46201-3400-280.zip,074-798,,true,131.248,177.364,-34.084,-35.633,389.204,-23.127,223.798,-235.971,旧土地台帳附属地図,地図に準ずる図面,P-F,,,,,,
46201-3400-280.zip,074-799,,true,-79.754,111.657,-41.487,-155.286,243.644,158.045,281.857,-109.060,旧土地台帳附属地図,地図に準ずる図面,P-F,,,,,,
46201-3400-281.zip,074-772,,true,258.875,224.268,528.117,209.742,276.679,550.452,545.841,535.854,旧土地台帳附属地図,地図に準ずる図面,P-F,,,,,,
46201-3400-281.zip,074-773,,true,27.310,96.317,125.759,-154.784,331.471,215.584,429.869,-35.701,旧土地台帳附属地図,地図に準ずる図面,P-F,,,,,,
46201-3400-281.zip,074-774,,true,193.427,-25.808,52.838,204.273,-85.410,-195.992,-225.915,34.096,旧土地台帳附属地図,地図に準ずる図面,P-F,,,,,,
46201-3400-281.zip,074-775,,true,-283.655,-121.486,-130.035,-343.218,-15.142,64.629,138.533,-157.250,旧土地台帳附属地図,地図に準ずる図面,P-F,,,,,,
46201-3400-281.zip,074-777,,true,-291.785,-181.501,-113.950,21.225,-537.246,34.107,-359.376,236.700,旧土地台帳附属地図,地図に準ずる図面,P-F,,,,,,
46201-3400-281.zip,074-778,,true,-222.901,160.663,-12.715,-8.290,-18.227,415.313,192.059,246.181,旧土地台帳附属地図,地図に準ずる図面,P-F,,,,,,
46201-3400-281.zip,074-779,,true,-131.414,197.691,-343.766,363.850,-332.853,-59.476,-545.128,106.719,旧土地台帳附属地図,地図に準ずる図面,P-F,,,,,,
46201-3400-281.zip,074-780,,true,-432.369,-217.593,-300.628,17.666,-717.320,-57.780,-585.499,177.390,旧土地台帳附属地図,地図に準ずる図面,P-F,,,,,,
46201-3400-281.zip,074-786,,true,-314.157,110.971,-474.854,327.582,-576.497,-83.752,-737.245,133.058,旧土地台帳附属地図,地図に準ずる図面,P-F,,,,,,
46201-3400-281.zip,074-787,,true,-348.039,286.664,-557.767,456.124,-553.511,32.707,-763.137,202.232,旧土地台帳附属地図,地図に準ずる図面,P-F,,,,,,
46201-3400-281.zip,074-807,,true,12.150,540.741,-257.150,554.900,-5.256,214.497,-274.436,228.765,旧土地台帳附属地図,地図に準ずる図面,P-F,,,,,,
46201-3400-281.zip,074-808,,true,-13.319,171.155,-26.935,440.483,-339.623,154.912,-353.119,424.131,旧土地台帳附属地図,地図に準ずる図面,P-F,,,,,,
46201-3400-281.zip,074-809,,true,-202.231,201.835,-418.949,41.344,-7.720,-60.663,-224.645,-221.258,旧土地台帳附属地図,地図に準ずる図面,P-F,,,,,,
46201-3400-281.zip,074-810,,true,-182.240,114.991,-91.728,-139.037,125.600,224.408,215.966,-29.551,旧土地台帳附属地図,地図に準ずる図面,P-F,,,,,,
46201-3400-281.zip,074-811,,true,271.142,134.976,282.016,404.467,-55.302,148.116,-44.345,417.756,旧土地台帳附属地図,地図に準ずる図面,P-F,,,,,,
46201-3400-281.zip,074-812,,true,319.496,255.927,351.175,523.732,-4.919,294.558,26.860,562.235,旧土地台帳附属地図,地図に準ずる図面,P-F,,,,,,
46201-3400-281.zip,074-813,,true,194.276,339.835,207.152,609.200,-132.062,355.364,-119.138,624.955,旧土地台帳附属地図,地図に準ずる図面,P-F,,,,,,
46201-3400-282.zip,074-654,,true,-141.942,439.906,-148.751,170.320,184.663,431.758,177.774,161.984,旧土地台帳附属地図,地図に準ずる図面,P-F,,,,,,
46201-3400-282.zip,074-655,,true,5.165,310.677,51.682,45.086,327.046,366.851,373.437,101.316,旧土地台帳附属地図,地図に準ずる図面,P-F,,,,,,
46201-3400-282.zip,074-656,,true,-49.021,144.619,-61.813,413.987,-375.354,128.975,-388.115,398.497,旧土地台帳附属地図,地図に準ずる図面,P-F,,,,,,
46201-3400-282.zip,074-657,,true,-249.161,241.298,-429.763,40.982,-6.597,22.379,-187.284,-177.860,旧土地台帳附属地図,地図に準ずる図面,P-F,,,,,,
46201-3400-282.zip,074-658,,true,-196.582,144.959,-14.431,-54.053,44.585,365.360,226.602,166.381,旧土地台帳附属地図,地図に準ずる図面,P-F,,,,,,
46201-3400-282.zip,074-659,,true,595.462,79.849,790.988,265.460,370.470,316.791,566.213,502.450,旧土地台帳附属地図,地図に準ずる図面,P-F,,,,,,
46201-3400-282.zip,074-660,,true,320.000,430.804,145.148,225.600,568.541,218.695,393.627,13.594,旧土地台帳附属地図,地図に準ずる図面,P-F,,,,,,
46201-3400-282.zip,074-661,,true,606.493,-63.960,599.617,205.586,279.857,-72.407,273.053,197.294,旧土地台帳附属地図,地図に準ずる図面,P-F,,,,,,
46201-3400-282.zip,074-662,,true,164.353,118.805,283.384,-123.260,457.624,262.785,576.552,20.754,旧土地台帳附属地図,地図に準ずる図面,P-F,,,,,,
46201-3400-282.zip,074-663,,true,-44.090,21.307,149.481,-166.396,183.300,255.949,376.901,68.058,旧土地台帳附属地図,地図に準ずる図面,P-F,,,,,,
46201-3400-282.zip,074-664,,true,-195.162,0.948,-26.376,-209.371,59.734,205.254,228.413,-5.054,旧土地台帳附属地図,地図に準ずる図面,P-F,,,,,,
46201-3400-282.zip,074-665-1,,true,241.701,-283.852,186.141,-19.888,-78.000,-350.963,-133.544,-87.073,旧土地台帳附属地図,地図に準ずる図面,P-F,,,,,,
46201-3400-282.zip,074-665-2,,true,-19.070,-267.608,169.023,-74.362,-253.286,-39.834,-65.005,153.495,旧土地台帳附属地図,地図に準ずる図面,P-F,,,,,,
46201-3400-282.zip,074-666,,true,224.967,-227.561,296.177,32.579,-90.117,-141.048,-18.807,119.024,旧土地台帳附属地図,地図に準ずる図面,P-F,,,,,,
46201-3400-282.zip,074-667,,true,162.993,-62.996,260.196,-314.458,467.684,54.906,564.899,-196.796,旧土地台帳附属地図,地図に準ずる図面,P-F,,,,,,
46201-3400-282.zip,074-668,,true,183.119,-179.518,247.456,-441.442,500.436,-101.748,564.699,-363.690,旧土地台帳附属地図,地図に準ずる図面,P-F,,,,,,
46201-3400-282.zip,074-669,,true,288.818,-265.542,406.643,-508.027,582.671,-122.667,700.511,-365.357,旧土地台帳附属地図,地図に準ずる図面,P-F,,,,,,
46201-3400-282.zip,074-675,,true,407.397,-79.059,549.207,-308.478,685.440,92.564,827.153,-136.915,旧土地台帳附属地図,地図に準ずる図面,P-F,,,,,,
46201-3400-282.zip,074-676,,true,845.024,108.686,643.189,287.473,628.408,-135.937,426.506,43.063,旧土地台帳附属地図,地図に準ずる図面,P-F,,,,,,
46201-3400-282.zip,074-677,,true,941.173,115.386,931.824,384.934,614.658,104.160,605.347,373.710,旧土地台帳附属地図,地図に準ずる図面,P-F,,,,,,
46201-3400-283.zip,074-603,,true,-194.865,1129.084,-183.515,859.651,131.527,1142.534,142.722,873.170,旧土地台帳附属地図,地図に準ずる図面,P-F,,,,,,
46201-3400-283.zip,074-604,,true,-37.598,1264.774,-34.784,995.078,289.056,1267.873,291.755,998.253,旧土地台帳附属地図,地図に準ずる図面,P-F,,,,,,
46201-3400-283.zip,074-605,,true,152.695,1186.338,-113.390,1142.263,205.846,864.021,-60.144,820.077,旧土地台帳附属地図,地図に準ずる図面,P-F,,,,,,
46201-3400-283.zip,074-606,,true,-29.642,999.349,-3.746,731.038,295.594,1030.722,321.539,762.301,旧土地台帳附属地図,地図に準ずる図面,P-F,,,,,,
46201-3400-283.zip,074-607,,true,-140.350,740.624,93.983,607.321,21.278,1024.595,255.729,891.268,旧土地台帳附属地図,地図に準ずる図面,P-F,,,,,,
46201-3400-283.zip,074-612,,true,1.653,496.546,154.084,718.866,-267.833,681.315,-115.348,903.782,旧土地台帳附属地図,地図に準ずる図面,P-F,,,,,,
46201-3400-283.zip,074-621,,true,-466.557,-103.538,-203.170,-161.064,-396.778,215.708,-133.317,158.167,旧土地台帳附属地図,地図に準ずる図面,P-F,,,,,,
46201-3400-283.zip,074-622,,true,-145.034,252.379,-410.623,206.297,-89.206,-69.600,-354.908,-115.702,旧土地台帳附属地図,地図に準ずる図面,P-F,,,,,,
46201-3400-283.zip,074-623,,true,-178.484,445.148,-181.368,714.690,-505.211,441.706,-508.134,711.324,旧土地台帳附属地図,地図に準ずる図面,P-F,,,,,,
46201-3400-283.zip,074-624,,true,-256.527,560.557,-192.240,298.816,60.815,638.383,125.129,376.531,旧土地台帳附属地図,地図に準ずる図面,P-F,,,,,,
46201-3400-283.zip,074-625,,true,-236.976,460.870,-233.248,191.338,89.701,465.345,93.506,195.738,旧土地台帳附属地図,地図に準ずる図面,P-F,,,,,,
46201-3400-283.zip,074-626,,true,-196.914,381.931,-327.989,146.388,88.552,222.960,-42.579,-12.683,旧土地台帳附属地図,地図に準ずる図面,P-F,,,,,,
46201-3400-283.zip,074-627,,true,77.262,160.547,-149.924,305.625,-98.628,-114.817,-325.931,30.291,旧土地台帳附属地図,地図に準ずる図面,P-F,,,,,,
46201-3400-283.zip,074-628,,true,-305.964,59.429,-300.621,-210.190,20.646,65.693,25.871,-203.813,旧土地台帳附属地図,地図に準ずる図面,P-F,,,,,,
46201-3400-283.zip,074-629,,true,43.186,-190.280,209.933,21.661,-213.598,11.710,-46.620,223.760,旧土地台帳附属地図,地図に準ずる図面,P-F,,,,,,
46201-3400-283.zip,074-630,,true,-68.042,108.573,83.284,-114.592,202.447,291.736,353.667,68.591,旧土地台帳附属地図,地図に準ずる図面,P-F,,,,,,
46201-3400-283.zip,074-631,,true,-41.350,379.385,50.985,125.931,265.565,491.266,357.965,237.633,旧土地台帳附属地図,地図に準ずる図面,P-F,,,,,,
46201-3400-283.zip,074-632,,true,135.940,625.636,-133.765,627.248,133.772,298.936,-135.856,300.662,旧土地台帳附属地図,地図に準ずる図面,P-F,,,,,,
46201-3400-283.zip,074-633,,true,265.759,624.757,269.774,894.437,-60.914,629.559,-56.858,899.430,旧土地台帳附属地図,地図に準ずる図面,P-F,,,,,,
46201-3400-283.zip,074-634,,true,-2.513,826.454,118.243,585.458,289.637,972.695,410.427,731.631,旧土地台帳附属地図,地図に準ずる図面,P-F,,,,,,
46201-3400-283.zip,074-635,,true,343.884,1137.464,85.705,1215.220,249.544,824.673,-8.744,902.463,旧土地台帳附属地図,地図に準ずる図面,P-F,,,,,,
46201-3400-283.zip,074-652,,true,56.633,279.223,185.348,42.295,343.756,435.102,472.544,198.040,旧土地台帳附属地図,地図に準ずる図面,P-F,,,,,,
46201-3400-283.zip,074-653,,true,173.077,325.738,429.279,241.696,274.996,636.141,531.342,552.052,旧土地台帳附属地図,地図に準ずる図面,P-F,,,,,,
46201-3400-284.zip,074-484,,true,297.079,133.726,258.872,400.601,-26.319,87.340,-64.526,354.484,旧土地台帳附属地図,地図に準ずる図面,P-F,,,,,,
46201-3400-284.zip,074-485,,true,442.353,253.371,236.395,427.570,231.237,4.086,25.386,178.294,旧土地台帳附属地図,地図に準ずる図面,P-F,,,,,,
46201-3400-284.zip,074-487,,true,-10.820,93.597,141.328,-129.055,258.848,277.968,411.019,55.146,旧土地台帳附属地図,地図に準ずる図面,P-F,,,,,,
46201-3400-284.zip,074-488,,true,-4.435,164.086,-130.567,-74.314,284.226,11.075,157.995,-227.186,旧土地台帳附属地図,地図に準ずる図面,P-F,,,,,,
46201-3400-284.zip,074-489,,true,-21.716,-102.218,189.866,-269.420,180.805,154.147,392.489,-13.232,旧土地台帳附属地図,地図に準ずる図面,P-F,,,,,,
46201-3400-284.zip,074-490,,true,589.162,84.591,577.698,354.134,262.777,70.963,251.432,340.396,旧土地台帳附属地図,地図に準ずる図面,P-F,,,,,,
46201-3400-284.zip,074-491,,true,636.753,5.846,856.749,161.811,447.862,272.414,668.048,428.374,旧土地台帳附属地図,地図に準ずる図面,P-F,,,,,,
46201-3400-284.zip,074-492,,true,644.278,222.168,614.000,490.211,319.611,185.710,289.489,453.732,旧土地台帳附属地図,地図に準ずる図面,P-F,,,,,,
46201-3400-284.zip,074-493,,true,636.527,169.460,804.733,-41.323,891.900,373.232,1060.053,162.210,旧土地台帳附属地図,地図に準ずる図面,P-F,,,,,,
46201-3400-284.zip,074-494,,true,1100.119,237.168,906.970,425.468,871.877,3.409,678.914,191.793,旧土地台帳附属地図,地図に準ずる図面,P-F,,,,,,
46201-3400-284.zip,074-495,,true,865.974,504.430,868.227,234.654,1192.673,506.867,1194.810,237.242,旧土地台帳附属地図,地図に準ずる図面,P-F,,,,,,
46201-3400-284.zip,074-496,,true,695.218,455.132,729.633,187.626,1019.219,496.808,1053.573,229.180,旧土地台帳附属地図,地図に準ずる図面,P-F,,,,,,
46201-3400-284.zip,074-497,,true,489.679,472.791,456.700,205.143,813.914,432.669,780.821,165.035,旧土地台帳附属地図,地図に準ずる図面,P-F,,,,,,
46201-3400-284.zip,074-498,,true,728.691,560.560,846.400,317.975,1022.594,703.246,1140.317,460.457,旧土地台帳附属地図,地図に準ずる図面,P-F,,,,,,
46201-3400-284.zip,074-503,,true,868.315,-62.505,941.395,197.115,553.935,26.252,627.114,285.804,旧土地台帳附属地図,地図に準ずる図面,P-F,,,,,,
46201-3400-284.zip,074-504,,true,350.194,33.226,527.121,-170.293,596.713,247.625,773.652,43.916,旧土地台帳附属地図,地図に準ずる図面,P-F,,,,,,
46201-3400-284.zip,074-506,,true,178.240,113.963,151.825,-154.489,503.320,81.768,476.840,-186.563,旧土地台帳附属地図,地図に準ずる図面,P-F,,,,,,
46201-3400-284.zip,074-507,,true,95.312,-330.934,216.040,-89.796,-196.849,-184.714,-76.018,56.543,旧土地台帳附属地図,地図に準ずる図面,P-F,,,,,,
46201-3400-285.zip,074-448,,true,193.430,-233.460,418.343,-382.244,373.887,38.888,598.642,-109.929,旧土地台帳附属地図,地図に準ずる図面,P-F,,,,,,
46201-3400-285.zip,074-449,,true,282.722,183.432,108.450,-22.415,532.091,-27.646,357.608,-233.563,旧土地台帳附属地図,地図に準ずる図面,P-F,,,,,,
46201-3400-285.zip,074-450,,true,538.852,-291.696,608.108,-31.069,223.202,-207.566,292.512,52.968,旧土地台帳附属地図,地図に準ずる図面,P-F,,,,,,
46201-3400-285.zip,074-451,,true,397.457,-0.074,604.402,172.715,188.224,250.843,395.241,423.543,旧土地台帳附属地図,地図に準ずる図面,P-F,,,,,,
46201-3400-285.zip,074-452,,true,277.651,312.622,98.986,110.576,522.432,96.243,343.585,-105.896,旧土地台帳附属地図,地図に準ずる図面,P-F,,,,,,
46201-3400-285.zip,074-453,,true,259.502,45.270,242.236,314.350,-66.512,24.595,-83.698,293.604,旧土地台帳附属地図,地図に準ずる図面,P-F,,,,,,
46201-3400-285.zip,074-454,,true,180.643,-73.719,102.678,184.437,-132.053,-168.244,-210.035,90.106,旧土地台帳附属地図,地図に準ずる図面,P-F,,,,,,
46201-3400-285.zip,074-455,,true,72.743,-40.131,149.905,218.385,-240.246,53.545,-163.007,311.919,旧土地台帳附属地図,地図に準ずる図面,P-F,,,,,,
46201-3400-285.zip,074-456,,true,57.356,81.202,67.095,350.736,-269.140,92.982,-259.318,362.666,旧土地台帳附属地図,地図に準ずる図面,P-F,,,,,,
46201-3400-285.zip,074-457,,true,-81.508,11.674,-81.927,281.422,-408.216,11.412,-408.520,281.122,旧土地台帳附属地図,地図に準ずる図面,P-F,,,,,,
46201-3400-285.zip,074-458,,true,-76.719,128.571,-312.873,-1.717,81.118,-157.481,-155.206,-287.775,旧土地台帳附属地図,地図に準ずる図面,P-F,,,,,,
46201-3400-285.zip,074-459,,true,-292.970,113.976,-363.207,-146.507,22.381,28.729,-47.910,-231.660,旧土地台帳附属地図,地図に準ずる図面,P-F,,,,,,
46201-3400-285.zip,074-460,,true,-298.595,-167.252,-133.826,46.277,-557.260,32.323,-392.338,245.926,旧土地台帳附属地図,地図に準ずる図面,P-F,,,,,,
46201-3400-285.zip,074-461,,true,-249.318,-222.748,-264.023,46.485,-575.551,-240.359,-590.139,28.842,旧土地台帳附属地図,地図に準ずる図面,P-F,,,,,,
46201-3400-285.zip,074-462,,true,-361.022,-124.579,-375.468,144.706,-687.220,-142.134,-701.638,127.343,旧土地台帳附属地図,地図に準ずる図面,P-F,,,,,,
46201-3400-285.zip,074-463,,true,-637.670,-41.724,-370.935,-1.265,-686.418,281.287,-419.784,321.654,旧土地台帳附属地図,地図に準ずる図面,P-F,,,,,,
46201-3400-285.zip,074-464,,true,-550.984,65.591,-281.312,65.375,-550.770,392.261,-280.946,391.968,旧土地台帳附属地図,地図に準ずる図面,P-F,,,,,,
46201-3400-285.zip,074-465,,true,-661.291,208.994,-392.162,227.803,-683.817,534.924,-414.750,553.538,旧土地台帳附属地図,地図に準ずる図面,P-F,,,,,,
46201-3400-285.zip,074-705,,true,485.232,-163.826,709.025,-13.361,302.907,107.230,526.901,257.737,旧土地台帳附属地図,地図に準ずる図面,P-F,,,,,,
46201-3400-286.zip,074-499,,true,-257.125,52.080,10.069,16.175,-213.635,375.880,53.732,339.836,旧土地台帳附属地図,地図に準ずる図面,P-F,,,,,,
46201-3400-286.zip,074-500,,true,-370.429,183.513,-339.214,-84.385,-45.928,221.095,-14.798,-46.736,旧土地台帳附属地図,地図に準ずる図面,P-F,,,,,,
46201-3400-286.zip,074-538,,true,-247.897,-190.923,21.806,-189.049,-249.961,135.740,19.667,137.499,旧土地台帳附属地図,地図に準ずる図面,P-F,,,,,,
46201-3400-286.zip,074-539,,true,-105.791,259.305,-122.234,-9.941,220.291,239.100,203.703,-30.023,旧土地台帳附属地図,地図に準ずる図面,P-F,,,,,,
46201-3400-286.zip,074-540,,true,-183.160,-67.448,48.662,-205.371,-16.207,213.291,215.746,75.290,旧土地台帳附属地図,地図に準ずる図面,P-F,,,,,,
46201-3400-286.zip,074-541,,true,157.910,-141.515,33.396,97.691,-131.923,-292.130,-256.334,-52.957,旧土地台帳附属地図,地図に準ずる図面,P-F,,,,,,
46201-3400-286.zip,074-542,,true,7.174,-16.270,178.990,-224.072,259.044,191.695,430.753,-16.097,旧土地台帳附属地図,地図に準ずる図面,P-F,,,,,,
46201-3400-286.zip,074-543,,true,196.528,46.343,406.840,215.138,-7.986,301.073,202.552,469.951,旧土地台帳附属地図,地図に準ずる図面,P-F,,,,,,
46201-3400-286.zip,074-544,,true,258.488,489.073,7.925,389.472,378.952,185.468,128.432,85.965,旧土地台帳附属地図,地図に準ずる図面,P-F,,,,,,
46201-3400-286.zip,074-545,,true,217.017,356.675,-20.275,484.717,61.667,69.308,-175.470,197.397,旧土地台帳附属地図,地図に準ずる図面,P-F,,,,,,
46201-3400-286.zip,074-546,,true,-159.127,508.302,-274.763,264.554,135.923,368.006,20.199,124.426,旧土地台帳附属地図,地図に準ずる図面,P-F,,,,,,
46201-3400-287.zip,144-1212,500,false,-456.066,-212.731,-325.004,-363.921,-266.959,-49.018,-136.059,-200.263,土地区画整理所在図,地図に準ずる図面,P-F,,,,1992,3,
46201-3400-287.zip,144-1211,500,false,-359.098,-360.735,-228.287,-511.847,-169.663,-196.874,-39.072,-348.216,土地区画整理所在図,地図に準ずる図面,P-F,,,,1992,3,
46201-3400-287.zip,144-1209,500,false,-289.161,-291.209,-158.177,-442.253,-99.938,-127.291,31.010,-278.538,土地区画整理所在図,地図に準ずる図面,P-F,,,,1992,3,
46201-3400-287.zip,144-1208,500,false,-336.407,-126.910,-205.439,-278.096,-147.308,36.713,-16.414,-114.578,土地区画整理所在図,地図に準ずる図面,P-F,,,,1992,3,
46201-3400-287.zip,144-1207,500,false,-224.877,-189.824,-110.757,-353.982,-19.306,-47.058,94.808,-211.376,土地区画整理所在図,地図に準ずる図面,P-F,,,,1992,3,
46201-3400-287.zip,144-1206,500,false,-89.134,-329.428,42.240,-480.304,99.476,-165.289,230.822,-316.275,土地区画整理所在図,地図に準ずる図面,P-F,,,,1992,3,
46201-3400-287.zip,144-1205,500,false,-82.151,-106.824,45.108,-261.022,110.991,52.454,238.194,-101.871,土地区画整理所在図,地図に準ずる図面,P-F,,,,1992,3,
46201-3400-287.zip,144-1204,500,false,-160.144,-2.365,-32.801,-156.661,32.761,156.709,160.075,2.349,土地区画整理所在図,地図に準ずる図面,P-F,,,,1992,3,
46201-3400-287.zip,144-1203,500,false,-25.784,82.030,101.675,-71.997,167.119,241.497,294.528,87.384,土地区画整理所在図,地図に準ずる図面,P-F,,,,1992,3,
46201-3400-287.zip,144-1202,500,false,40.729,-5.505,167.912,-159.889,233.840,153.415,360.921,-1.093,土地区画整理所在図,地図に準ずる図面,P-F,,,,1992,3,
46201-3400-287.zip,144-1201,500,false,78.710,-195.859,210.348,-346.334,267.230,-31.227,398.771,-181.788,土地区画整理所在図,地図に準ずる図面,P-F,,,,1992,3,
46201-3400-287.zip,144-1210,500,false,-237.259,-454.724,-106.296,-605.954,-48.175,-291.132,82.739,-442.404,土地区画整理所在図,地図に準ずる図面,P-F,,,,1992,3,
46201-3400-288.zip,K2  42,1000,false,-153500.000,-46900.000,-153250.000,-46900.000,-153500.000,-46550.000,-153250.000,-46550.000,土地改良所在図,法第14条1項地図（国調法19-5指定）,P-F,,,,,,
46201-3400-288.zip,K2  43,1000,false,-153500.000,-46550.000,-153250.000,-46550.000,-153500.000,-46200.000,-153250.000,-46200.000,土地改良所在図,法第14条1項地図（国調法19-5指定）,P-F,,,,,,
46201-3400-288.zip,K2  52,1000,false,-153750.000,-46900.000,-153500.000,-46900.000,-153750.000,-46550.000,-153500.000,-46550.000,土地改良所在図,法第14条1項地図（国調法19-5指定）,P-F,,,,,,
46201-3400-288.zip,W2  12,1000,false,-154000.000,-46900.000,-153750.000,-46900.000,-154000.000,-46550.000,-153750.000,-46550.000,土地改良所在図,法第14条1項地図（国調法19-5指定）,P-F,,,,,,
46201-3400-289.zip,076-295,,true,-9.000,0.029,260.938,-0.828,-7.934,336.108,262.004,335.252,旧土地台帳附属地図,地図に準ずる図面,P-F,,,,,,
46201-3400-289.zip,076-296,,true,-8.880,178.562,261.060,178.643,-8.981,514.683,260.960,514.764,旧土地台帳附属地図,地図に準ずる図面,P-F,,,,,,
46201-3400-29.zip,078-472,600,false,-273.952,-239.784,-3.674,-238.373,-275.891,87.109,-5.194,88.369,旧土地台帳附属地図,地図に準ずる図面,P-F,,,,,,
46201-3400-29.zip,078-473,600,false,-347.928,55.049,-77.722,55.545,-348.652,382.024,-78.103,382.519,その他,地図に準ずる図面,P-F,,,,,,
46201-3400-29.zip,078-474,,true,-477.743,-61.439,-207.552,-56.154,-484.150,265.282,-213.765,270.456,旧土地台帳附属地図,地図に準ずる図面,P-F,,,,,,
46201-3400-29.zip,078-475,,true,-396.597,-110.092,-126.431,-109.284,-397.744,216.881,-127.198,217.728,旧土地台帳附属地図,地図に準ずる図面,P-F,,,,,,
46201-3400-29.zip,078-476,,true,-487.372,-170.900,-217.172,-169.120,-489.607,156.105,-219.026,157.888,旧土地台帳附属地図,地図に準ずる図面,P-F,,,,,,
46201-3400-29.zip,078-477,,true,-445.730,-294.601,-175.569,-292.829,-448.030,32.290,-177.488,34.140,旧土地台帳附属地図,地図に準ずる図面,P-F,,,,,,
46201-3400-29.zip,078-478,,true,-230.065,-95.426,-431.868,-275.054,-12.583,-339.535,-214.620,-519.472,旧土地台帳附属地図,地図に準ずる図面,P-F,,,,,,
46201-3400-29.zip,078-479A,,true,-48.691,-242.125,221.471,-240.455,-50.922,84.766,219.582,86.629,旧土地台帳附属地図,地図に準ずる図面,P-F,,,,,,
46201-3400-29.zip,078-479B,,true,59.788,-330.008,329.950,-328.338,57.557,-3.117,328.061,-1.254,旧土地台帳附属地図,地図に準ずる図面,P-F,,,,,,
46201-3400-29.zip,078-480A,,true,-121.597,-153.062,148.518,-150.208,-125.237,173.854,145.334,176.790,旧土地台帳附属地図,地図に準ずる図面,P-F,,,,,,
46201-3400-29.zip,078-480B,,true,-26.740,-216.412,243.375,-213.558,-30.380,110.504,240.191,113.440,旧土地台帳附属地図,地図に準ずる図面,P-F,,,,,,
46201-3400-29.zip,078-481,600,false,-827.533,-558.848,-557.372,-556.950,-829.989,-231.882,-559.410,-229.904,その他,地図に準ずる図面,P-F,,,,,,
46201-3400-29.zip,078-482A,,true,-633.832,-251.595,-363.664,-251.435,-634.256,75.266,-363.706,75.541,旧土地台帳附属地図,地図に準ずる図面,P-F,,,,,,
46201-3400-29.zip,078-482B,,true,-657.897,-329.679,-387.729,-329.519,-658.321,-2.818,-387.771,-2.543,旧土地台帳附属地図,地図に準ずる図面,P-F,,,,,,
46201-3400-29.zip,078-483,,true,-528.619,-458.679,-258.501,-456.056,-531.996,-131.796,-261.461,-128.977,旧土地台帳附属地図,地図に準ずる図面,P-F,,,,,,
46201-3400-29.zip,078-484A,,true,-717.436,-336.077,-447.302,-336.078,-717.579,-9.136,-447.103,-9.097,旧土地台帳附属地図,地図に準ずる図面,P-F,,,,,,
46201-3400-29.zip,078-484B,,true,-630.331,-613.043,-360.197,-613.044,-630.474,-286.102,-359.998,-286.063,旧土地台帳附属地図,地図に準ずる図面,P-F,,,,,,
46201-3400-29.zip,078-485,,true,-539.906,-645.896,-269.740,-644.725,-541.523,-318.962,-270.977,-317.598,旧土地台帳附属地図,地図に準ずる図面,P-F,,,,,,
46201-3400-29.zip,078-486A,,true,-374.232,-638.123,-104.117,-635.367,-377.742,-311.282,-107.323,-308.408,旧土地台帳附属地図,地図に準ずる図面,P-F,,,,,,
46201-3400-29.zip,078-486B,,true,-382.551,-681.696,-112.436,-678.940,-386.061,-354.855,-115.642,-351.981,旧土地台帳附属地図,地図に準ずる図面,P-F,,,,,,
46201-3400-29.zip,078-487,,true,-505.089,-801.355,-234.922,-800.745,-506.042,-474.533,-235.532,-473.771,旧土地台帳附属地図,地図に準ずる図面,P-F,,,,,,
46201-3400-29.zip,078-488,,true,-231.487,-400.803,38.572,-396.634,-236.721,-73.832,33.794,-69.618,旧土地台帳附属地図,地図に準ずる図面,P-F,,,,,,
46201-3400-29.zip,078-489,,true,-368.431,-889.153,-98.318,-886.209,-372.144,-562.200,-101.611,-559.251,旧土地台帳附属地図,地図に準ずる図面,P-F,,,,,,
46201-3400-29.zip,078-490,,true,-232.129,-903.158,37.946,-900.250,-235.868,-576.242,34.626,-573.254,旧土地台帳附属地図,地図に準ずる図面,P-F,,,,,,
46201-3400-29.zip,078-491,,true,-329.476,-1032.995,-59.348,-1031.590,-331.335,-706.138,-60.903,-704.615,旧土地台帳附属地図,地図に準ずる図面,P-F,,,,,,
46201-3400-29.zip,078-540A,,true,-495.074,227.621,-224.907,227.011,-494.426,554.519,-223.878,554.024,旧土地台帳附属地図,地図に準ずる図面,P-F,,,,,,
46201-3400-290.zip,076-173,,true,870.583,831.997,1139.570,843.389,857.019,1158.172,1126.196,1169.449,旧土地台帳附属地図,地図に準ずる図面,P-F,,,,,,
46201-3400-290.zip,076-232,,true,1340.835,347.450,1228.515,592.243,1043.883,211.471,931.640,456.493,旧土地台帳附属地図,地図に準ずる図面,P-F,,,,,,
46201-3400-290.zip,076-233,,true,1037.203,749.973,768.445,732.676,1057.892,423.989,788.867,406.958,旧土地台帳附属地図,地図に準ずる図面,P-F,,,,,,
46201-3400-290.zip,076-235,,true,943.052,818.639,673.952,830.069,928.879,492.350,659.588,504.009,旧土地台帳附属地図,地図に準ずる図面,P-F,,,,,,
46201-3400-290.zip,076-236,,true,616.480,654.930,609.279,385.639,942.959,645.977,935.606,376.495,旧土地台帳附属地図,地図に準ずる図面,P-F,,,,,,
46201-3400-290.zip,076-238,,true,534.558,393.005,555.513,661.496,208.955,418.608,230.062,687.366,旧土地台帳附属地図,地図に準ずる図面,P-F,,,,,,
46201-3400-290.zip,076-239,,true,552.546,158.566,788.614,288.144,395.574,444.964,631.947,574.581,旧土地台帳附属地図,地図に準ずる図面,P-F,,,,,,
46201-3400-290.zip,076-240,,true,607.362,545.971,610.067,276.603,933.994,549.019,936.508,279.385,旧土地台帳附属地図,地図に準ずる図面,P-F,,,,,,
46201-3400-290.zip,076-241,,true,254.944,421.381,402.125,195.867,528.655,599.689,675.798,373.756,旧土地台帳附属地図,地図に準ずる図面,P-F,,,,,,
46201-3400-290.zip,076-242,,true,803.287,454.887,928.826,216.609,1092.390,606.906,1217.854,368.285,旧土地台帳附属地図,地図に準ずる図面,P-F,,,,,,
46201-3400-290.zip,076-243,,true,1236.509,155.897,1120.799,399.128,941.386,15.879,825.790,259.338,旧土地台帳附属地図,地図に準ずる図面,P-F,,,,,,
46201-3400-290.zip,076-251,,true,994.368,88.852,987.396,358.029,667.812,80.584,661.068,350.104,旧土地台帳附属地図,地図に準ずる図面,P-F,,,,,,
46201-3400-290.zip,076-252,,true,842.351,12.639,857.324,281.511,516.214,31.003,531.378,300.142,旧土地台帳附属地図,地図に準ずる図面,P-F,,,,,,
46201-3400-290.zip,076-420,,true,321.439,389.422,314.353,658.713,-5.078,381.116,-12.012,650.636,旧土地台帳附属地図,地図に準ずる図面,P-F,,,,,,
46201-3400-290.zip,076-421,,true,257.836,821.591,66.116,632.386,487.122,588.875,295.059,399.708,旧土地台帳附属地図,地図に準ずる図面,P-F,,,,,,
46201-3400-290.zip,076-422,,true,322.770,668.645,327.647,937.898,-3.785,674.817,1.282,944.299,旧土地台帳附属地図,地図に準ずる図面,P-F,,,,,,
46201-3400-290.zip,076-423,,true,546.962,704.775,551.230,974.066,220.445,710.185,224.788,979.705,旧土地台帳附属地図,地図に準ずる図面,P-F,,,,,,
46201-3400-290.zip,076-424,,true,271.415,552.503,498.530,697.245,96.079,828.081,323.460,972.861,旧土地台帳附属地図,地図に準ずる図面,P-F,,,,,,
46201-3400-290.zip,076-425,,true,313.503,631.697,562.563,529.170,438.167,933.679,687.379,830.808,旧土地台帳附属地図,地図に準ずる図面,P-F,,,,,,
46201-3400-290.zip,076-426,,true,972.622,822.739,861.332,1068.027,675.061,688.017,563.847,933.534,旧土地台帳附属地図,地図に準ずる図面,P-F,,,,,,
46201-3400-290.zip,076-427,,true,776.572,760.904,713.249,1022.804,459.084,684.399,395.799,946.451,旧土地台帳附属地図,地図に準ずる図面,P-F,,,,,,
46201-3400-290.zip,076-428,,true,431.148,1116.002,445.283,847.015,757.399,1132.880,771.381,863.665,旧土地台帳附属地図,地図に準ずる図面,P-F,,,,,,
46201-3400-290.zip,076-429,,true,745.169,1204.893,475.840,1205.350,744.293,878.223,474.697,878.909,旧土地台帳附属地図,地図に準ずる図面,P-F,,,,,,
46201-3400-290.zip,076-234-1,,true,879.425,958.898,743.245,726.452,1161.213,793.810,1025.033,561.364,旧土地台帳附属地図,地図に準ずる図面,P-F,,,,,,
46201-3400-290.zip,076-174-1,,true,944.012,976.215,1166.838,825.005,1127.426,1246.497,1350.252,1095.287,旧土地台帳附属地図,地図に準ずる図面,P-F,,,,,,
46201-3400-290.zip,076-174-2,600,false,1076.135,980.771,1298.961,829.565,1259.545,1251.056,1482.372,1099.851,旧土地台帳附属地図,地図に準ずる図面,P-F,,,,,,
46201-3400-290.zip,076-234-2,600,false,962.030,1058.842,825.867,826.386,1243.830,893.775,1107.667,661.319,旧土地台帳附属地図,地図に準ずる図面,P-F,,,,,,
46201-3400-291.zip,076-199,,true,194.883,1049.593,-0.646,863.856,419.826,812.573,224.182,626.911,旧土地台帳附属地図,地図に準ずる図面,P-F,,,,,,
46201-3400-291.zip,076-200,,true,14.810,880.909,27.650,611.504,341.175,896.378,353.977,626.896,旧土地台帳附属地図,地図に準ずる図面,P-F,,,,,,
46201-3400-291.zip,076-201,,true,327.917,531.750,565.356,659.576,173.078,819.330,410.518,947.308,旧土地台帳附属地図,地図に準ずる図面,P-F,,,,,,
46201-3400-291.zip,076-202,,true,475.206,604.068,667.573,792.968,246.300,837.203,438.744,1026.179,旧土地台帳附属地図,地図に準ずる図面,P-F,,,,,,
46201-3400-291.zip,076-203,,true,651.780,588.871,864.188,754.873,450.611,846.275,663.133,1012.353,旧土地台帳附属地図,地図に準ずる図面,P-F,,,,,,
46201-3400-291.zip,076-204,,true,336.931,620.722,508.152,412.695,589.229,828.253,760.489,620.074,旧土地台帳附属地図,地図に準ずる図面,P-F,,,,,,
46201-3400-291.zip,076-205,,true,387.936,298.973,552.948,512.067,129.694,498.998,294.782,712.206,旧土地台帳附属地図,地図に準ずる図面,P-F,,,,,,
46201-3400-291.zip,076-206,,true,187.255,180.175,445.269,258.052,92.919,492.901,351.085,570.815,旧土地台帳附属地図,地図に準ずる図面,P-F,,,,,,
46201-3400-291.zip,076-207,,true,309.550,253.387,574.955,206.486,366.472,575.028,631.991,528.051,旧土地台帳附属地図,地図に準ずる図面,P-F,,,,,,
46201-3400-291.zip,076-208,,true,476.058,351.487,744.968,334.304,496.936,677.471,765.999,660.250,旧土地台帳附属地図,地図に準ずる図面,P-F,,,,,,
46201-3400-291.zip,076-209,,true,771.396,406.446,958.086,600.909,535.747,632.646,722.552,827.261,旧土地台帳附属地図,地図に準ずる図面,P-F,,,,,,
46201-3400-291.zip,076-210,,true,800.658,631.414,962.088,415.501,1062.406,826.943,1223.798,610.840,旧土地台帳附属地図,地図に準ずる図面,P-F,,,,,,
46201-3400-291.zip,076-211,,true,1051.064,296.752,1296.581,408.118,916.114,594.161,1161.669,705.680,旧土地台帳附属地図,地図に準ずる図面,P-F,,,,,,
46201-3400-291.zip,076-212,,true,1106.231,682.519,979.548,920.568,817.852,529.166,691.169,767.215,旧土地台帳附属地図,地図に準ずる図面,P-F,,,,,,
46201-3400-291.zip,076-213,,true,1039.092,554.433,1289.448,654.407,918.048,857.862,1168.518,957.874,旧土地台帳附属地図,地図に準ずる図面,P-F,,,,,,
46201-3400-291.zip,076-214,,true,1140.733,645.114,1410.253,660.087,1122.636,971.250,1392.155,986.376,旧土地台帳附属地図,地図に準ずる図面,P-F,,,,,,
46201-3400-291.zip,076-215,,true,1001.804,1250.961,790.577,1083.359,1204.725,994.929,993.421,827.402,旧土地台帳附属地図,地図に準ずる図面,P-F,,,,,,
46201-3400-291.zip,076-216,,true,1063.485,1055.558,851.420,888.984,1265.225,798.573,1053.083,632.037,旧土地台帳附属地図,地図に準ずる図面,P-F,,,,,,
46201-3400-291.zip,076-217,,true,989.163,1100.434,1005.241,1369.573,663.102,1119.941,679.142,1389.156,旧土地台帳附属地図,地図に準ずる図面,P-F,,,,,,
46201-3400-291.zip,076-218,,true,1208.363,1323.185,938.958,1334.349,1194.762,996.744,925.318,1007.945,旧土地台帳附属地図,地図に準ずる図面,P-F,,,,,,
46201-3400-291.zip,076-219,,true,1117.000,1333.631,1119.095,1063.958,1443.708,1336.107,1445.765,1066.359,旧土地台帳附属地図,地図に準ずる図面,P-F,,,,,,
46201-3400-291.zip,076-220,,true,1154.810,1055.518,1294.599,825.013,1434.198,1224.835,1573.987,994.215,旧土地台帳附属地図,地図に準ずる図面,P-F,,,,,,
46201-3400-291.zip,076-221,,true,1582.095,955.503,1313.451,932.147,1610.289,630.014,1341.607,606.735,旧土地台帳附属地図,地図に準ずる図面,P-F,,,,,,
46201-3400-291.zip,076-222,,true,1557.044,740.766,1300.135,658.775,1656.295,429.488,1399.348,347.573,旧土地台帳附属地図,地図に準ずる図面,P-F,,,,,,
46201-3400-291.zip,076-223,,true,1394.217,265.578,1575.078,465.489,1151.977,484.692,1332.914,684.717,旧土地台帳附属地図,地図に準ずる図面,P-F,,,,,,
46201-3400-291.zip,076-224,,true,1457.953,391.043,1210.150,284.782,1586.579,90.700,1338.700,-15.484,旧土地台帳附属地図,地図に準ずる図面,P-F,,,,,,
46201-3400-291.zip,076-225,,true,1117.605,113.673,1386.553,133.638,1093.488,439.505,1362.474,459.431,旧土地台帳附属地図,地図に準ずる図面,P-F,,,,,,
46201-3400-292.zip,076-279,,true,30.690,1173.196,64.865,905.658,354.731,1214.611,388.754,946.844,旧土地台帳附属地図,地図に準ずる図面,P-F,,,,,,
46201-3400-292.zip,076-280,,true,545.873,904.244,549.645,1173.687,219.317,909.006,223.165,1178.412,旧土地台帳附属地図,地図に準ずる図面,P-F,,,,,,
46201-3400-292.zip,076-281,,true,605.580,1058.475,606.913,1328.186,278.910,1060.075,280.396,1329.938,旧土地台帳附属地図,地図に準ずる図面,P-F,,,,,,
46201-3400-292.zip,076-282,,true,467.796,1067.386,462.766,1336.792,141.240,1061.481,136.325,1330.924,旧土地台帳附属地図,地図に準ずる図面,P-F,,,,,,
46201-3400-292.zip,076-283,,true,696.899,1109.320,703.147,1378.916,370.305,1116.864,376.706,1386.651,旧土地台帳附属地図,地図に準ずる図面,P-F,,,,,,
46201-3400-292.zip,076-284,,true,414.478,1048.474,521.083,800.862,714.555,1177.443,821.044,929.831,旧土地台帳附属地図,地図に準ずる図面,P-F,,,,,,
46201-3400-292.zip,076-285,,true,594.833,864.934,482.057,1109.955,298.148,728.269,185.410,973.443,旧土地台帳附属地図,地図に準ずる図面,P-F,,,,,,
46201-3400-292.zip,076-286,,true,722.839,756.056,647.592,1014.908,409.085,665.111,333.952,923.925,旧土地台帳附属地図,地図に準ずる図面,P-F,,,,,,
46201-3400-292.zip,076-287,,true,533.294,695.375,460.409,955.027,218.778,607.135,146.007,866.940,旧土地台帳附属地図,地図に準ずる図面,P-F,,,,,,
46201-3400-292.zip,076-291,,true,648.499,891.725,410.374,765.004,801.700,603.193,563.574,476.662,旧土地台帳附属地図,地図に準ずる図面,P-F,,,,,,
46201-3400-292.zip,076-292,,true,578.142,785.278,316.395,850.353,499.389,468.248,237.413,533.437,旧土地台帳附属地図,地図に準ずる図面,P-F,,,,,,
46201-3400-292.zip,076-293,,true,368.609,565.667,302.239,826.958,51.960,485.505,-14.296,746.681,旧土地台帳附属地図,地図に準ずる図面,P-F,,,,,,
46201-3400-292.zip,076-294,,true,207.308,687.536,3.929,510.409,421.849,441.143,218.204,264.092,旧土地台帳附属地図,地図に準ずる図面,P-F,,,,,,
46201-3400-292.zip,076-297,,true,220.028,453.040,299.124,195.216,532.372,548.671,611.354,290.848,旧土地台帳附属地図,地図に準ずる図面,P-F,,,,,,
46201-3400-292.zip,076-298,,true,668.630,396.618,655.828,665.948,342.303,380.997,329.692,650.593,旧土地台帳附属地図,地図に準ずる図面,P-F,,,,,,
46201-3400-292.zip,076-299,,true,535.893,400.567,526.749,670.087,209.413,389.709,200.384,659.229,旧土地台帳附属地図,地図に準ずる図面,P-F,,,,,,
46201-3400-292.zip,076-300,,true,847.960,422.030,703.751,649.944,571.963,247.303,427.792,475.370,旧土地台帳附属地図,地図に準ずる図面,P-F,,,,,,
46201-3400-292.zip,076-301,,true,385.632,14.257,647.342,79.484,306.879,331.249,568.551,396.362,旧土地台帳附属地図,地図に準ずる図面,P-F,,,,,,
46201-3400-292.zip,076-302,,true,436.146,80.684,387.759,346.013,114.810,22.010,66.499,287.529,旧土地台帳附属地図,地図に準ずる図面,P-F,,,,,,
46201-3400-293.zip,076-327,,true,909.152,192.804,1139.048,333.698,738.654,471.354,968.512,612.210,旧土地台帳附属地図,地図に準ずる図面,P-F,,,,,,
46201-3400-293.zip,076-328,,true,1360.649,592.439,1136.430,442.629,1541.929,320.633,1317.634,171.014,旧土地台帳附属地図,地図に準ずる図面,P-F,,,,,,
46201-3400-293.zip,076-329,,true,1230.441,510.299,1064.591,722.897,972.732,309.626,807.035,522.186,旧土地台帳附属地図,地図に準ずる図面,P-F,,,,,,
46201-3400-293.zip,076-330,,true,1358.513,453.999,1365.714,723.595,1031.995,462.647,1039.348,732.434,旧土地台帳附属地図,地図に準ずる図面,P-F,,,,,,
46201-3400-293.zip,076-331,,true,1565.139,590.943,1295.657,595.515,1559.386,264.349,1289.942,269.035,旧土地台帳附属地図,地図に準ずる図面,P-F,,,,,,
46201-3400-293.zip,076-332,,true,1543.915,780.837,1275.233,804.231,1515.645,455.463,1246.772,478.970,旧土地台帳附属地図,地図に準ずる図面,P-F,,,,,,
46201-3400-293.zip,076-333,,true,1346.917,697.640,1556.734,867.033,1141.672,951.730,1351.756,1121.199,旧土地台帳附属地図,地図に準ずる図面,P-F,,,,,,
46201-3400-293.zip,076-334,,true,1175.199,1028.302,1004.053,820.124,1427.345,820.695,1256.161,612.631,旧土地台帳附属地図,地図に準ずる図面,P-F,,,,,,
46201-3400-293.zip,076-335,,true,1103.595,598.478,1197.474,851.348,797.347,712.093,891.416,965.077,旧土地台帳附属地図,地図に準ずる図面,P-F,,,,,,
46201-3400-293.zip,076-336,,true,844.484,450.842,669.833,656.163,595.538,239.386,421.039,444.631,旧土地台帳附属地図,地図に準ずる図面,P-F,,,,,,
46201-3400-293.zip,076-337,,true,758.678,627.220,620.108,858.678,478.452,459.389,339.920,690.999,旧土地台帳附属地図,地図に準ずる図面,P-F,,,,,,
46201-3400-293.zip,076-338,,true,895.389,806.525,625.946,801.953,900.609,479.931,631.242,475.512,旧土地台帳附属地図,地図に準ずる図面,P-F,,,,,,
46201-3400-293.zip,076-339,,true,827.591,432.171,1069.145,552.072,682.277,724.704,924.060,844.604,旧土地台帳附属地図,地図に準ずる図面,P-F,,,,,,
46201-3400-293.zip,076-340-1,,true,405.768,855.291,559.616,634.044,674.107,1041.601,827.803,820.277,旧土地台帳附属地図,地図に準ずる図面,P-F,,,,,,
46201-3400-293.zip,076-340-2,,true,185.095,571.090,409.314,720.899,3.472,842.591,227.919,992.476,旧土地台帳附属地図,地図に準ずる図面,P-F,,,,,,
46201-3400-293.zip,076-341,,true,387.353,758.891,347.577,1025.363,64.264,710.885,24.602,977.319,旧土地台帳附属地図,地図に準ずる図面,P-F,,,,,,
46201-3400-293.zip,076-342,,true,367.968,777.549,544.485,981.461,120.965,991.290,297.711,1195.316,旧土地台帳附属地図,地図に準ずる図面,P-F,,,,,,
46201-3400-293.zip,076-343,,true,461.951,749.364,689.408,894.335,286.538,1024.904,513.996,1169.798,旧土地台帳附属地図,地図に準ずる図面,P-F,,,,,,
46201-3400-293.zip,076-344,,true,958.885,994.847,689.212,995.305,958.351,668.177,688.450,668.825,旧土地台帳附属地図,地図に準ずる図面,P-F,,,,,,
46201-3400-293.zip,076-345,,true,1060.794,918.737,1005.016,1182.428,741.173,851.376,685.509,1114.991,旧土地台帳附属地図,地図に準ずる図面,P-F,,,,,,
46201-3400-293.zip,076-346,,true,958.033,1167.770,1098.470,937.607,1236.926,1337.925,1377.325,1107.381,旧土地台帳附属地図,地図に準ずる図面,P-F,,,,,,
46201-3400-293.zip,076-347,,true,1184.621,963.153,1453.760,976.717,1168.467,1289.442,1437.491,1302.891,旧土地台帳附属地図,地図に準ずる図面,P-F,,,,,,
46201-3400-293.zip,076-348,,true,1333.582,1399.691,1329.353,1129.981,1660.252,1394.548,1655.833,1124.723,旧土地台帳附属地図,地図に準ずる図面,P-F,,,,,,
46201-3400-293.zip,076-349,,true,1575.056,1337.628,1432.981,1108.342,1852.577,1165.301,1710.464,936.244,旧土地台帳附属地図,地図に準ずる図面,P-F,,,,,,
46201-3400-293.zip,076-350,,true,1714.059,485.455,1444.387,485.189,1714.402,158.823,1444.501,158.709,旧土地台帳附属地図,地図に準ずる図面,P-F,,,,,,
46201-3400-293.zip,076-351,,true,1388.928,70.677,1618.024,212.867,1216.792,348.236,1445.926,490.426,旧土地台帳附属地図,地図に準ずる図面,P-F,,,,,,
46201-3400-293.zip,076-352,,true,1739.804,396.545,1498.173,276.834,1884.813,103.746,1642.915,-15.812,旧土地台帳附属地図,地図に準ずる図面,P-F,,,,,,
46201-3400-294.zip,N   32-2,500,false,-156378.838,-55619.596,-156228.836,-55619.601,-156378.836,-55419.591,-156228.834,-55419.596,地籍図,法第14条1項地図,P-F,,,,,,
46201-3400-294.zip,N   32-3,500,false,-156528.842,-55819.597,-156378.840,-55819.602,-156528.840,-55619.592,-156378.838,-55619.596,地籍図,法第14条1項地図,P-F,,,,,,
46201-3400-294.zip,N   32-4,500,false,-156528.840,-55619.592,-156378.838,-55619.596,-156528.838,-55419.587,-156378.836,-55419.591,地籍図,法第14条1項地図,P-F,,,,,,
46201-3400-294.zip,N   33-1,500,false,-156378.836,-55419.591,-156228.834,-55419.596,-156378.834,-55219.586,-156228.833,-55219.591,地籍図,法第14条1項地図,P-F,,,,,,
46201-3400-294.zip,N   33-3,500,false,-156528.838,-55419.587,-156378.836,-55419.591,-156528.835,-55219.582,-156378.834,-55219.586,地籍図,法第14条1項地図,P-F,,,,,,
46201-3400-294.zip,N   41-1,500,false,-156678.845,-56219.600,-156528.843,-56219.603,-156678.845,-56019.598,-156528.844,-56019.601,地籍図,法第14条1項地図,P-F,,,,,,
46201-3400-294.zip,N   41-2,500,false,-156678.845,-56019.598,-156528.844,-56019.601,-156678.844,-55819.594,-156528.842,-55819.597,地籍図,法第14条1項地図,P-F,,,,,,
46201-3400-294.zip,N   41-3,500,false,-156828.846,-56219.596,-156678.845,-56219.600,-156828.847,-56019.594,-156678.845,-56019.598,地籍図,法第14条1項地図,P-F,,,,,,
46201-3400-294.zip,N   41-4,500,false,-156828.847,-56019.594,-156678.845,-56019.598,-156828.845,-55819.590,-156678.844,-55819.594,地籍図,法第14条1項地図,P-F,,,,,,
46201-3400-294.zip,N   42-1,500,false,-156678.844,-55819.594,-156528.842,-55819.597,-156678.841,-55619.589,-156528.840,-55619.592,地籍図,法第14条1項地図,P-F,,,,,,
46201-3400-294.zip,N   31-2,500,false,-156378.841,-56019.606,-156228.839,-56019.610,-156378.840,-55819.602,-156228.838,-55819.606,地籍図,法第14条1項地図,P-F,,,,,,
46201-3400-294.zip,N   31-3,500,false,-156528.843,-56219.603,-156378.841,-56219.607,-156528.844,-56019.601,-156378.841,-56019.606,地籍図,法第14条1項地図,P-F,,,,,,
46201-3400-294.zip,N   31-4,500,false,-156528.844,-56019.601,-156378.841,-56019.606,-156528.842,-55819.597,-156378.840,-55819.602,地籍図,法第14条1項地図,P-F,,,,,,
46201-3400-294.zip,N   32-1,500,false,-156378.840,-55819.602,-156228.838,-55819.606,-156378.838,-55619.596,-156228.836,-55619.601,地籍図,法第14条1項地図,P-F,,,,,,
46201-3400-294.zip,H   33-1,500,false,-154878.820,-55419.639,-154728.819,-55419.644,-154878.822,-55219.636,-154728.821,-55219.641,地籍図,法第14条1項地図,P-F,,,,,,
46201-3400-294.zip,H   33-2,500,false,-154878.822,-55219.636,-154728.821,-55219.641,-154878.823,-55019.633,-154728.823,-55019.639,地籍図,法第14条1項地図,P-F,,,,,,
46201-3400-294.zip,H   33-3,500,false,-155028.822,-55419.634,-154878.820,-55419.639,-155028.823,-55219.631,-154878.822,-55219.636,地籍図,法第14条1項地図,P-F,,,,,,
46201-3400-294.zip,H   33-4,500,false,-155028.823,-55219.631,-154878.822,-55219.636,-155028.824,-55019.627,-154878.823,-55019.633,地籍図,法第14条1項地図,P-F,,,,,,
46201-3400-294.zip,H   34-1,500,false,-154878.823,-55019.633,-154728.823,-55019.639,-154878.825,-54819.630,-154728.825,-54819.636,地籍図,法第14条1項地図,P-F,,,,,,
46201-3400-294.zip,H   34-3,500,false,-155028.824,-55019.627,-154878.823,-55019.633,-155028.825,-54819.624,-154878.825,-54819.630,地籍図,法第14条1項地図,P-F,,,,,,
46201-3400-294.zip,H   42-2,500,false,-155178.823,-55619.633,-155028.821,-55619.637,-155178.823,-55419.629,-155028.822,-55419.634,地籍図,法第14条1項地図,P-F,,,,,,
46201-3400-294.zip,H   42-4,500,false,-155328.825,-55619.628,-155178.823,-55619.633,-155328.825,-55419.624,-155178.823,-55419.629,地籍図,法第14条1項地図,P-F,,,,,,
46201-3400-294.zip,H   43-1,500,false,-155178.823,-55419.629,-155028.822,-55419.634,-155178.824,-55219.625,-155028.823,-55219.631,地籍図,法第14条1項地図,P-F,,,,,,
46201-3400-294.zip,H   43-2,500,false,-155178.824,-55219.625,-155028.823,-55219.631,-155178.825,-55019.621,-155028.824,-55019.627,地籍図,法第14条1項地図,P-F,,,,,,
46201-3400-294.zip,G   54-4,500,false,-155628.827,-56819.631,-155478.825,-56819.635,-155628.828,-56619.630,-155478.825,-56619.634,地籍図,法第14条1項地図,P-F,,,,,,
46201-3400-294.zip,G   55-3,500,false,-155628.828,-56619.630,-155478.825,-56619.634,-155628.829,-56419.629,-155478.826,-56419.633,地籍図,法第14条1項地図,P-F,,,,,,
46201-3400-294.zip,H   23-4,500,false,-154728.821,-55219.641,-154578.812,-55219.645,-154728.823,-55019.639,-154578.813,-55019.642,地籍図,法第14条1項地図,P-F,,,,,,
46201-3400-294.zip,H   24-3,500,false,-154728.823,-55019.639,-154578.813,-55019.642,-154728.825,-54819.636,-154578.814,-54819.639,地籍図,法第14条1項地図,P-F,,,,,,
46201-3400-294.zip,H   43-3,500,false,-155328.825,-55419.624,-155178.823,-55419.629,-155328.825,-55219.620,-155178.824,-55219.625,地籍図,法第14条1項地図,P-F,,,,,,
46201-3400-294.zip,H   43-4,500,false,-155328.825,-55219.620,-155178.824,-55219.625,-155328.825,-55019.616,-155178.825,-55019.621,地籍図,法第14条1項地図,P-F,,,,,,
46201-3400-294.zip,H   44-1,500,false,-155178.825,-55019.621,-155028.824,-55019.627,-155178.826,-54819.618,-155028.825,-54819.624,地籍図,法第14条1項地図,P-F,,,,,,
46201-3400-294.zip,H   44-3,500,false,-155328.825,-55019.616,-155178.825,-55019.621,-155328.826,-54819.611,-155178.826,-54819.618,地籍図,法第14条1項地図,P-F,,,,,,
46201-3400-294.zip,H   52-2,500,false,-155478.827,-55619.623,-155328.825,-55619.628,-155478.826,-55419.619,-155328.825,-55419.624,地籍図,法第14条1項地図,P-F,,,,,,
46201-3400-294.zip,H   52-3,500,false,-155628.829,-55819.624,-155478.827,-55819.628,-155628.829,-55619.619,-155478.827,-55619.623,地籍図,法第14条1項地図,P-F,,,,,,
46201-3400-294.zip,H   52-4,500,false,-155628.829,-55619.619,-155478.827,-55619.623,-155628.828,-55419.614,-155478.826,-55419.619,地籍図,法第14条1項地図,P-F,,,,,,
46201-3400-294.zip,H   53-1,500,false,-155478.826,-55419.619,-155328.825,-55419.624,-155478.826,-55219.614,-155328.825,-55219.620,地籍図,法第14条1項地図,P-F,,,,,,
46201-3400-294.zip,H   53-2,500,false,-155478.826,-55219.614,-155328.825,-55219.620,-155478.826,-55019.610,-155328.825,-55019.616,地籍図,法第14条1項地図,P-F,,,,,,
46201-3400-294.zip,H   53-3,500,false,-155628.828,-55419.614,-155478.826,-55419.619,-155628.827,-55219.609,-155478.826,-55219.614,地籍図,法第14条1項地図,P-F,,,,,,
46201-3400-294.zip,H   53-4,500,false,-155628.827,-55219.609,-155478.826,-55219.614,-155628.827,-55019.604,-155478.826,-55019.610,地籍図,法第14条1項地図,P-F,,,,,,
46201-3400-294.zip,H   54-1,500,false,-155478.826,-55019.610,-155328.825,-55019.616,-155478.826,-54819.605,-155328.826,-54819.611,地籍図,法第14条1項地図,P-F,,,,,,
46201-3400-294.zip,H   54-2,500,false,-155478.826,-54819.605,-155328.826,-54819.611,-155478.818,-54619.595,-155328.817,-54619.601,地籍図,法第14条1項地図,P-F,,,,,,
46201-3400-294.zip,H   54-3,500,false,-155628.827,-55019.604,-155478.826,-55019.610,-155628.826,-54819.599,-155478.826,-54819.605,地籍図,法第14条1項地図,P-F,,,,,,
46201-3400-294.zip,N   12-2,500,false,-155778.831,-55619.614,-155628.829,-55619.619,-155778.830,-55419.609,-155628.828,-55419.614,地籍図,法第14条1項地図,P-F,,,,,,
46201-3400-294.zip,N   12-3,500,false,-155928.834,-55819.615,-155778.832,-55819.619,-155928.832,-55619.610,-155778.831,-55619.614,地籍図,法第14条1項地図,P-F,,,,,,
46201-3400-294.zip,N   12-4,500,false,-155928.832,-55619.610,-155778.831,-55619.614,-155928.831,-55419.605,-155778.830,-55419.609,地籍図,法第14条1項地図,P-F,,,,,,
46201-3400-294.zip,N   13-1,500,false,-155778.830,-55419.609,-155628.828,-55419.614,-155778.829,-55219.604,-155628.827,-55219.609,地籍図,法第14条1項地図,P-F,,,,,,
46201-3400-294.zip,N   13-2,500,false,-155778.829,-55219.604,-155628.827,-55219.609,-155778.828,-55019.600,-155628.827,-55019.604,地籍図,法第14条1項地図,P-F,,,,,,
46201-3400-294.zip,N   13-3,500,false,-155928.831,-55419.605,-155778.830,-55419.609,-155928.830,-55219.600,-155778.829,-55219.604,地籍図,法第14条1項地図,P-F,,,,,,
46201-3400-294.zip,N   13-4,500,false,-155928.830,-55219.600,-155778.829,-55219.604,-155928.829,-55019.595,-155778.828,-55019.600,地籍図,法第14条1項地図,P-F,,,,,,
46201-3400-294.zip,N   14-1,500,false,-155778.828,-55019.600,-155628.827,-55019.604,-155778.827,-54819.595,-155628.826,-54819.599,地籍図,法第14条1項地図,P-F,,,,,,
46201-3400-294.zip,N   14-3,500,false,-155928.829,-55019.595,-155778.828,-55019.600,-155928.828,-54819.590,-155778.827,-54819.595,地籍図,法第14条1項地図,P-F,,,,,,
46201-3400-294.zip,N   21-1,500,false,-156078.836,-56219.616,-155928.834,-56219.620,-156078.837,-56019.614,-155928.834,-56019.619,地籍図,法第14条1項地図,P-F,,,,,,
46201-3400-294.zip,N   21-2,500,false,-156078.837,-56019.614,-155928.834,-56019.619,-156078.836,-55819.610,-155928.834,-55819.615,地籍図,法第14条1項地図,P-F,,,,,,
46201-3400-294.zip,N   21-3,500,false,-156228.838,-56219.612,-156078.836,-56219.616,-156228.839,-56019.610,-156078.837,-56019.614,地籍図,法第14条1項地図,P-F,,,,,,
46201-3400-294.zip,N   21-4,500,false,-156228.839,-56019.610,-156078.837,-56019.614,-156228.838,-55819.606,-156078.836,-55819.610,地籍図,法第14条1項地図,P-F,,,,,,
46201-3400-294.zip,N   22-1,500,false,-156078.836,-55819.610,-155928.834,-55819.615,-156078.834,-55619.605,-155928.832,-55619.610,地籍図,法第14条1項地図,P-F,,,,,,
46201-3400-294.zip,N   22-2,500,false,-156078.834,-55619.605,-155928.832,-55619.610,-156078.833,-55419.600,-155928.831,-55419.605,地籍図,法第14条1項地図,P-F,,,,,,
46201-3400-294.zip,N   22-3,500,false,-156228.838,-55819.606,-156078.836,-55819.610,-156228.836,-55619.601,-156078.834,-55619.605,地籍図,法第14条1項地図,P-F,,,,,,
46201-3400-294.zip,N   22-4,500,false,-156228.836,-55619.601,-156078.834,-55619.605,-156228.834,-55419.596,-156078.833,-55419.600,地籍図,法第14条1項地図,P-F,,,,,,
46201-3400-294.zip,N   23-1,500,false,-156078.833,-55419.600,-155928.831,-55419.605,-156078.831,-55219.595,-155928.830,-55219.600,地籍図,法第14条1項地図,P-F,,,,,,
46201-3400-294.zip,N   23-2,500,false,-156078.831,-55219.595,-155928.830,-55219.600,-156078.830,-55019.591,-155928.829,-55019.595,地籍図,法第14条1項地図,P-F,,,,,,
46201-3400-294.zip,N   23-3,500,false,-156228.834,-55419.596,-156078.833,-55419.600,-156228.833,-55219.591,-156078.831,-55219.595,地籍図,法第14条1項地図,P-F,,,,,,
46201-3400-294.zip,N   23-4,500,false,-156228.833,-55219.591,-156078.831,-55219.595,-156228.831,-55019.586,-156078.830,-55019.591,地籍図,法第14条1項地図,P-F,,,,,,
46201-3400-294.zip,N   24-1,500,false,-156078.830,-55019.591,-155928.829,-55019.595,-156078.828,-54819.586,-155928.828,-54819.590,地籍図,法第14条1項地図,P-F,,,,,,
46201-3400-294.zip,N   24-3,500,false,-156228.831,-55019.586,-156078.830,-55019.591,-156228.829,-54819.581,-156078.828,-54819.586,地籍図,法第14条1項地図,P-F,,,,,,
46201-3400-294.zip,N   31-1,500,false,-156378.841,-56219.607,-156228.838,-56219.612,-156378.841,-56019.606,-156228.839,-56019.610,地籍図,法第14条1項地図,P-F,,,,,,
46201-3400-294.zip,N   11-2,500,false,-155778.832,-56019.623,-155628.830,-56019.627,-155778.832,-55819.619,-155628.829,-55819.624,地籍図,法第14条1項地図,P-F,,,,,,
46201-3400-294.zip,N   11-3,500,false,-155928.834,-56219.620,-155778.831,-56219.624,-155928.834,-56019.619,-155778.832,-56019.623,地籍図,法第14条1項地図,P-F,,,,,,
46201-3400-294.zip,N   11-4,500,false,-155928.834,-56019.619,-155778.832,-56019.623,-155928.834,-55819.615,-155778.832,-55819.619,地籍図,法第14条1項地図,P-F,,,,,,
46201-3400-294.zip,N   12-1,500,false,-155778.832,-55819.619,-155628.829,-55819.624,-155778.831,-55619.614,-155628.829,-55619.619,地籍図,法第14条1項地図,P-F,,,,,,
46201-3400-294.zip,M   15-3,500,false,-155928.832,-56619.622,-155778.830,-56619.626,-155928.833,-56419.621,-155778.831,-56419.625,地籍図,法第14条1項地図,P-F,,,,,,
46201-3400-294.zip,M   15-4,500,false,-155928.833,-56419.621,-155778.831,-56419.625,-155928.834,-56219.620,-155778.831,-56219.624,地籍図,法第14条1項地図,P-F,,,,,,
46201-3400-294.zip,M   24-1,500,false,-156078.833,-57019.621,-155928.831,-57019.625,-156078.834,-56819.620,-155928.832,-56819.624,地籍図,法第14条1項地図,P-F,,,,,,
46201-3400-294.zip,M   24-2,500,false,-156078.834,-56819.620,-155928.832,-56819.624,-156078.835,-56619.618,-155928.832,-56619.622,地籍図,法第14条1項地図,P-F,,,,,,
46201-3400-294.zip,M   24-3,500,false,-156228.835,-57019.618,-156078.833,-57019.621,-156228.836,-56819.616,-156078.834,-56819.620,地籍図,法第14条1項地図,P-F,,,,,,
46201-3400-294.zip,M   24-4,500,false,-156228.836,-56819.616,-156078.834,-56819.620,-156228.837,-56619.615,-156078.835,-56619.618,地籍図,法第14条1項地図,P-F,,,,,,
46201-3400-294.zip,M   25-1,500,false,-156078.835,-56619.618,-155928.832,-56619.622,-156078.835,-56419.617,-155928.833,-56419.621,地籍図,法第14条1項地図,P-F,,,,,,
46201-3400-294.zip,M   25-2,500,false,-156078.835,-56419.617,-155928.833,-56419.621,-156078.836,-56219.616,-155928.834,-56219.620,地籍図,法第14条1項地図,P-F,,,,,,
46201-3400-294.zip,M   25-3,500,false,-156228.837,-56619.615,-156078.835,-56619.618,-156228.838,-56419.613,-156078.835,-56419.617,地籍図,法第14条1項地図,P-F,,,,,,
46201-3400-294.zip,M   25-4,500,false,-156228.838,-56419.613,-156078.835,-56419.617,-156228.838,-56219.612,-156078.836,-56219.616,地籍図,法第14条1項地図,P-F,,,,,,
46201-3400-294.zip,M   34-1,500,false,-156378.837,-57019.614,-156228.835,-57019.618,-156378.838,-56819.612,-156228.836,-56819.616,地籍図,法第14条1項地図,P-F,,,,,,
46201-3400-294.zip,M   34-2,500,false,-156378.838,-56819.612,-156228.836,-56819.616,-156378.839,-56619.611,-156228.837,-56619.615,地籍図,法第14条1項地図,P-F,,,,,,
46201-3400-294.zip,M   34-3,500,false,-156528.840,-57019.610,-156378.837,-57019.614,-156528.840,-56819.609,-156378.838,-56819.612,地籍図,法第14条1項地図,P-F,,,,,,
46201-3400-294.zip,M   34-4,500,false,-156528.840,-56819.609,-156378.838,-56819.612,-156528.841,-56619.607,-156378.839,-56619.611,地籍図,法第14条1項地図,P-F,,,,,,
46201-3400-294.zip,M   35-1,500,false,-156378.839,-56619.611,-156228.837,-56619.615,-156378.840,-56419.609,-156228.838,-56419.613,地籍図,法第14条1項地図,P-F,,,,,,
46201-3400-294.zip,M   35-2,500,false,-156378.840,-56419.609,-156228.838,-56419.613,-156378.841,-56219.607,-156228.838,-56219.612,地籍図,法第14条1項地図,P-F,,,,,,
46201-3400-294.zip,M   35-3,500,false,-156528.841,-56619.607,-156378.839,-56619.611,-156528.842,-56419.605,-156378.840,-56419.609,地籍図,法第14条1項地図,P-F,,,,,,
46201-3400-294.zip,M   35-4,500,false,-156528.842,-56419.605,-156378.840,-56419.609,-156528.843,-56219.603,-156378.841,-56219.607,地籍図,法第14条1項地図,P-F,,,,,,
46201-3400-294.zip,M   44-1,500,false,-156678.842,-57019.607,-156528.840,-57019.610,-156678.843,-56819.605,-156528.840,-56819.609,地籍図,法第14条1項地図,P-F,,,,,,
46201-3400-294.zip,M   44-2,500,false,-156678.843,-56819.605,-156528.840,-56819.609,-156678.843,-56619.603,-156528.841,-56619.607,地籍図,法第14条1項地図,P-F,,,,,,
46201-3400-294.zip,M   45-1,500,false,-156678.843,-56619.603,-156528.841,-56619.607,-156678.844,-56419.602,-156528.842,-56419.605,地籍図,法第14条1項地図,P-F,,,,,,
46201-3400-294.zip,M   45-2,500,false,-156678.844,-56419.602,-156528.842,-56419.605,-156678.845,-56219.600,-156528.843,-56219.603,地籍図,法第14条1項地図,P-F,,,,,,
46201-3400-294.zip,M   45-3,500,false,-156828.845,-56619.600,-156678.843,-56619.603,-156828.846,-56419.598,-156678.844,-56419.602,地籍図,法第14条1項地図,P-F,,,,,,
46201-3400-294.zip,M   45-4,500,false,-156828.846,-56419.598,-156678.844,-56419.602,-156828.846,-56219.596,-156678.845,-56219.600,地籍図,法第14条1項地図,P-F,,,,,,
46201-3400-294.zip,H   54-4,500,false,-155628.826,-54819.599,-155478.826,-54819.605,-155628.818,-54619.589,-155478.818,-54619.595,地籍図,法第14条1項地図,P-F,,,,,,
46201-3400-294.zip,M   14-2,500,false,-155778.830,-56819.627,-155628.827,-56819.631,-155778.830,-56619.626,-155628.828,-56619.630,地籍図,法第14条1項地図,P-F,,,,,,
46201-3400-294.zip,M   14-4,500,false,-155928.832,-56819.624,-155778.830,-56819.627,-155928.832,-56619.622,-155778.830,-56619.626,地籍図,法第14条1項地図,P-F,,,,,,
46201-3400-294.zip,M   15-1,500,false,-155778.830,-56619.626,-155628.828,-56619.630,-155778.831,-56419.625,-155628.829,-56419.629,地籍図,法第14条1項地図,P-F,,,,,,
46201-3400-295.zip,Z   23,1000,false,-159228.866,-55419.535,-158928.863,-55419.540,-159228.863,-55019.528,-158928.859,-55019.533,地籍図,法第14条1項地図,P-F,,,,,,
46201-3400-295.zip,Z   24,1000,false,-159228.863,-55019.528,-158928.859,-55019.533,-159228.860,-54619.520,-158928.855,-54619.524,地籍図,法第14条1項地図,P-F,,,,,,
46201-3400-295.zip,Z   25,1000,false,-159228.860,-54619.520,-158928.855,-54619.524,-159228.857,-54219.510,-158928.851,-54219.514,地籍図,法第14条1項地図,P-F,,,,,,
46201-3400-295.zip,Z   35,1000,false,-159528.860,-54619.516,-159228.860,-54619.520,-159528.857,-54219.507,-159228.857,-54219.510,地籍図,法第14条1項地図,P-F,,,,,,
46201-3400-295.zip,T   41,1000,false,-158328.841,-54219.520,-158028.836,-54219.522,-158328.835,-53819.507,-158028.829,-53819.507,地籍図,法第14条1項地図,P-F,,,,,,
46201-3400-295.zip,T   51,1000,false,-158628.846,-54219.517,-158328.841,-54219.520,-158628.841,-53819.505,-158328.835,-53819.507,地籍図,法第14条1項地図,P-F,,,,,,
46201-3400-295.zip,Z   12,1000,false,-158928.867,-55819.547,-158628.865,-55819.552,-158928.863,-55419.540,-158628.860,-55419.545,地籍図,法第14条1項地図,P-F,,,,,,
46201-3400-295.zip,A1  22,1000,false,-159228.854,-53819.501,-158928.847,-53819.503,-159228.853,-53419.491,-158928.844,-53419.491,地籍図,法第14条1項地図,P-F,,,,,,
46201-3400-295.zip,Z   13,1000,false,-158928.863,-55419.540,-158628.860,-55419.545,-158928.859,-55019.533,-158628.856,-55019.538,地籍図,法第14条1項地図,P-F,,,,,,
46201-3400-295.zip,Z   14,1000,false,-158928.859,-55019.533,-158628.856,-55019.538,-158928.855,-54619.524,-158628.851,-54619.529,地籍図,法第14条1項地図,P-F,,,,,,
46201-3400-295.zip,Z   15,1000,false,-158928.855,-54619.524,-158628.851,-54619.529,-158928.851,-54219.514,-158628.846,-54219.517,地籍図,法第14条1項地図,P-F,,,,,,
46201-3400-295.zip,Z   22,1000,false,-159228.870,-55819.541,-158928.867,-55819.547,-159228.866,-55419.535,-158928.863,-55419.540,地籍図,法第14条1項地図,P-F,,,,,,
46201-3400-295.zip,A1  23,1000,false,-159228.853,-53419.491,-158928.844,-53419.491,-159228.854,-53019.480,-158928.842,-53019.476,地籍図,法第14条1項地図,P-F,,,,,,
46201-3400-295.zip,A1  31,1000,false,-159528.857,-54219.507,-159228.857,-54219.510,-159528.854,-53819.499,-159228.854,-53819.501,地籍図,法第14条1項地図,P-F,,,,,,
46201-3400-295.zip,A1  32,1000,false,-159528.854,-53819.499,-159228.854,-53819.501,-159528.853,-53419.489,-159228.853,-53419.491,地籍図,法第14条1項地図,P-F,,,,,,
46201-3400-295.zip,A1  33,1000,false,-159528.853,-53419.489,-159228.853,-53419.491,-159528.854,-53019.478,-159228.854,-53019.480,地籍図,法第14条1項地図,P-F,,,,,,
46201-3400-295.zip,A1  41,1000,false,-159828.856,-54219.504,-159528.857,-54219.507,-159828.853,-53819.496,-159528.854,-53819.499,地籍図,法第14条1項地図,P-F,,,,,,
46201-3400-295.zip,N   52,1000,false,-157128.848,-55819.583,-156828.845,-55819.590,-157128.843,-55419.574,-156828.841,-55419.580,地籍図,法第14条1項地図,P-F,,,,,,
46201-3400-295.zip,N   53,1000,false,-157128.843,-55419.574,-156828.841,-55419.580,-157128.839,-55019.564,-156828.836,-55019.570,地籍図,法第14条1項地図,P-F,,,,,,
46201-3400-295.zip,S   12,1000,false,-157428.851,-55819.576,-157128.848,-55819.583,-157428.846,-55419.567,-157128.843,-55419.574,地籍図,法第14条1項地図,P-F,,,,,,
46201-3400-295.zip,S   13,1000,false,-157428.846,-55419.567,-157128.843,-55419.574,-157428.842,-55019.557,-157128.839,-55019.564,地籍図,法第14条1項地図,P-F,,,,,,
46201-3400-295.zip,S   22,1000,false,-157728.855,-55819.570,-157428.851,-55819.576,-157728.850,-55419.561,-157428.846,-55419.567,地籍図,法第14条1項地図,P-F,,,,,,
46201-3400-295.zip,A1  11,1000,false,-158928.851,-54219.514,-158628.846,-54219.517,-158928.847,-53819.503,-158628.841,-53819.505,地籍図,法第14条1項地図,P-F,,,,,,
46201-3400-295.zip,A1  12,1000,false,-158928.847,-53819.503,-158628.841,-53819.505,-158928.844,-53419.491,-158628.836,-53419.490,地籍図,法第14条1項地図,P-F,,,,,,
46201-3400-295.zip,A1  13,1000,false,-158928.844,-53419.491,-158628.836,-53419.490,-158928.842,-53019.476,-158628.830,-53019.472,地籍図,法第14条1項地図,P-F,,,,,,
46201-3400-295.zip,A1  21,1000,false,-159228.857,-54219.510,-158928.851,-54219.514,-159228.854,-53819.501,-158928.847,-53819.503,地籍図,法第14条1項地図,P-F,,,,,,
46201-3400-295.zip,S   23,1000,false,-157728.850,-55419.561,-157428.846,-55419.567,-157728.845,-55019.552,-157428.842,-55019.557,地籍図,法第14条1項地図,P-F,,,,,,
46201-3400-295.zip,S   24,1000,false,-157728.845,-55019.552,-157428.842,-55019.557,-157728.839,-54619.540,-157428.835,-54619.544,地籍図,法第14条1項地図,P-F,,,,,,
46201-3400-295.zip,S   32,1000,false,-158028.858,-55819.564,-157728.855,-55819.570,-158028.853,-55419.556,-157728.850,-55419.561,地籍図,法第14条1項地図,P-F,,,,,,
46201-3400-295.zip,S   42,1000,false,-158328.862,-55819.558,-158028.858,-55819.564,-158328.857,-55419.550,-158028.853,-55419.556,地籍図,法第14条1項地図,P-F,,,,,,
46201-3400-295.zip,S   43,1000,false,-158328.857,-55419.550,-158028.853,-55419.556,-158328.852,-55019.543,-158028.849,-55019.548,地籍図,法第14条1項地図,P-F,,,,,,
46201-3400-295.zip,S   44,1000,false,-158328.852,-55019.543,-158028.849,-55019.548,-158328.847,-54619.533,-158028.843,-54619.537,地籍図,法第14条1項地図,P-F,,,,,,
46201-3400-295.zip,S   45,1000,false,-158328.847,-54619.533,-158028.843,-54619.537,-158328.841,-54219.520,-158028.836,-54219.522,地籍図,法第14条1項地図,P-F,,,,,,
46201-3400-295.zip,S   52,1000,false,-158628.865,-55819.552,-158328.862,-55819.558,-158628.860,-55419.545,-158328.857,-55419.550,地籍図,法第14条1項地図,P-F,,,,,,
46201-3400-295.zip,S   53,1000,false,-158628.860,-55419.545,-158328.857,-55419.550,-158628.856,-55019.538,-158328.852,-55019.543,地籍図,法第14条1項地図,P-F,,,,,,
46201-3400-295.zip,S   54,1000,false,-158628.856,-55019.538,-158328.852,-55019.543,-158628.851,-54619.529,-158328.847,-54619.533,地籍図,法第14条1項地図,P-F,,,,,,
46201-3400-295.zip,S   55,1000,false,-158628.851,-54619.529,-158328.847,-54619.533,-158628.846,-54219.517,-158328.841,-54219.520,地籍図,法第14条1項地図,P-F,,,,,,
46201-3400-295.zip,S   33,1000,false,-158028.853,-55419.556,-157728.850,-55419.561,-158028.849,-55019.548,-157728.845,-55019.552,地籍図,法第14条1項地図,P-F,,,,,,
46201-3400-295.zip,S   34,1000,false,-158028.849,-55019.548,-157728.845,-55019.552,-158028.843,-54619.537,-157728.839,-54619.540,地籍図,法第14条1項地図,P-F,,,,,,
46201-3400-295.zip,S   35,1000,false,-158028.843,-54619.537,-157728.839,-54619.540,-158028.836,-54219.522,-157728.831,-54219.524,地籍図,法第14条1項地図,P-F,,,,,,
46201-3400-296.zip,U   22-4,500,false,-157728.749,-51619.351,-157578.744,-51619.348,-157728.741,-51419.333,-157578.736,-51419.330,地籍図,法第14条1項地図,P-F,,,,,,
46201-3400-296.zip,U   23-1,500,false,-157578.736,-51419.330,-157428.731,-51419.328,-157578.729,-51219.311,-157428.724,-51219.310,地籍図,法第14条1項地図,P-F,,,,,,
46201-3400-296.zip,U   23-2,500,false,-157578.729,-51219.311,-157428.724,-51219.310,-157578.724,-51019.294,-157428.720,-51019.293,地籍図,法第14条1項地図,P-F,,,,,,
46201-3400-296.zip,U   23-3,500,false,-157728.741,-51419.333,-157578.736,-51419.330,-157728.734,-51219.314,-157578.729,-51219.311,地籍図,法第14条1項地図,P-F,,,,,,
46201-3400-296.zip,U   23-4,500,false,-157728.734,-51219.314,-157578.729,-51219.311,-157728.729,-51019.297,-157578.724,-51019.294,地籍図,法第14条1項地図,P-F,,,,,,
46201-3400-296.zip,U   24-1,500,false,-157578.724,-51019.294,-157428.720,-51019.293,-157578.720,-50819.276,-157428.716,-50819.275,地籍図,法第14条1項地図,P-F,,,,,,
46201-3400-296.zip,U   24-3,500,false,-157728.729,-51019.297,-157578.724,-51019.294,-157728.725,-50819.280,-157578.720,-50819.276,地籍図,法第14条1項地図,P-F,,,,,,
46201-3400-296.zip,U   31-1,500,false,-157878.779,-52219.409,-157728.773,-52219.407,-157878.771,-52019.391,-157728.765,-52019.388,地籍図,法第14条1項地図,P-F,,,,,,
46201-3400-296.zip,U   31-2,500,false,-157878.771,-52019.391,-157728.765,-52019.388,-157878.763,-51819.373,-157728.757,-51819.370,地籍図,法第14条1項地図,P-F,,,,,,
46201-3400-296.zip,U   32-1,500,false,-157878.763,-51819.373,-157728.757,-51819.370,-157878.755,-51619.354,-157728.749,-51619.351,地籍図,法第14条1項地図,P-F,,,,,,
46201-3400-296.zip,U   32-2,500,false,-157878.755,-51619.354,-157728.749,-51619.351,-157878.747,-51419.336,-157728.741,-51419.333,地籍図,法第14条1項地図,P-F,,,,,,
46201-3400-296.zip,U   32-4,500,false,-158028.760,-51619.357,-157878.755,-51619.354,-158028.752,-51419.338,-157878.747,-51419.336,地籍図,法第14条1項地図,P-F,,,,,,
46201-3400-296.zip,U   33-1,500,false,-157878.747,-51419.336,-157728.741,-51419.333,-157878.739,-51219.317,-157728.734,-51219.314,地籍図,法第14条1項地図,P-F,,,,,,
46201-3400-296.zip,U   33-2,500,false,-157878.739,-51219.317,-157728.734,-51219.314,-157878.734,-51019.301,-157728.729,-51019.297,地籍図,法第14条1項地図,P-F,,,,,,
46201-3400-296.zip,U   33-3,500,false,-158028.752,-51419.338,-157878.747,-51419.336,-158028.744,-51219.320,-157878.739,-51219.317,地籍図,法第14条1項地図,P-F,,,,,,
46201-3400-296.zip,U   33-4,500,false,-158028.744,-51219.320,-157878.739,-51219.317,-158028.739,-51019.305,-157878.734,-51019.301,地籍図,法第14条1項地図,P-F,,,,,,
46201-3400-296.zip,U   34-1,500,false,-157878.734,-51019.301,-157728.729,-51019.297,-157878.730,-50819.285,-157728.725,-50819.280,地籍図,法第14条1項地図,P-F,,,,,,
46201-3400-296.zip,U   34-2,500,false,-157878.730,-50819.285,-157728.725,-50819.280,-157878.725,-50619.268,-157728.721,-50619.263,地籍図,法第14条1項地図,P-F,,,,,,
46201-3400-296.zip,U   34-3,500,false,-158028.739,-51019.305,-157878.734,-51019.301,-158028.735,-50819.289,-157878.730,-50819.285,地籍図,法第14条1項地図,P-F,,,,,,
46201-3400-296.zip,U   34-4,500,false,-158028.735,-50819.289,-157878.730,-50819.285,-158028.730,-50619.274,-157878.725,-50619.268,地籍図,法第14条1項地図,P-F,,,,,,
46201-3400-296.zip,U   13-4,500,false,-157428.724,-51219.310,-157278.719,-51219.311,-157428.720,-51019.293,-157278.716,-51019.295,地籍図,法第14条1項地図,P-F,,,,,,
46201-3400-296.zip,U   14-3,500,false,-157428.720,-51019.293,-157278.716,-51019.295,-157428.716,-50819.275,-157278.713,-50819.279,地籍図,法第14条1項地図,P-F,,,,,,
46201-3400-296.zip,U   21-2,500,false,-157578.759,-52019.385,-157428.753,-52019.384,-157578.751,-51819.367,-157428.746,-51819.365,地籍図,法第14条1項地図,P-F,,,,,,
46201-3400-296.zip,U   21-3,500,false,-157728.773,-52219.407,-157578.766,-52219.404,-157728.765,-52019.388,-157578.759,-52019.385,地籍図,法第14条1項地図,P-F,,,,,,
46201-3400-296.zip,U   21-4,500,false,-157728.765,-52019.388,-157578.759,-52019.385,-157728.757,-51819.370,-157578.751,-51819.367,地籍図,法第14条1項地図,P-F,,,,,,
46201-3400-296.zip,U   22-1,500,false,-157578.751,-51819.367,-157428.746,-51819.365,-157578.744,-51619.348,-157428.738,-51619.347,地籍図,法第14条1項地図,P-F,,,,,,
46201-3400-296.zip,U   22-2,500,false,-157578.744,-51619.348,-157428.738,-51619.347,-157578.736,-51419.330,-157428.731,-51419.328,地籍図,法第14条1項地図,P-F,,,,,,
46201-3400-296.zip,U   22-3,500,false,-157728.757,-51819.370,-157578.751,-51819.367,-157728.749,-51619.351,-157578.744,-51619.348,地籍図,法第14条1項地図,P-F,,,,,,
46201-3400-296.zip,Q   42-4,500,false,-156828.718,-51619.348,-156678.713,-51619.349,-156828.711,-51419.331,-156678.706,-51419.331,地籍図,法第14条1項地図,P-F,,,,,,
46201-3400-296.zip,Q   43-1,500,false,-156678.706,-51419.331,-156528.701,-51419.333,-156678.699,-51219.314,-156528.694,-51219.316,地籍図,法第14条1項地図,P-F,,,,,,
46201-3400-296.zip,Q   43-3,500,false,-156828.711,-51419.331,-156678.706,-51419.331,-156828.704,-51219.313,-156678.699,-51219.314,地籍図,法第14条1項地図,P-F,,,,,,
46201-3400-296.zip,Q   51-1,500,false,-156978.746,-52219.402,-156828.741,-52219.401,-156978.738,-52019.384,-156828.733,-52019.384,地籍図,法第14条1項地図,P-F,,,,,,
46201-3400-296.zip,Q   51-2,500,false,-156978.738,-52019.384,-156828.733,-52019.384,-156978.731,-51819.366,-156828.726,-51819.366,地籍図,法第14条1項地図,P-F,,,,,,
46201-3400-296.zip,Q   51-3,500,false,-157128.751,-52219.402,-156978.746,-52219.402,-157128.743,-52019.384,-156978.738,-52019.384,地籍図,法第14条1項地図,P-F,,,,,,
46201-3400-296.zip,Q   51-4,500,false,-157128.743,-52019.384,-156978.738,-52019.384,-157128.736,-51819.366,-156978.731,-51819.366,地籍図,法第14条1項地図,P-F,,,,,,
46201-3400-296.zip,Q   52-1,500,false,-156978.731,-51819.366,-156828.726,-51819.366,-156978.723,-51619.348,-156828.718,-51619.348,地籍図,法第14条1項地図,P-F,,,,,,
46201-3400-296.zip,Q   52-2,500,false,-156978.723,-51619.348,-156828.718,-51619.348,-156978.716,-51419.330,-156828.711,-51419.331,地籍図,法第14条1項地図,P-F,,,,,,
46201-3400-296.zip,Q   52-3,500,false,-157128.736,-51819.366,-156978.731,-51819.366,-157128.728,-51619.348,-156978.723,-51619.348,地籍図,法第14条1項地図,P-F,,,,,,
46201-3400-296.zip,Q   52-4,500,false,-157128.728,-51619.348,-156978.723,-51619.348,-157128.721,-51419.330,-156978.716,-51419.330,地籍図,法第14条1項地図,P-F,,,,,,
46201-3400-296.zip,Q   53-1,500,false,-156978.716,-51419.330,-156828.711,-51419.331,-156978.709,-51219.313,-156828.704,-51219.313,地籍図,法第14条1項地図,P-F,,,,,,
46201-3400-296.zip,Q   53-3,500,false,-157128.721,-51419.330,-156978.716,-51419.330,-157128.714,-51219.312,-156978.709,-51219.313,地籍図,法第14条1項地図,P-F,,,,,,
46201-3400-296.zip,U   12-1,500,false,-157278.741,-51819.365,-157128.736,-51819.366,-157278.733,-51619.347,-157128.728,-51619.348,地籍図,法第14条1項地図,P-F,,,,,,
46201-3400-296.zip,U   12-2,500,false,-157278.733,-51619.347,-157128.728,-51619.348,-157278.726,-51419.329,-157128.721,-51419.330,地籍図,法第14条1項地図,P-F,,,,,,
46201-3400-296.zip,U   12-3,500,false,-157428.746,-51819.365,-157278.741,-51819.365,-157428.738,-51619.347,-157278.733,-51619.347,地籍図,法第14条1項地図,P-F,,,,,,
46201-3400-296.zip,U   12-4,500,false,-157428.738,-51619.347,-157278.733,-51619.347,-157428.731,-51419.328,-157278.726,-51419.329,地籍図,法第14条1項地図,P-F,,,,,,
46201-3400-296.zip,U   13-1,500,false,-157278.726,-51419.329,-157128.721,-51419.330,-157278.719,-51219.311,-157128.714,-51219.312,地籍図,法第14条1項地図,P-F,,,,,,
46201-3400-296.zip,U   13-2,500,false,-157278.719,-51219.311,-157128.714,-51219.312,-157278.716,-51019.295,-157128.712,-51019.297,地籍図,法第14条1項地図,P-F,,,,,,
46201-3400-296.zip,U   13-3,500,false,-157428.731,-51419.328,-157278.726,-51419.329,-157428.724,-51219.310,-157278.719,-51219.311,地籍図,法第14条1項地図,P-F,,,,,,
46201-3400-296.zip,P   45-4,500,false,-156828.748,-52419.419,-156678.743,-52419.419,-156828.741,-52219.401,-156678.736,-52219.401,地籍図,法第14条1項地図,P-F,,,,,,
46201-3400-296.zip,Q   32-3,500,false,-156528.716,-51819.367,-156378.712,-51819.370,-156528.709,-51619.350,-156378.704,-51619.352,地籍図,法第14条1項地図,P-F,,,,,,
46201-3400-296.zip,Q   32-4,500,false,-156528.709,-51619.350,-156378.704,-51619.352,-156528.701,-51419.333,-156378.696,-51419.335,地籍図,法第14条1項地図,P-F,,,,,,
46201-3400-296.zip,Q   41-3,500,false,-156828.741,-52219.401,-156678.736,-52219.401,-156828.733,-52019.384,-156678.728,-52019.384,地籍図,法第14条1項地図,P-F,,,,,,
46201-3400-296.zip,Q   41-4,500,false,-156828.733,-52019.384,-156678.728,-52019.384,-156828.726,-51819.366,-156678.721,-51819.366,地籍図,法第14条1項地図,P-F,,,,,,
46201-3400-296.zip,Q   42-1,500,false,-156678.721,-51819.366,-156528.716,-51819.367,-156678.713,-51619.349,-156528.709,-51619.350,地籍図,法第14条1項地図,P-F,,,,,,
46201-3400-296.zip,Q   42-2,500,false,-156678.713,-51619.349,-156528.709,-51619.350,-156678.706,-51419.331,-156528.701,-51419.333,地籍図,法第14条1項地図,P-F,,,,,,
46201-3400-296.zip,Q   42-3,500,false,-156828.726,-51819.366,-156678.721,-51819.366,-156828.718,-51619.348,-156678.713,-51619.349,地籍図,法第14条1項地図,P-F,,,,,,
46201-3400-297.zip,E1  52,1000,false,-161628.794,-51819.391,-161328.796,-51819.393,-161628.788,-51419.368,-161328.788,-51419.369,地籍図,法第14条1項地図,P-F,,,,,,
46201-3400-297.zip,F1  14,1000,false,-161928.867,-55019.481,-161628.865,-55019.488,-161928.860,-54619.475,-161628.858,-54619.482,地籍図,法第14条1項地図,P-F,,,,,,
46201-3400-297.zip,F1  15,1000,false,-161928.860,-54619.475,-161628.858,-54619.482,-161928.849,-54219.469,-161628.848,-54219.476,地籍図,法第14条1項地図,P-F,,,,,,
46201-3400-297.zip,G1  11,1000,false,-161928.849,-54219.469,-161628.848,-54219.476,-161928.839,-53819.463,-161628.839,-53819.469,地籍図,法第14条1項地図,P-F,,,,,,
46201-3400-297.zip,G1  12,1000,false,-161928.839,-53819.463,-161628.839,-53819.469,-161928.828,-53419.454,-161628.829,-53419.459,地籍図,法第14条1項地図,P-F,,,,,,
46201-3400-297.zip,G1  13,1000,false,-161928.828,-53419.454,-161628.829,-53419.459,-161928.816,-53019.442,-161628.819,-53019.446,地籍図,法第14条1項地図,P-F,,,,,,
46201-3400-297.zip,G1  14,1000,false,-161928.816,-53019.442,-161628.819,-53019.446,-161928.804,-52619.430,-161628.809,-52619.433,地籍図,法第14条1項地図,P-F,,,,,,
46201-3400-297.zip,G1  15,1000,false,-161928.804,-52619.430,-161628.809,-52619.433,-161928.797,-52219.412,-161628.801,-52219.414,地籍図,法第14条1項地図,P-F,,,,,,
46201-3400-297.zip,G1  21,1000,false,-162228.851,-54219.464,-161928.849,-54219.469,-162228.840,-53819.458,-161928.839,-53819.463,地籍図,法第14条1項地図,P-F,,,,,,
46201-3400-297.zip,G1  22,1000,false,-162228.840,-53819.458,-161928.839,-53819.463,-162228.829,-53419.449,-161928.828,-53419.454,地籍図,法第14条1項地図,P-F,,,,,,
46201-3400-297.zip,G1  23,1000,false,-162228.829,-53419.449,-161928.828,-53419.454,-162228.817,-53019.438,-161928.816,-53019.442,地籍図,法第14条1項地図,P-F,,,,,,
46201-3400-297.zip,G1  24,1000,false,-162228.817,-53019.438,-161928.816,-53019.442,-162228.805,-52619.426,-161928.804,-52619.430,地籍図,法第14条1項地図,P-F,,,,,,
46201-3400-297.zip,G1  25,1000,false,-162228.805,-52619.426,-161928.804,-52619.430,-162228.798,-52219.410,-161928.797,-52219.412,地籍図,法第14条1項地図,P-F,,,,,,
46201-3400-297.zip,G1  33,1000,false,-162528.833,-53419.444,-162228.829,-53419.449,-162528.822,-53019.433,-162228.817,-53019.438,地籍図,法第14条1項地図,P-F,,,,,,
46201-3400-297.zip,G1  34,1000,false,-162528.822,-53019.433,-162228.817,-53019.438,-162528.812,-52619.422,-162228.805,-52619.426,地籍図,法第14条1項地図,P-F,,,,,,
46201-3400-297.zip,G1  35,1000,false,-162528.812,-52619.422,-162228.805,-52619.426,-162528.805,-52219.406,-162228.798,-52219.410,地籍図,法第14条1項地図,P-F,,,,,,
46201-3400-297.zip,G1  44,1000,false,-162828.828,-53019.428,-162528.822,-53019.433,-162828.819,-52619.417,-162528.812,-52619.422,地籍図,法第14条1項地図,P-F,,,,,,
46201-3400-297.zip,G1  45,1000,false,-162828.819,-52619.417,-162528.812,-52619.422,-162828.812,-52219.402,-162528.805,-52219.406,地籍図,法第14条1項地図,P-F,,,,,,
46201-3400-297.zip,H1  11,1000,false,-161928.797,-52219.412,-161628.801,-52219.414,-161928.793,-51819.390,-161628.794,-51819.391,地籍図,法第14条1項地図,P-F,,,,,,
46201-3400-297.zip,H1  12,1000,false,-161928.793,-51819.390,-161628.794,-51819.391,-161928.789,-51419.368,-161628.788,-51419.368,地籍図,法第14条1項地図,P-F,,,,,,
46201-3400-297.zip,H1  21,1000,false,-162228.798,-52219.410,-161928.797,-52219.412,-162228.795,-51819.389,-161928.793,-51819.390,地籍図,法第14条1項地図,P-F,,,,,,
46201-3400-297.zip,H1  22,1000,false,-162228.795,-51819.389,-161928.793,-51819.390,-162228.792,-51419.368,-161928.789,-51419.368,地籍図,法第14条1項地図,P-F,,,,,,
46201-3400-297.zip,H1  31,1000,false,-162528.805,-52219.406,-162228.798,-52219.410,-162528.801,-51819.387,-162228.795,-51819.389,地籍図,法第14条1項地図,P-F,,,,,,
46201-3400-297.zip,E1  41,1000,false,-161328.804,-52219.417,-161028.810,-52219.419,-161328.796,-51819.393,-161028.799,-51819.394,地籍図,法第14条1項地図,P-F,,,,,,
46201-3400-297.zip,E1  42,1000,false,-161328.796,-51819.393,-161028.799,-51819.394,-161328.788,-51419.369,-161028.789,-51419.369,地籍図,法第14条1項地図,P-F,,,,,,
46201-3400-297.zip,E1  51,1000,false,-161628.801,-52219.414,-161328.804,-52219.417,-161628.794,-51819.391,-161328.796,-51819.393,地籍図,法第14条1項地図,P-F,,,,,,
46201-3400-297.zip,C1  54,1000,false,-161628.865,-55019.488,-161328.863,-55019.495,-161628.858,-54619.482,-161328.855,-54619.489,地籍図,法第14条1項地図,P-F,,,,,,
46201-3400-297.zip,C1  55,1000,false,-161628.858,-54619.482,-161328.855,-54619.489,-161628.848,-54219.476,-161328.847,-54219.482,地籍図,法第14条1項地図,P-F,,,,,,
46201-3400-297.zip,D1  14,1000,false,-160428.838,-53019.463,-160128.844,-53019.467,-160428.833,-52619.448,-160128.841,-52619.453,地籍図,法第14条1項地図,P-F,,,,,,
46201-3400-297.zip,D1  15,1000,false,-160428.833,-52619.448,-160128.841,-52619.453,-160428.823,-52219.426,-160128.830,-52219.430,地籍図,法第14条1項地図,P-F,,,,,,
46201-3400-297.zip,D1  23,1000,false,-160728.838,-53419.473,-160428.843,-53419.478,-160728.832,-53019.459,-160428.838,-53019.463,地籍図,法第14条1項地図,P-F,,,,,,
46201-3400-297.zip,D1  24,1000,false,-160728.832,-53019.459,-160428.838,-53019.463,-160728.826,-52619.444,-160428.833,-52619.448,地籍図,法第14条1項地図,P-F,,,,,,
46201-3400-297.zip,D1  25,1000,false,-160728.826,-52619.444,-160428.833,-52619.448,-160728.816,-52219.423,-160428.823,-52219.426,地籍図,法第14条1項地図,P-F,,,,,,
46201-3400-297.zip,D1  31,1000,false,-161028.848,-54219.488,-160728.850,-54219.492,-161028.841,-53819.480,-160728.844,-53819.485,地籍図,法第14条1項地図,P-F,,,,,,
46201-3400-297.zip,D1  32,1000,false,-161028.841,-53819.480,-160728.844,-53819.485,-161028.834,-53419.469,-160728.838,-53419.473,地籍図,法第14条1項地図,P-F,,,,,,
46201-3400-297.zip,D1  33,1000,false,-161028.834,-53419.469,-160728.838,-53419.473,-161028.826,-53019.454,-160728.832,-53019.459,地籍図,法第14条1項地図,P-F,,,,,,
46201-3400-297.zip,D1  34,1000,false,-161028.826,-53019.454,-160728.832,-53019.459,-161028.819,-52619.440,-160728.826,-52619.444,地籍図,法第14条1項地図,P-F,,,,,,
46201-3400-297.zip,D1  35,1000,false,-161028.819,-52619.440,-160728.826,-52619.444,-161028.810,-52219.419,-160728.816,-52219.423,地籍図,法第14条1項地図,P-F,,,,,,
46201-3400-297.zip,D1  41,1000,false,-161328.847,-54219.482,-161028.848,-54219.488,-161328.839,-53819.475,-161028.841,-53819.480,地籍図,法第14条1項地図,P-F,,,,,,
46201-3400-297.zip,D1  42,1000,false,-161328.839,-53819.475,-161028.841,-53819.480,-161328.830,-53419.464,-161028.834,-53419.469,地籍図,法第14条1項地図,P-F,,,,,,
46201-3400-297.zip,D1  43,1000,false,-161328.830,-53419.464,-161028.834,-53419.469,-161328.822,-53019.450,-161028.826,-53019.454,地籍図,法第14条1項地図,P-F,,,,,,
46201-3400-297.zip,D1  44,1000,false,-161328.822,-53019.450,-161028.826,-53019.454,-161328.813,-52619.436,-161028.819,-52619.440,地籍図,法第14条1項地図,P-F,,,,,,
46201-3400-297.zip,D1  45,1000,false,-161328.813,-52619.436,-161028.819,-52619.440,-161328.804,-52219.417,-161028.810,-52219.419,地籍図,法第14条1項地図,P-F,,,,,,
46201-3400-297.zip,D1  51,1000,false,-161628.848,-54219.476,-161328.847,-54219.482,-161628.839,-53819.469,-161328.839,-53819.475,地籍図,法第14条1項地図,P-F,,,,,,
46201-3400-297.zip,D1  52,1000,false,-161628.839,-53819.469,-161328.839,-53819.475,-161628.829,-53419.459,-161328.830,-53419.464,地籍図,法第14条1項地図,P-F,,,,,,
46201-3400-297.zip,D1  53,1000,false,-161628.829,-53419.459,-161328.830,-53419.464,-161628.819,-53019.446,-161328.822,-53019.450,地籍図,法第14条1項地図,P-F,,,,,,
46201-3400-297.zip,D1  54,1000,false,-161628.819,-53019.446,-161328.822,-53019.450,-161628.809,-52619.433,-161328.813,-52619.436,地籍図,法第14条1項地図,P-F,,,,,,
46201-3400-297.zip,D1  55,1000,false,-161628.809,-52619.433,-161328.813,-52619.436,-161628.801,-52219.414,-161328.804,-52219.417,地籍図,法第14条1項地図,P-F,,,,,,
46201-3400-297.zip,E1  21,1000,false,-160728.816,-52219.423,-160428.823,-52219.426,-160728.804,-51819.396,-160428.808,-51819.398,地籍図,法第14条1項地図,P-F,,,,,,
46201-3400-297.zip,C1  34,1000,false,-161028.862,-55019.501,-160728.862,-55019.506,-161028.855,-54619.495,-160728.856,-54619.500,地籍図,法第14条1項地図,P-F,,,,,,
46201-3400-297.zip,C1  35,1000,false,-161028.855,-54619.495,-160728.856,-54619.500,-161028.848,-54219.488,-160728.850,-54219.492,地籍図,法第14条1項地図,P-F,,,,,,
46201-3400-297.zip,E1  31,1000,false,-161028.810,-52219.419,-160728.816,-52219.423,-161028.799,-51819.394,-160728.804,-51819.396,地籍図,法第14条1項地図,P-F,,,,,,
46201-3400-297.zip,C1  44,1000,false,-161328.863,-55019.495,-161028.862,-55019.501,-161328.855,-54619.489,-161028.855,-54619.495,地籍図,法第14条1項地図,P-F,,,,,,
46201-3400-297.zip,C1  45,1000,false,-161328.855,-54619.489,-161028.855,-54619.495,-161328.847,-54219.482,-161028.848,-54219.488,地籍図,法第14条1項地図,P-F,,,,,,
46201-3400-297.zip,E1  32,1000,false,-161028.799,-51819.394,-160728.804,-51819.396,-161028.789,-51419.369,-160728.791,-51419.369,地籍図,法第14条1項地図,P-F,,,,,,
46201-3400-298.zip,E   54,1000,false,-154128.712,-53019.528,-153828.705,-53019.537,-154128.703,-52619.499,-153828.698,-52619.509,地籍図,法第14条1項地図,P-F,,,,,,
46201-3400-298.zip,F   21,1000,false,-153228.697,-52219.502,-152928.696,-52219.511,-153228.711,-51819.488,-152928.713,-51819.499,地籍図,法第14条1項地図,P-F,,,,,,
46201-3400-298.zip,F   31,1000,false,-153528.697,-52219.494,-153228.697,-52219.502,-153528.708,-51819.477,-153228.711,-51819.488,地籍図,法第14条1項地図,P-F,,,,,,
46201-3400-298.zip,E   34,1000,false,-153528.700,-53019.544,-153228.696,-53019.550,-153528.695,-52619.516,-153228.692,-52619.524,地籍図,法第14条1項地図,P-F,,,,,,
46201-3400-298.zip,E   35,1000,false,-153528.695,-52619.516,-153228.692,-52619.524,-153528.697,-52219.494,-153228.697,-52219.502,地籍図,法第14条1項地図,P-F,,,,,,
46201-3400-298.zip,E   41,1000,false,-153828.732,-54219.617,-153528.717,-54219.623,-153828.721,-53819.591,-153528.711,-53819.598,地籍図,法第14条1項地図,P-F,,,,,,
46201-3400-298.zip,B   41,1000,false,-152328.697,-54219.646,-152028.704,-54219.651,-152328.696,-53819.622,-152028.700,-53819.628,地籍図,法第14条1項地図,P-F,,,,,,
46201-3400-298.zip,E   42,1000,false,-153828.721,-53819.591,-153528.711,-53819.598,-153828.712,-53419.565,-153528.705,-53419.571,地籍図,法第14条1項地図,P-F,,,,,,
46201-3400-298.zip,E   43,1000,false,-153828.712,-53419.565,-153528.705,-53419.571,-153828.705,-53019.537,-153528.700,-53019.544,地籍図,法第14条1項地図,P-F,,,,,,
46201-3400-298.zip,E   44,1000,false,-153828.705,-53019.537,-153528.700,-53019.544,-153828.698,-52619.509,-153528.695,-52619.516,地籍図,法第14条1項地図,P-F,,,,,,
46201-3400-298.zip,E   45,1000,false,-153828.698,-52619.509,-153528.695,-52619.516,-153828.698,-52219.485,-153528.697,-52219.494,地籍図,法第14条1項地図,P-F,,,,,,
46201-3400-298.zip,B   42,1000,false,-152328.696,-53819.622,-152028.700,-53819.628,-152328.693,-53419.597,-152028.694,-53419.603,地籍図,法第14条1項地図,P-F,,,,,,
46201-3400-298.zip,B   43,1000,false,-152328.693,-53419.597,-152028.694,-53419.603,-152328.687,-53019.569,-152028.686,-53019.576,地籍図,法第14条1項地図,P-F,,,,,,
46201-3400-298.zip,B   51,1000,false,-152628.690,-54219.641,-152328.697,-54219.646,-152628.692,-53819.616,-152328.696,-53819.622,地籍図,法第14条1項地図,P-F,,,,,,
46201-3400-298.zip,B   52,1000,false,-152628.692,-53819.616,-152328.696,-53819.622,-152628.692,-53419.590,-152328.693,-53419.597,地籍図,法第14条1項地図,P-F,,,,,,
46201-3400-298.zip,B   53,1000,false,-152628.692,-53419.590,-152328.693,-53419.597,-152628.689,-53019.563,-152328.687,-53019.569,地籍図,法第14条1項地図,P-F,,,,,,
46201-3400-298.zip,B   54,1000,false,-152628.689,-53019.563,-152328.687,-53019.569,-152628.686,-52619.537,-152328.682,-52619.542,地籍図,法第14条1項地図,P-F,,,,,,
46201-3400-298.zip,D   14,1000,false,-152928.700,-55019.676,-152628.702,-55019.680,-152928.685,-54619.663,-152628.688,-54619.667,地籍図,法第14条1項地図,P-F,,,,,,
46201-3400-298.zip,D   15,1000,false,-152928.685,-54619.663,-152628.688,-54619.667,-152928.688,-54219.636,-152628.690,-54219.641,地籍図,法第14条1項地図,P-F,,,,,,
46201-3400-298.zip,D   24,1000,false,-153228.718,-55019.670,-152928.700,-55019.676,-153228.704,-54619.656,-152928.685,-54619.663,地籍図,法第14条1項地図,P-F,,,,,,
46201-3400-298.zip,A   45,1000,false,-152328.698,-54619.670,-152028.709,-54619.673,-152328.697,-54219.646,-152028.704,-54219.651,地籍図,法第14条1項地図,P-F,,,,,,
46201-3400-298.zip,A   54,1000,false,-152628.702,-55019.680,-152328.712,-55019.683,-152628.688,-54619.667,-152328.698,-54619.670,地籍図,法第14条1項地図,P-F,,,,,,
46201-3400-298.zip,A   55,1000,false,-152628.688,-54619.667,-152328.698,-54619.670,-152628.690,-54219.641,-152328.697,-54219.646,地籍図,法第14条1項地図,P-F,,,,,,
46201-3400-298.zip,B   33,1000,false,-152028.694,-53419.603,-151728.704,-53419.612,-152028.686,-53019.576,-151728.697,-53019.585,地籍図,法第14条1項地図,P-F,,,,,,
46201-3400-298.zip,D   25,1000,false,-153228.704,-54619.656,-152928.685,-54619.663,-153228.703,-54219.630,-152928.688,-54219.636,地籍図,法第14条1項地図,P-F,,,,,,
46201-3400-298.zip,D   34,1000,false,-153528.736,-55019.663,-153228.718,-55019.670,-153528.724,-54619.649,-153228.704,-54619.656,地籍図,法第14条1項地図,P-F,,,,,,
46201-3400-298.zip,D   35,1000,false,-153528.724,-54619.649,-153228.704,-54619.656,-153528.717,-54219.623,-153228.703,-54219.630,地籍図,法第14条1項地図,P-F,,,,,,
46201-3400-298.zip,E   11,1000,false,-152928.688,-54219.636,-152628.690,-54219.641,-152928.691,-53819.610,-152628.692,-53819.616,地籍図,法第14条1項地図,P-F,,,,,,
46201-3400-298.zip,E   12,1000,false,-152928.691,-53819.610,-152628.692,-53819.616,-152928.693,-53419.583,-152628.692,-53419.590,地籍図,法第14条1項地図,P-F,,,,,,
46201-3400-298.zip,E   22,1000,false,-153228.701,-53819.604,-152928.691,-53819.610,-153228.699,-53419.577,-152928.693,-53419.583,地籍図,法第14条1項地図,P-F,,,,,,
46201-3400-298.zip,E   23,1000,false,-153228.699,-53419.577,-152928.693,-53419.583,-153228.696,-53019.550,-152928.691,-53019.557,地籍図,法第14条1項地図,P-F,,,,,,
46201-3400-298.zip,E   24,1000,false,-153228.696,-53019.550,-152928.691,-53019.557,-153228.692,-52619.524,-152928.689,-52619.531,地籍図,法第14条1項地図,P-F,,,,,,
46201-3400-298.zip,E   25,1000,false,-153228.692,-52619.524,-152928.689,-52619.531,-153228.697,-52219.502,-152928.696,-52219.511,地籍図,法第14条1項地図,P-F,,,,,,
46201-3400-298.zip,E   31,1000,false,-153528.717,-54219.623,-153228.703,-54219.630,-153528.711,-53819.598,-153228.701,-53819.604,地籍図,法第14条1項地図,P-F,,,,,,
46201-3400-298.zip,E   32,1000,false,-153528.711,-53819.598,-153228.701,-53819.604,-153528.705,-53419.571,-153228.699,-53419.577,地籍図,法第14条1項地図,P-F,,,,,,
46201-3400-298.zip,E   33,1000,false,-153528.705,-53419.571,-153228.699,-53419.577,-153528.700,-53019.544,-153228.696,-53019.550,地籍図,法第14条1項地図,P-F,,,,,,
46201-3400-298.zip,E   13,1000,false,-152928.693,-53419.583,-152628.692,-53419.590,-152928.691,-53019.557,-152628.689,-53019.563,地籍図,法第14条1項地図,P-F,,,,,,
46201-3400-298.zip,E   14,1000,false,-152928.691,-53019.557,-152628.689,-53019.563,-152928.689,-52619.531,-152628.686,-52619.537,地籍図,法第14条1項地図,P-F,,,,,,
46201-3400-298.zip,E   21,1000,false,-153228.703,-54219.630,-152928.688,-54219.636,-153228.701,-53819.604,-152928.691,-53819.610,地籍図,法第14条1項地図,P-F,,,,,,
46201-3400-299.zip,J   23-2,500,false,-154578.730,-53219.529,-154428.726,-53219.534,-154578.723,-53019.514,-154428.720,-53019.519,地籍図,法第14条1項地図,P-F,,,,,,
46201-3400-299.zip,J   24-1,500,false,-154578.723,-53019.514,-154428.720,-53019.519,-154578.717,-52819.499,-154428.714,-52819.503,地籍図,法第14条1項地図,P-F,,,,,,
46201-3400-299.zip,J   24-2,500,false,-154578.717,-52819.499,-154428.714,-52819.503,-154578.710,-52619.483,-154428.708,-52619.488,地籍図,法第14条1項地図,P-F,,,,,,
46201-3400-299.zip,J   24-3,500,false,-154728.727,-53019.509,-154578.723,-53019.514,-154728.720,-52819.494,-154578.717,-52819.499,地籍図,法第14条1項地図,P-F,,,,,,
46201-3400-299.zip,J   24-4,500,false,-154728.720,-52819.494,-154578.717,-52819.499,-154728.713,-52619.478,-154578.710,-52619.483,地籍図,法第14条1項地図,P-F,,,,,,
46201-3400-299.zip,J   25-1,500,false,-154578.710,-52619.483,-154428.708,-52619.488,-154578.704,-52419.468,-154428.702,-52419.473,地籍図,法第14条1項地図,P-F,,,,,,
46201-3400-299.zip,J   25-3,500,false,-154728.713,-52619.478,-154578.710,-52619.483,-154728.706,-52419.463,-154578.704,-52419.468,地籍図,法第14条1項地図,P-F,,,,,,
46201-3400-299.zip,J   34-2,500,false,-154878.722,-52819.489,-154728.720,-52819.494,-154878.715,-52619.474,-154728.713,-52619.478,地籍図,法第14条1項地図,P-F,,,,,,
46201-3400-299.zip,J   35-1,500,false,-154878.715,-52619.474,-154728.713,-52619.478,-154878.707,-52419.458,-154728.706,-52419.463,地籍図,法第14条1項地図,P-F,,,,,,
46201-3400-299.zip,J   13-1,500,false,-154278.727,-53419.553,-154128.722,-53419.557,-154278.721,-53219.538,-154128.717,-53219.542,地籍図,法第14条1項地図,P-F,,,,,,
46201-3400-299.zip,J   13-2,500,false,-154278.721,-53219.538,-154128.717,-53219.542,-154278.716,-53019.523,-154128.712,-53019.528,地籍図,法第14条1項地図,P-F,,,,,,
46201-3400-299.zip,J   13-3,500,false,-154428.731,-53419.549,-154278.727,-53419.553,-154428.726,-53219.534,-154278.721,-53219.538,地籍図,法第14条1項地図,P-F,,,,,,
46201-3400-299.zip,J   13-4,500,false,-154428.726,-53219.534,-154278.721,-53219.538,-154428.720,-53019.519,-154278.716,-53019.523,地籍図,法第14条1項地図,P-F,,,,,,
46201-3400-299.zip,J   14-1,500,false,-154278.716,-53019.523,-154128.712,-53019.528,-154278.711,-52819.508,-154128.708,-52819.513,地籍図,法第14条1項地図,P-F,,,,,,
46201-3400-299.zip,J   14-2,500,false,-154278.711,-52819.508,-154128.708,-52819.513,-154278.706,-52619.493,-154128.703,-52619.499,地籍図,法第14条1項地図,P-F,,,,,,
46201-3400-299.zip,J   14-3,500,false,-154428.720,-53019.519,-154278.716,-53019.523,-154428.714,-52819.503,-154278.711,-52819.508,地籍図,法第14条1項地図,P-F,,,,,,
46201-3400-299.zip,J   14-4,500,false,-154428.714,-52819.503,-154278.711,-52819.508,-154428.708,-52619.488,-154278.706,-52619.493,地籍図,法第14条1項地図,P-F,,,,,,
46201-3400-299.zip,E   43-2,500,false,-153678.705,-53219.554,-153528.703,-53219.557,-153678.702,-53019.540,-153528.700,-53019.544,地籍図,法第14条1項地図,P-F,,,,,,
46201-3400-299.zip,E   43-3,500,false,-153828.712,-53419.565,-153678.708,-53419.568,-153828.708,-53219.551,-153678.705,-53219.554,地籍図,法第14条1項地図,P-F,,,,,,
46201-3400-299.zip,E   43-4,500,false,-153828.708,-53219.551,-153678.705,-53219.554,-153828.705,-53019.537,-153678.702,-53019.540,地籍図,法第14条1項地図,P-F,,,,,,
46201-3400-299.zip,E   44-1,500,false,-153678.702,-53019.540,-153528.700,-53019.544,-153678.700,-52819.527,-153528.698,-52819.530,地籍図,法第14条1項地図,P-F,,,,,,
46201-3400-299.zip,E   44-3,500,false,-153828.705,-53019.537,-153678.702,-53019.540,-153828.702,-52819.523,-153678.700,-52819.527,地籍図,法第14条1項地図,P-F,,,,,,
46201-3400-299.zip,E   51-1,500,false,-153978.742,-54219.614,-153828.732,-54219.617,-153978.735,-54019.601,-153828.727,-54019.604,地籍図,法第14条1項地図,P-F,,,,,,
46201-3400-299.zip,E   51-2,500,false,-153978.735,-54019.601,-153828.727,-54019.604,-153978.728,-53819.588,-153828.721,-53819.591,地籍図,法第14条1項地図,P-F,,,,,,
46201-3400-299.zip,E   51-3,500,false,-154128.752,-54219.610,-153978.742,-54219.614,-154128.743,-54019.597,-153978.735,-54019.601,地籍図,法第14条1項地図,P-F,,,,,,
46201-3400-299.zip,E   51-4,500,false,-154128.743,-54019.597,-153978.735,-54019.601,-154128.735,-53819.584,-153978.728,-53819.588,地籍図,法第14条1項地図,P-F,,,,,,
46201-3400-299.zip,E   31-1,500,false,-153378.710,-54219.627,-153228.703,-54219.630,-153378.708,-54019.614,-153228.702,-54019.617,地籍図,法第14条1項地図,P-F,,,,,,
46201-3400-299.zip,E   31-2,500,false,-153378.708,-54019.614,-153228.702,-54019.617,-153378.706,-53819.601,-153228.701,-53819.604,地籍図,法第14条1項地図,P-F,,,,,,
46201-3400-299.zip,E   31-3,500,false,-153528.717,-54219.623,-153378.710,-54219.627,-153528.714,-54019.610,-153378.708,-54019.614,地籍図,法第14条1項地図,P-F,,,,,,
46201-3400-299.zip,E   31-4,500,false,-153528.714,-54019.610,-153378.708,-54019.614,-153528.711,-53819.598,-153378.706,-53819.601,地籍図,法第14条1項地図,P-F,,,,,,
46201-3400-299.zip,E   32-4,500,false,-153528.708,-53619.585,-153378.704,-53619.588,-153528.705,-53419.571,-153378.702,-53419.574,地籍図,法第14条1項地図,P-F,,,,,,
46201-3400-299.zip,E   33-3,500,false,-153528.705,-53419.571,-153378.702,-53419.574,-153528.703,-53219.557,-153378.700,-53219.561,地籍図,法第14条1項地図,P-F,,,,,,
46201-3400-299.zip,D   24-4,500,false,-153228.707,-54819.667,-153078.697,-54819.670,-153228.704,-54619.656,-153078.694,-54619.659,地籍図,法第14条1項地図,P-F,,,,,,
46201-3400-299.zip,D   25-3,500,false,-153228.704,-54619.656,-153078.694,-54619.659,-153228.703,-54419.643,-153078.695,-54419.646,地籍図,法第14条1項地図,P-F,,,,,,
46201-3400-299.zip,D   25-4,500,false,-153228.703,-54419.643,-153078.695,-54419.646,-153228.703,-54219.630,-153078.695,-54219.633,地籍図,法第14条1項地図,P-F,,,,,,
46201-3400-299.zip,D   34-1,500,false,-153378.727,-55019.666,-153228.718,-55019.670,-153378.718,-54819.663,-153228.707,-54819.667,地籍図,法第14条1項地図,P-F,,,,,,
46201-3400-299.zip,E   41-1,500,false,-153678.724,-54219.620,-153528.717,-54219.623,-153678.720,-54019.607,-153528.714,-54019.610,地籍図,法第14条1項地図,P-F,,,,,,
46201-3400-299.zip,E   41-2,500,false,-153678.720,-54019.607,-153528.714,-54019.610,-153678.716,-53819.595,-153528.711,-53819.598,地籍図,法第14条1項地図,P-F,,,,,,
46201-3400-299.zip,E   41-3,500,false,-153828.732,-54219.617,-153678.724,-54219.620,-153828.727,-54019.604,-153678.720,-54019.607,地籍図,法第14条1項地図,P-F,,,,,,
46201-3400-299.zip,E   41-4,500,false,-153828.727,-54019.604,-153678.720,-54019.607,-153828.721,-53819.591,-153678.716,-53819.595,地籍図,法第14条1項地図,P-F,,,,,,
46201-3400-299.zip,E   42-1,500,false,-153678.716,-53819.595,-153528.711,-53819.598,-153678.711,-53619.582,-153528.708,-53619.585,地籍図,法第14条1項地図,P-F,,,,,,
46201-3400-299.zip,D   45-4,500,false,-153828.738,-54419.630,-153678.729,-54419.633,-153828.732,-54219.617,-153678.724,-54219.620,地籍図,法第14条1項地図,P-F,,,,,,
46201-3400-299.zip,D   55-1,500,false,-153978.756,-54619.640,-153828.744,-54619.642,-153978.749,-54419.627,-153828.738,-54419.630,地籍図,法第14条1項地図,P-F,,,,,,
46201-3400-299.zip,D   55-2,500,false,-153978.749,-54419.627,-153828.738,-54419.630,-153978.742,-54219.614,-153828.732,-54219.617,地籍図,法第14条1項地図,P-F,,,,,,
46201-3400-299.zip,D   55-4,500,false,-154128.760,-54419.624,-153978.749,-54419.627,-154128.752,-54219.610,-153978.742,-54219.614,地籍図,法第14条1項地図,P-F,,,,,,
46201-3400-299.zip,E   53-1,500,false,-153978.717,-53419.561,-153828.712,-53419.565,-153978.713,-53219.546,-153828.708,-53219.551,地籍図,法第14条1項地図,P-F,,,,,,
46201-3400-299.zip,E   53-2,500,false,-153978.713,-53219.546,-153828.708,-53219.551,-153978.709,-53019.532,-153828.705,-53019.537,地籍図,法第14条1項地図,P-F,,,,,,
46201-3400-299.zip,E   53-3,500,false,-154128.722,-53419.557,-153978.717,-53419.561,-154128.717,-53219.542,-153978.713,-53219.546,地籍図,法第14条1項地図,P-F,,,,,,
46201-3400-299.zip,E   53-4,500,false,-154128.717,-53219.542,-153978.713,-53219.546,-154128.712,-53019.528,-153978.709,-53019.532,地籍図,法第14条1項地図,P-F,,,,,,
46201-3400-299.zip,E   54-1,500,false,-153978.709,-53019.532,-153828.705,-53019.537,-153978.705,-52819.518,-153828.702,-52819.523,地籍図,法第14条1項地図,P-F,,,,,,
46201-3400-299.zip,E   54-2,500,false,-153978.705,-52819.518,-153828.702,-52819.523,-153978.701,-52619.504,-153828.698,-52619.509,地籍図,法第14条1項地図,P-F,,,,,,
46201-3400-299.zip,E   54-3,500,false,-154128.712,-53019.528,-153978.709,-53019.532,-154128.708,-52819.513,-153978.705,-52819.518,地籍図,法第14条1項地図,P-F,,,,,,
46201-3400-299.zip,E   54-4,500,false,-154128.708,-52819.513,-153978.705,-52819.518,-154128.703,-52619.499,-153978.701,-52619.504,地籍図,法第14条1項地図,P-F,,,,,,
46201-3400-299.zip,J   12-1,500,false,-154278.742,-53819.581,-154128.735,-53819.584,-154278.733,-53619.567,-154128.727,-53619.571,地籍図,法第14条1項地図,P-F,,,,,,
46201-3400-299.zip,J   12-2,500,false,-154278.733,-53619.567,-154128.727,-53619.571,-154278.727,-53419.553,-154128.722,-53419.557,地籍図,法第14条1項地図,P-F,,,,,,
46201-3400-299.zip,J   12-4,500,false,-154428.738,-53619.564,-154278.733,-53619.567,-154428.731,-53419.549,-154278.727,-53419.553,地籍図,法第14条1項地図,P-F,,,,,,
46201-3400-299.zip,E   42-2,500,false,-153678.711,-53619.582,-153528.708,-53619.585,-153678.708,-53419.568,-153528.705,-53419.571,地籍図,法第14条1項地図,P-F,,,,,,
46201-3400-299.zip,E   42-3,500,false,-153828.721,-53819.591,-153678.716,-53819.595,-153828.716,-53619.579,-153678.711,-53619.582,地籍図,法第14条1項地図,P-F,,,,,,
46201-3400-299.zip,E   42-4,500,false,-153828.716,-53619.579,-153678.711,-53619.582,-153828.712,-53419.565,-153678.708,-53419.568,地籍図,法第14条1項地図,P-F,,,,,,
46201-3400-299.zip,E   43-1,500,false,-153678.708,-53419.568,-153528.705,-53419.571,-153678.705,-53219.554,-153528.703,-53219.557,地籍図,法第14条1項地図,P-F,,,,,,
46201-3400-299.zip,D   34-2,500,false,-153378.718,-54819.663,-153228.707,-54819.667,-153378.714,-54619.653,-153228.704,-54619.656,地籍図,法第14条1項地図,P-F,,,,,,
46201-3400-299.zip,D   34-4,500,false,-153528.728,-54819.660,-153378.718,-54819.663,-153528.724,-54619.649,-153378.714,-54619.653,地籍図,法第14条1項地図,P-F,,,,,,
46201-3400-299.zip,D   35-1,500,false,-153378.714,-54619.653,-153228.704,-54619.656,-153378.712,-54419.640,-153228.703,-54419.643,地籍図,法第14条1項地図,P-F,,,,,,
46201-3400-299.zip,D   35-2,500,false,-153378.712,-54419.640,-153228.703,-54419.643,-153378.710,-54219.627,-153228.703,-54219.630,地籍図,法第14条1項地図,P-F,,,,,,
46201-3400-299.zip,D   35-3,500,false,-153528.724,-54619.649,-153378.714,-54619.653,-153528.720,-54419.636,-153378.712,-54419.640,地籍図,法第14条1項地図,P-F,,,,,,
46201-3400-299.zip,D   35-4,500,false,-153528.720,-54419.636,-153378.712,-54419.640,-153528.717,-54219.623,-153378.710,-54219.627,地籍図,法第14条1項地図,P-F,,,,,,
46201-3400-299.zip,D   45-1,500,false,-153678.733,-54619.646,-153528.724,-54619.649,-153678.729,-54419.633,-153528.720,-54419.636,地籍図,法第14条1項地図,P-F,,,,,,
46201-3400-299.zip,D   45-2,500,false,-153678.729,-54419.633,-153528.720,-54419.636,-153678.724,-54219.620,-153528.717,-54219.623,地籍図,法第14条1項地図,P-F,,,,,,
46201-3400-299.zip,D   45-3,500,false,-153828.744,-54619.642,-153678.733,-54619.646,-153828.738,-54419.630,-153678.729,-54419.633,地籍図,法第14条1項地図,P-F,,,,,,
46201-3400-299.zip,E   52-1,500,false,-153978.728,-53819.588,-153828.721,-53819.591,-153978.721,-53619.575,-153828.716,-53619.579,地籍図,法第14条1項地図,P-F,,,,,,
46201-3400-299.zip,E   52-2,500,false,-153978.721,-53619.575,-153828.716,-53619.579,-153978.717,-53419.561,-153828.712,-53419.565,地籍図,法第14条1項地図,P-F,,,,,,
46201-3400-299.zip,E   52-3,500,false,-154128.735,-53819.584,-153978.728,-53819.588,-154128.727,-53619.571,-153978.721,-53619.575,地籍図,法第14条1項地図,P-F,,,,,,
46201-3400-299.zip,E   52-4,500,false,-154128.727,-53619.571,-153978.721,-53619.575,-154128.722,-53419.557,-153978.717,-53419.561,地籍図,法第14条1項地図,P-F,,,,,,
46201-3400-3.zip,D1  53-2,500,false,-150978.783,-43219.509,-150828.781,-43219.510,-150978.786,-43019.508,-150828.784,-43019.509,土地改良所在図,法第14条1項地図,P-F,,,,,,
46201-3400-3.zip,D1  53-4,500,false,-151128.786,-43219.508,-150978.783,-43219.509,-151128.788,-43019.507,-150978.786,-43019.508,土地改良所在図,法第14条1項地図,P-F,,,,,,
46201-3400-3.zip,D1  54-3,500,false,-151128.788,-43019.507,-150978.786,-43019.508,-151128.791,-42819.505,-150978.789,-42819.506,土地改良所在図,法第14条1項地図,P-F,,,,,,
46201-3400-3.zip,M1  14-1,500,false,-151278.790,-43019.506,-151128.788,-43019.507,-151278.793,-42819.504,-151128.791,-42819.505,土地改良所在図,法第14条1項地図,P-F,,,,,,
46201-3400-3.zip,D1  53-1,500,false,-150978.781,-43419.510,-150828.778,-43419.512,-150978.783,-43219.509,-150828.781,-43219.510,土地改良所在図,法第14条1項地図,P-F,,,,,,
46201-3400-3.zip,D1  53-3,500,false,-151128.784,-43419.509,-150978.781,-43419.510,-151128.786,-43219.508,-150978.783,-43219.509,土地改良所在図,法第14条1項地図,P-F,,,,,,
46201-3400-3.zip,D1  52-2,500,false,-150978.778,-43619.511,-150828.776,-43619.513,-150978.781,-43419.510,-150828.778,-43419.512,土地改良所在図,法第14条1項地図,P-F,,,,,,
46201-3400-30.zip,078-539,,true,113.586,-48.896,383.789,-47.942,112.367,278.076,382.913,279.107,旧土地台帳附属地図,地図に準ずる図面,P-F,,,,,,
46201-3400-30.zip,078-540B,,true,123.644,333.079,393.811,332.469,124.292,659.977,394.840,659.482,旧土地台帳附属地図,地図に準ずる図面,P-F,,,,,,
46201-3400-30.zip,078-541,,true,-123.066,-151.852,147.063,-151.584,-123.637,175.045,146.987,175.505,旧土地台帳附属地図,地図に準ずる図面,P-F,,,,,,
46201-3400-30.zip,078-542,,true,-35.639,-105.505,234.563,-104.034,-37.638,221.273,232.904,223.052,旧土地台帳附属地図,地図に準ずる図面,P-F,,,,,,
46201-3400-30.zip,078-554,,true,-176.128,-280.500,93.966,-279.459,-177.543,46.438,93.007,47.598,旧土地台帳附属地図,地図に準ずる図面,P-F,,,,,,
46201-3400-30.zip,078-555,,true,-310.924,-271.023,-40.762,-269.181,-313.289,55.753,-42.748,57.790,旧土地台帳附属地図,地図に準ずる図面,P-F,,,,,,
46201-3400-30.zip,078-556,,true,-442.171,-306.871,-172.044,-305.774,-443.687,19.948,-173.180,21.199,旧土地台帳附属地図,地図に準ずる図面,P-F,,,,,,
46201-3400-300.zip,E   24,1000,false,-153228.696,-53019.550,-152928.691,-53019.557,-153228.692,-52619.524,-152928.689,-52619.531,土地改良所在図,法第14条1項地図,P-F,,,,,,
46201-3400-300.zip,E   25,1000,false,-153228.692,-52619.524,-152928.689,-52619.531,-153228.697,-52219.502,-152928.696,-52219.511,土地改良所在図,法第14条1項地図,P-F,,,,,,
46201-3400-300.zip,E   35,1000,false,-153528.695,-52619.516,-153228.692,-52619.524,-153528.697,-52219.494,-153228.697,-52219.502,土地改良所在図,法第14条1項地図,P-F,,,,,,
46201-3400-301.zip,F   51,1000,false,-154128.700,-52219.473,-153828.698,-52219.485,-154128.703,-51819.452,-153828.706,-51819.466,土地改良所在図,法第14条1項地図,P-F,,,,,,
46201-3400-301.zip,F   52,1000,false,-154128.703,-51819.452,-153828.706,-51819.466,-154128.707,-51419.431,-153828.714,-51419.447,土地改良所在図,法第14条1項地図,P-F,,,,,,
46201-3400-302.zip,E   15,1000,false,-152928.689,-52619.531,-152628.686,-52619.537,-152928.696,-52219.511,-152628.693,-52219.517,土地改良所在図,法第14条1項地図,P-F,,,,,,
46201-3400-302.zip,F   11,1000,false,-152928.696,-52219.511,-152628.693,-52219.517,-152928.713,-51819.499,-152628.714,-51819.508,土地改良所在図,法第14条1項地図,P-F,,,,,,
46201-3400-302.zip,F   13,1000,false,-152928.730,-51419.487,-152628.735,-51419.498,-152928.749,-51019.478,-152628.758,-51019.492,土地改良所在図,法第14条1項地図,P-F,,,,,,
46201-3400-302.zip,F   23,1000,false,-153228.725,-51419.473,-152928.730,-51419.487,-153228.741,-51019.464,-152928.749,-51019.478,土地改良所在図,法第14条1項地図,P-F,,,,,,
46201-3400-302.zip,B   55,1000,false,-152628.686,-52619.537,-152328.682,-52619.542,-152628.693,-52219.517,-152328.689,-52219.524,土地改良所在図,法第14条1項地図,P-F,,,,,,
46201-3400-302.zip,C   42,1000,false,-152328.715,-51819.516,-152028.715,-51819.525,-152328.740,-51419.509,-152028.745,-51419.520,土地改良所在図,法第14条1項地図,P-F,,,,,,
46201-3400-302.zip,C   43,1000,false,-152328.740,-51419.509,-152028.745,-51419.520,-152328.766,-51019.505,-152028.775,-51019.518,土地改良所在図,法第14条1項地図,P-F,,,,,,
46201-3400-302.zip,C   53,1000,false,-152628.735,-51419.498,-152328.740,-51419.509,-152628.758,-51019.492,-152328.766,-51019.505,土地改良所在図,法第14条1項地図,P-F,,,,,,
46201-3400-303.zip,F   23-4,500,false,-153228.732,-51219.466,-153078.735,-51219.473,-153228.741,-51019.464,-153078.745,-51019.471,土地改良所在図,法第14条1項地図,P-F,,,,,,
46201-3400-303.zip,F   33-1,500,false,-153378.722,-51419.467,-153228.725,-51419.473,-153378.728,-51219.459,-153228.732,-51219.466,土地改良所在図,法第14条1項地図,P-F,,,,,,
46201-3400-303.zip,F   33-2,500,false,-153378.728,-51219.459,-153228.732,-51219.466,-153378.737,-51019.456,-153228.741,-51019.464,土地改良所在図,法第14条1項地図,P-F,,,,,,
46201-3400-303.zip,F   21-1,500,false,-153078.696,-52219.507,-152928.696,-52219.511,-153078.704,-52019.500,-152928.704,-52019.505,土地改良所在図,法第14条1項地図,P-F,,,,,,
46201-3400-303.zip,F   21-2,500,false,-153078.704,-52019.500,-152928.704,-52019.505,-153078.712,-51819.493,-152928.713,-51819.499,土地改良所在図,法第14条1項地図,P-F,,,,,,
46201-3400-303.zip,F   21-4,500,false,-153228.704,-52019.495,-153078.704,-52019.500,-153228.711,-51819.488,-153078.712,-51819.493,土地改良所在図,法第14条1項地図,P-F,,,,,,
46201-3400-303.zip,F   23-3,500,false,-153228.725,-51419.473,-153078.727,-51419.480,-153228.732,-51219.466,-153078.735,-51219.473,土地改良所在図,法第14条1項地図,P-F,,,,,,
46201-3400-304.zip,C   32-2,500,false,-151878.734,-51619.527,-151728.741,-51619.533,-151878.749,-51419.525,-151728.755,-51419.530,土地改良所在図,法第14条1項地図,P-F,,,,,,
46201-3400-304.zip,C   32-3,500,false,-152028.715,-51819.525,-151878.719,-51819.530,-152028.730,-51619.522,-151878.734,-51619.527,土地改良所在図,法第14条1項地図,P-F,,,,,,
46201-3400-304.zip,C   32-4,500,false,-152028.730,-51619.522,-151878.734,-51619.527,-152028.745,-51419.520,-151878.749,-51419.525,土地改良所在図,法第14条1項地図,P-F,,,,,,
46201-3400-304.zip,C   41-1,500,false,-152178.687,-52219.527,-152028.686,-52219.530,-152178.701,-52019.524,-152028.700,-52019.527,土地改良所在図,法第14条1項地図,P-F,,,,,,
46201-3400-304.zip,C   41-2,500,false,-152178.701,-52019.524,-152028.700,-52019.527,-152178.715,-51819.520,-152028.715,-51819.525,土地改良所在図,法第14条1項地図,P-F,,,,,,
46201-3400-304.zip,C   31-2,500,false,-151878.704,-52019.532,-151728.713,-52019.538,-151878.719,-51819.530,-151728.727,-51819.536,土地改良所在図,法第14条1項地図,P-F,,,,,,
46201-3400-304.zip,C   31-3,500,false,-152028.686,-52219.530,-151878.689,-52219.534,-152028.700,-52019.527,-151878.704,-52019.532,土地改良所在図,法第14条1項地図,P-F,,,,,,
46201-3400-304.zip,C   31-4,500,false,-152028.700,-52019.527,-151878.704,-52019.532,-152028.715,-51819.525,-151878.719,-51819.530,土地改良所在図,法第14条1項地図,P-F,,,,,,
46201-3400-304.zip,C   32-1,500,false,-151878.719,-51819.530,-151728.727,-51819.536,-151878.734,-51619.527,-151728.741,-51619.533,土地改良所在図,法第14条1項地図,P-F,,,,,,
46201-3400-305.zip,B   44,1000,false,-152328.687,-53019.569,-152028.686,-53019.576,-152328.682,-52619.542,-152028.678,-52619.548,土地改良所在図,法第14条1項地図,P-F,,,,,,
46201-3400-305.zip,B   45,1000,false,-152328.682,-52619.542,-152028.678,-52619.548,-152328.689,-52219.524,-152028.686,-52219.530,土地改良所在図,法第14条1項地図,P-F,,,,,,
46201-3400-305.zip,C   31,1000,false,-152028.686,-52219.530,-151728.699,-52219.541,-152028.715,-51819.525,-151728.727,-51819.536,土地改良所在図,法第14条1項地図,P-F,,,,,,
46201-3400-305.zip,C   41,1000,false,-152328.689,-52219.524,-152028.686,-52219.530,-152328.715,-51819.516,-152028.715,-51819.525,土地改良所在図,法第14条1項地図,P-F,,,,,,
46201-3400-305.zip,B   33,1000,false,-152028.694,-53419.603,-151728.704,-53419.612,-152028.686,-53019.576,-151728.697,-53019.585,土地改良所在図,法第14条1項地図,P-F,,,,,,
46201-3400-305.zip,B   34,1000,false,-152028.686,-53019.576,-151728.697,-53019.585,-152028.678,-52619.548,-151728.690,-52619.559,土地改良所在図,法第14条1項地図,P-F,,,,,,
46201-3400-305.zip,B   35,1000,false,-152028.678,-52619.548,-151728.690,-52619.559,-152028.686,-52219.530,-151728.699,-52219.541,土地改良所在図,法第14条1項地図,P-F,,,,,,
46201-3400-305.zip,B   43,1000,false,-152328.693,-53419.597,-152028.694,-53419.603,-152328.687,-53019.569,-152028.686,-53019.576,土地改良所在図,法第14条1項地図,P-F,,,,,,
46201-3400-306.zip,B   33,1000,false,-152028.694,-53419.603,-151728.704,-53419.612,-152028.686,-53019.576,-151728.697,-53019.585,土地改良所在図,法第14条1項地図,P-F,,,,,,
46201-3400-307.zip,R   13,1000,false,-157428.851,-57419.593,-157128.846,-57419.599,-157428.854,-57019.591,-157128.849,-57019.597,土地改良所在図,法第14条1項地図,P-F,,,,,,
46201-3400-307.zip,R   23,1000,false,-157728.858,-57419.586,-157428.851,-57419.593,-157728.861,-57019.583,-157428.854,-57019.591,土地改良所在図,法第14条1項地図,P-F,,,,,,
46201-3400-307.zip,R   24,1000,false,-157728.861,-57019.583,-157428.854,-57019.591,-157728.859,-56619.580,-157428.853,-56619.587,土地改良所在図,法第14条1項地図,P-F,,,,,,
46201-3400-308.zip,R   13,1000,false,-157428.851,-57419.593,-157128.846,-57419.599,-157428.854,-57019.591,-157128.849,-57019.597,土地改良所在図,法第14条1項地図,P-F,,,,,,
46201-3400-308.zip,R   14,1000,false,-157428.854,-57019.591,-157128.849,-57019.597,-157428.853,-56619.587,-157128.849,-56619.593,土地改良所在図,法第14条1項地図,P-F,,,,,,
46201-3400-308.zip,R   15,1000,false,-157428.853,-56619.587,-157128.849,-56619.593,-157428.853,-56219.583,-157128.850,-56219.589,土地改良所在図,法第14条1項地図,P-F,,,,,,
46201-3400-308.zip,S   11,1000,false,-157428.853,-56219.583,-157128.850,-56219.589,-157428.851,-55819.576,-157128.848,-55819.583,土地改良所在図,法第14条1項地図,P-F,,,,,,
46201-3400-309.zip,A1  14,1000,false,-158928.842,-53019.476,-158628.830,-53019.472,-158928.840,-52619.461,-158628.825,-52619.454,土地改良所在図,法第14条1項地図,P-F,,,,,,
46201-3400-309.zip,A1  15,1000,false,-158928.840,-52619.461,-158628.825,-52619.454,-158928.827,-52219.434,-158628.812,-52219.426,土地改良所在図,法第14条1項地図,P-F,,,,,,
46201-3400-309.zip,T   54,1000,false,-158628.830,-53019.472,-158328.819,-53019.468,-158628.825,-52619.454,-158328.811,-52619.447,土地改良所在図,法第14条1項地図,P-F,,,,,,
46201-3400-31.zip,062-177,,true,-123.341,-151.758,146.981,-151.908,-122.996,175.104,147.403,175.182,旧土地台帳附属地図,地図に準ずる図面,P-F,,,,,,
46201-3400-310.zip,T   44,1000,false,-158328.819,-53019.468,-158028.809,-53019.466,-158328.811,-52619.447,-158028.799,-52619.442,土地改良所在図,法第14条1項地図,P-F,,,,,,
46201-3400-310.zip,T   54,1000,false,-158628.830,-53019.472,-158328.819,-53019.468,-158628.825,-52619.454,-158328.811,-52619.447,土地改良所在図,法第14条1項地図,P-F,,,,,,
46201-3400-311.zip,M   33,1000,false,-156528.837,-57419.611,-156228.833,-57419.618,-156528.840,-57019.610,-156228.835,-57019.618,土地改良所在図,法第14条1項地図,P-F,,,,,,
46201-3400-311.zip,M   41,1000,false,-156828.834,-58219.603,-156528.830,-58219.608,-156828.838,-57819.604,-156528.834,-57819.610,土地改良所在図,法第14条1項地図,P-F,,,,,,
46201-3400-311.zip,M   42,1000,false,-156828.838,-57819.604,-156528.834,-57819.610,-156828.842,-57419.605,-156528.837,-57419.611,土地改良所在図,法第14条1項地図,P-F,,,,,,
46201-3400-311.zip,M   22,1000,false,-156228.830,-57819.616,-155928.826,-57819.622,-156228.833,-57419.618,-155928.829,-57419.624,土地改良所在図,法第14条1項地図,P-F,,,,,,
46201-3400-311.zip,M   23,1000,false,-156228.833,-57419.618,-155928.829,-57419.624,-156228.835,-57019.618,-155928.831,-57019.625,土地改良所在図,法第14条1項地図,P-F,,,,,,
46201-3400-311.zip,M   31,1000,false,-156528.830,-58219.608,-156228.827,-58219.614,-156528.834,-57819.610,-156228.830,-57819.616,土地改良所在図,法第14条1項地図,P-F,,,,,,
46201-3400-311.zip,M   32,1000,false,-156528.834,-57819.610,-156228.830,-57819.616,-156528.837,-57419.611,-156228.833,-57419.618,土地改良所在図,法第14条1項地図,P-F,,,,,,
46201-3400-312.zip,P   13,1000,false,-155928.769,-53419.508,-155628.763,-53419.515,-155928.751,-53019.477,-155628.744,-53019.483,土地改良所在図,法第14条1項地図,P-F,,,,,,
46201-3400-312.zip,P   23,1000,false,-156228.776,-53419.502,-155928.769,-53419.508,-156228.758,-53019.471,-155928.751,-53019.477,土地改良所在図,法第14条1項地図,P-F,,,,,,
46201-3400-313.zip,U   44,1000,false,-158328.749,-51019.312,-158028.739,-51019.305,-158328.739,-50619.284,-158028.730,-50619.274,土地改良所在図,法第14条1項地図,P-F,,,,,,
46201-3400-313.zip,U   45,1000,false,-158328.739,-50619.284,-158028.730,-50619.274,-158328.729,-50219.256,-158028.720,-50219.242,土地改良所在図,法第14条1項地図,P-F,,,,,,
46201-3400-314.zip,J   41,1000,false,-155328.796,-54219.576,-155028.792,-54219.587,-155328.775,-53819.551,-155028.769,-53819.561,地籍図,法第14条1項地図,P-F,,,,,,
46201-3400-314.zip,J   51,1000,false,-155628.800,-54219.565,-155328.796,-54219.576,-155628.781,-53819.542,-155328.775,-53819.551,地籍図,法第14条1項地図,P-F,,,,,,
46201-3400-315.zip,S   34,1000,false,-158028.849,-55019.548,-157728.845,-55019.552,-158028.843,-54619.537,-157728.839,-54619.540,土地改良所在図,法第14条1項地図,P-F,,,,,,
46201-3400-315.zip,S   44,1000,false,-158328.852,-55019.543,-158028.849,-55019.548,-158328.847,-54619.533,-158028.843,-54619.537,土地改良所在図,法第14条1項地図,P-F,,,,,,
46201-3400-315.zip,S   45,1000,false,-158328.847,-54619.533,-158028.843,-54619.537,-158328.841,-54219.520,-158028.836,-54219.522,土地改良所在図,法第14条1項地図,P-F,,,,,,
46201-3400-316.zip,M   52,1000,false,-157128.842,-57819.599,-156828.838,-57819.604,-157128.846,-57419.599,-156828.842,-57419.605,土地改良所在図,法第14条1項地図,P-F,,,,,,
46201-3400-316.zip,R   12,1000,false,-157428.847,-57819.593,-157128.842,-57819.599,-157428.851,-57419.593,-157128.846,-57419.599,土地改良所在図,法第14条1項地図,P-F,,,,,,
46201-3400-316.zip,R   13,1000,false,-157428.851,-57419.593,-157128.846,-57419.599,-157428.854,-57019.591,-157128.849,-57019.597,土地改良所在図,法第14条1項地図,P-F,,,,,,
46201-3400-317.zip,J   41,1000,false,-155328.796,-54219.576,-155028.792,-54219.587,-155328.775,-53819.551,-155028.769,-53819.561,土地改良所在図,法第14条1項地図,P-F,,,,,,
46201-3400-317.zip,J   51,1000,false,-155628.800,-54219.565,-155328.796,-54219.576,-155628.781,-53819.542,-155328.775,-53819.551,土地改良所在図,法第14条1項地図,P-F,,,,,,
46201-3400-317.zip,J   52,1000,false,-155628.781,-53819.542,-155328.775,-53819.551,-155628.763,-53419.515,-155328.756,-53419.523,土地改良所在図,法第14条1項地図,P-F,,,,,,
46201-3400-318.zip,J   52,1000,false,-155628.781,-53819.542,-155328.775,-53819.551,-155628.763,-53419.515,-155328.756,-53419.523,土地改良所在図,法第14条1項地図,P-F,,,,,,
46201-3400-318.zip,P   12,1000,false,-155928.787,-53819.535,-155628.781,-53819.542,-155928.769,-53419.508,-155628.763,-53419.515,土地改良所在図,法第14条1項地図,P-F,,,,,,
46201-3400-318.zip,P   13,1000,false,-155928.769,-53419.508,-155628.763,-53419.515,-155928.751,-53019.477,-155628.744,-53019.483,土地改良所在図,法第14条1項地図,P-F,,,,,,
46201-3400-319.zip,P   33,1000,false,-156528.782,-53419.495,-156228.776,-53419.502,-156528.765,-53019.465,-156228.758,-53019.471,土地改良所在図,法第14条1項地図,P-F,,,,,,
46201-3400-319.zip,P   34,1000,false,-156528.765,-53019.465,-156228.758,-53019.471,-156528.747,-52619.434,-156228.740,-52619.440,土地改良所在図,法第14条1項地図,P-F,,,,,,
46201-3400-319.zip,P   44,1000,false,-156828.773,-53019.463,-156528.765,-53019.465,-156828.756,-52619.434,-156528.747,-52619.434,土地改良所在図,法第14条1項地図,P-F,,,,,,
46201-3400-32.zip,T   11,500,false,1150.000,950.000,1300.000,950.000,1150.000,1150.000,1300.000,1150.000,土地改良所在図,法第14条1項地図,P-F,,,,,,
46201-3400-32.zip,T   12,500,false,1150.000,1150.000,1300.000,1150.000,1150.000,1350.000,1300.000,1350.000,土地改良所在図,法第14条1項地図,P-F,,,,,,
46201-3400-32.zip,T   21,500,false,1000.000,950.000,1150.000,950.000,1000.000,1150.000,1150.000,1150.000,土地改良所在図,法第14条1項地図,P-F,,,,,,
46201-3400-32.zip,T   31,500,false,850.000,950.000,1000.000,950.000,850.000,1150.000,1000.000,1150.000,土地改良所在図,法第14条1項地図,P-F,,,,,,
46201-3400-32.zip,S   35,500,false,850.000,750.000,1000.000,750.000,850.000,950.000,1000.000,950.000,土地改良所在図,法第14条1項地図,P-F,,,,,,
46201-3400-320.zip,R   22,1000,false,-157728.853,-57819.587,-157428.847,-57819.593,-157728.858,-57419.586,-157428.851,-57419.593,土地改良所在図,法第14条1項地図,P-F,,,,,,
46201-3400-320.zip,R   11,1000,false,-157428.843,-58219.594,-157128.839,-58219.599,-157428.847,-57819.593,-157128.842,-57819.599,土地改良所在図,法第14条1項地図,P-F,,,,,,
46201-3400-320.zip,R   12,1000,false,-157428.847,-57819.593,-157128.842,-57819.599,-157428.851,-57419.593,-157128.846,-57419.599,土地改良所在図,法第14条1項地図,P-F,,,,,,
46201-3400-320.zip,R   13,1000,false,-157428.851,-57419.593,-157128.846,-57419.599,-157428.854,-57019.591,-157128.849,-57019.597,土地改良所在図,法第14条1項地図,P-F,,,,,,
46201-3400-320.zip,R   21,1000,false,-157728.847,-58219.589,-157428.843,-58219.594,-157728.853,-57819.587,-157428.847,-57819.593,土地改良所在図,法第14条1項地図,P-F,,,,,,
46201-3400-321.zip,T   11,1000,false,-157428.826,-54219.527,-157128.821,-54219.532,-157428.817,-53819.509,-157128.810,-53819.513,土地改良所在図,法第14条1項地図,P-F,,,,,,
46201-3400-321.zip,T   14,1000,false,-157428.790,-53019.461,-157128.782,-53019.462,-157428.775,-52619.434,-157128.766,-52619.434,土地改良所在図,法第14条1項地図,P-F,,,,,,
46201-3400-321.zip,T   15,1000,false,-157428.775,-52619.434,-157128.766,-52619.434,-157428.761,-52219.402,-157128.751,-52219.402,土地改良所在図,法第14条1項地図,P-F,,,,,,
46201-3400-321.zip,T   21,1000,false,-157728.831,-54219.524,-157428.826,-54219.527,-157728.823,-53819.508,-157428.817,-53819.509,土地改良所在図,法第14条1項地図,P-F,,,,,,
46201-3400-321.zip,T   22,1000,false,-157728.823,-53819.508,-157428.817,-53819.509,-157728.812,-53419.488,-157428.805,-53419.487,土地改良所在図,法第14条1項地図,P-F,,,,,,
46201-3400-321.zip,T   23,1000,false,-157728.812,-53419.488,-157428.805,-53419.487,-157728.800,-53019.463,-157428.790,-53019.461,土地改良所在図,法第14条1項地図,P-F,,,,,,
46201-3400-321.zip,T   25,1000,false,-157728.787,-52619.438,-157428.775,-52619.434,-157728.773,-52219.407,-157428.761,-52219.402,土地改良所在図,法第14条1項地図,P-F,,,,,,
46201-3400-321.zip,T   32,1000,false,-158028.829,-53819.507,-157728.823,-53819.508,-158028.820,-53419.489,-157728.812,-53419.488,土地改良所在図,法第14条1項地図,P-F,,,,,,
46201-3400-321.zip,T   33,1000,false,-158028.820,-53419.489,-157728.812,-53419.488,-158028.809,-53019.466,-157728.800,-53019.463,土地改良所在図,法第14条1項地図,P-F,,,,,,
46201-3400-321.zip,T   42,1000,false,-158328.835,-53819.507,-158028.829,-53819.507,-158328.828,-53419.490,-158028.820,-53419.489,土地改良所在図,法第14条1項地図,P-F,,,,,,
46201-3400-321.zip,T   43,1000,false,-158328.828,-53419.490,-158028.820,-53419.489,-158328.819,-53019.468,-158028.809,-53019.466,土地改良所在図,法第14条1項地図,P-F,,,,,,
46201-3400-321.zip,T   44,1000,false,-158328.819,-53019.468,-158028.809,-53019.466,-158328.811,-52619.447,-158028.799,-52619.442,土地改良所在図,法第14条1項地図,P-F,,,,,,
46201-3400-321.zip,T   54,1000,false,-158628.830,-53019.472,-158328.819,-53019.468,-158628.825,-52619.454,-158328.811,-52619.447,土地改良所在図,法第14条1項地図,P-F,,,,,,
46201-3400-321.zip,A1  14,1000,false,-158928.842,-53019.476,-158628.830,-53019.472,-158928.840,-52619.461,-158628.825,-52619.454,土地改良所在図,法第14条1項地図,P-F,,,,,,
46201-3400-321.zip,A1  24,1000,false,-159228.854,-53019.480,-158928.842,-53019.476,-159228.855,-52619.469,-158928.840,-52619.461,土地改良所在図,法第14条1項地図,P-F,,,,,,
46201-3400-321.zip,A1  33,1000,false,-159528.853,-53419.489,-159228.853,-53419.491,-159528.854,-53019.478,-159228.854,-53019.480,土地改良所在図,法第14条1項地図,P-F,,,,,,
46201-3400-321.zip,A1  34,1000,false,-159528.854,-53019.478,-159228.854,-53019.480,-159528.855,-52619.467,-159228.855,-52619.469,土地改良所在図,法第14条1項地図,P-F,,,,,,
46201-3400-322.zip,P   51,1000,false,-157128.821,-54219.532,-156828.816,-54219.536,-157128.810,-53819.513,-156828.804,-53819.517,土地改良所在図,法第14条1項地図,P-F,,,,,,
46201-3400-322.zip,S   12,1000,false,-157428.851,-55819.576,-157128.848,-55819.583,-157428.846,-55419.567,-157128.843,-55419.574,土地改良所在図,法第14条1項地図,P-F,,,,,,
46201-3400-322.zip,S   13,1000,false,-157428.846,-55419.567,-157128.843,-55419.574,-157428.842,-55019.557,-157128.839,-55019.564,土地改良所在図,法第14条1項地図,P-F,,,,,,
46201-3400-322.zip,S   14,1000,false,-157428.842,-55019.557,-157128.839,-55019.564,-157428.835,-54619.544,-157128.832,-54619.550,土地改良所在図,法第14条1項地図,P-F,,,,,,
46201-3400-322.zip,S   22,1000,false,-157728.855,-55819.570,-157428.851,-55819.576,-157728.850,-55419.561,-157428.846,-55419.567,土地改良所在図,法第14条1項地図,P-F,,,,,,
46201-3400-322.zip,S   23,1000,false,-157728.850,-55419.561,-157428.846,-55419.567,-157728.845,-55019.552,-157428.842,-55019.557,土地改良所在図,法第14条1項地図,P-F,,,,,,
46201-3400-322.zip,S   24,1000,false,-157728.845,-55019.552,-157428.842,-55019.557,-157728.839,-54619.540,-157428.835,-54619.544,土地改良所在図,法第14条1項地図,P-F,,,,,,
46201-3400-322.zip,S   25,1000,false,-157728.839,-54619.540,-157428.835,-54619.544,-157728.831,-54219.524,-157428.826,-54219.527,土地改良所在図,法第14条1項地図,P-F,,,,,,
46201-3400-322.zip,S   32,1000,false,-158028.858,-55819.564,-157728.855,-55819.570,-158028.853,-55419.556,-157728.850,-55419.561,土地改良所在図,法第14条1項地図,P-F,,,,,,
46201-3400-322.zip,S   34,1000,false,-158028.849,-55019.548,-157728.845,-55019.552,-158028.843,-54619.537,-157728.839,-54619.540,土地改良所在図,法第14条1項地図,P-F,,,,,,
46201-3400-322.zip,S   35,1000,false,-158028.843,-54619.537,-157728.839,-54619.540,-158028.836,-54219.522,-157728.831,-54219.524,土地改良所在図,法第14条1項地図,P-F,,,,,,
46201-3400-322.zip,S   44,1000,false,-158328.852,-55019.543,-158028.849,-55019.548,-158328.847,-54619.533,-158028.843,-54619.537,土地改良所在図,法第14条1項地図,P-F,,,,,,
46201-3400-322.zip,S   45,1000,false,-158328.847,-54619.533,-158028.843,-54619.537,-158328.841,-54219.520,-158028.836,-54219.522,土地改良所在図,法第14条1項地図,P-F,,,,,,
46201-3400-322.zip,S   54,1000,false,-158628.856,-55019.538,-158328.852,-55019.543,-158628.851,-54619.529,-158328.847,-54619.533,土地改良所在図,法第14条1項地図,P-F,,,,,,
46201-3400-322.zip,S   55,1000,false,-158628.851,-54619.529,-158328.847,-54619.533,-158628.846,-54219.517,-158328.841,-54219.520,土地改良所在図,法第14条1項地図,P-F,,,,,,
46201-3400-322.zip,T   11,1000,false,-157428.826,-54219.527,-157128.821,-54219.532,-157428.817,-53819.509,-157128.810,-53819.513,土地改良所在図,法第14条1項地図,P-F,,,,,,
46201-3400-322.zip,T   21,1000,false,-157728.831,-54219.524,-157428.826,-54219.527,-157728.823,-53819.508,-157428.817,-53819.509,土地改良所在図,法第14条1項地図,P-F,,,,,,
46201-3400-322.zip,N   52,1000,false,-157128.848,-55819.583,-156828.845,-55819.590,-157128.843,-55419.574,-156828.841,-55419.580,土地改良所在図,法第14条1項地図,P-F,,,,,,
46201-3400-322.zip,N   53,1000,false,-157128.843,-55419.574,-156828.841,-55419.580,-157128.839,-55019.564,-156828.836,-55019.570,土地改良所在図,法第14条1項地図,P-F,,,,,,
46201-3400-322.zip,P   31,1000,false,-156528.811,-54219.541,-156228.808,-54219.549,-156528.798,-53819.521,-156228.792,-53819.528,土地改良所在図,法第14条1項地図,P-F,,,,,,
46201-3400-322.zip,P   41,1000,false,-156828.816,-54219.536,-156528.811,-54219.541,-156828.804,-53819.517,-156528.798,-53819.521,土地改良所在図,法第14条1項地図,P-F,,,,,,
46201-3400-323.zip,060-16,,true,470.971,188.903,740.720,188.903,471.466,515.802,741.215,515.611,旧土地台帳附属地図,地図に準ずる図面,P-F,,,,,,
46201-3400-323.zip,060-17,,false,435.411,268.701,702.264,307.830,388.015,592.133,655.058,631.147,旧土地台帳附属地図,地図に準ずる図面,P-F,,,,,,
46201-3400-323.zip,060-18,,true,417.538,281.826,687.096,292.227,405.041,608.496,674.713,618.707,旧土地台帳附属地図,地図に準ずる図面,P-F,,,,,,
46201-3400-323.zip,060-20-2,,true,30.735,42.001,705.220,43.449,29.973,859.057,704.268,859.933,旧土地台帳附属地図,地図に準ずる図面,P-F,,,,,,
46201-3400-323.zip,060-22,,true,414.837,11.852,684.547,15.281,410.760,338.750,680.623,341.989,旧土地台帳附属地図,地図に準ずる図面,P-F,,,,,,
46201-3400-323.zip,060-23,,true,498.506,83.965,767.836,99.547,480.104,410.254,749.357,425.722,旧土地台帳附属地図,地図に準ずる図面,P-F,,,,,,
46201-3400-324.zip,033-147-1,,false,-472.182,-175.787,-201.616,-165.015,-485.169,150.397,-214.603,161.169,旧土地台帳附属地図,地図に準ずる図面,P-F,,,,,,
46201-3400-324.zip,033-146-4,600,false,-773.628,-137.813,-504.636,-165.800,-739.817,187.151,-470.825,159.163,旧土地台帳附属地図,地図に準ずる図面,P-F,,,,,,
46201-3400-324.zip,032-3080-1,,false,-152.731,121.788,-150.660,-147.952,174.349,124.300,176.421,-145.440,旧土地台帳附属地図,地図に準ずる図面,P-F,,,,,,
46201-3400-324.zip,033-146-3,600,false,-793.715,-180.435,-524.723,-208.423,-759.904,144.529,-490.912,116.541,旧土地台帳附属地図,地図に準ずる図面,P-F,,,,,,
46201-3400-324.zip,033-146-1,,false,-835.834,-119.304,-566.846,-147.307,-802.004,205.656,-533.016,177.653,旧土地台帳附属地図,地図に準ずる図面,P-F,,,,,,
46201-3400-324.zip,033-147-2,600,false,-416.358,-196.229,-145.792,-185.457,-429.344,129.954,-158.779,140.727,旧土地台帳附属地図,地図に準ずる図面,P-F,,,,,,
46201-3400-324.zip,033-147-3,600,false,-447.455,-154.470,-176.889,-143.698,-460.442,171.713,-189.876,182.486,旧土地台帳附属地図,地図に準ずる図面,P-F,,,,,,
46201-3400-325.zip,054-271,600,false,26771.315,24587.997,26946.149,24382.278,27020.637,24799.892,27195.518,24594.412,旧土地台帳附属地図,地図に準ずる図面,P-F,,,,1969,12,10
46201-3400-325.zip,054-272,600,false,26763.912,25212.318,26923.507,24994.470,27027.911,25405.813,27187.601,25188.224,旧土地台帳附属地図,地図に準ずる図面,P-F,,,,1969,12,10
46201-3400-325.zip,054-273,600,false,26787.488,25749.972,27020.637,25614.076,26952.565,26032.614,27185.735,25896.528,旧土地台帳附属地図,地図に準ずる図面,P-F,,,,1969,12,10
46201-3400-325.zip,054-274,600,false,26974.798,26186.955,27194.371,26343.840,26784.730,26453.434,27004.507,26610.230,旧土地台帳附属地図,地図に準ずる図面,P-F,,,,1969,12,10
46201-3400-326.zip,024-20,,false,16.811,11.894,286.369,16.275,11.820,338.678,281.454,342.983,旧土地台帳附属地図,地図に準ずる図面,P-F,,,,,,
46201-3400-327.zip,024-189,,false,-128.545,-147.442,141.687,-156.893,-116.914,179.250,153.287,169.991,旧土地台帳附属地図,地図に準ずる図面,P-F,,,,,,
46201-3400-327.zip,024-191-1,,false,-112.480,247.462,155.451,211.024,-68.266,571.320,199.627,535.156,旧土地台帳附属地図,地図に準ずる図面,P-F,,,,,,
46201-3400-327.zip,024-191-2,,true,-67.543,626.132,202.081,613.109,-51.633,952.719,217.995,939.772,旧土地台帳附属地図,地図に準ずる図面,P-F,,,,,,
46201-3400-328.zip,270-2,2000,false,100000.000,100000.000,99135.482,100249.541,99697.735,98952.684,98833.164,99202.504,その他,地図に準ずる図面,和-洋紙,,,,,,
46201-3400-329.zip,178-329-1,500,false,17862.373,6659.030,17899.873,6462.682,18107.804,6705.928,18145.329,6509.617,旧土地台帳附属地図,地図に準ずる図面,P-F,,,,,,
46201-3400-33.zip,143-220,600,false,9994.674,29476.567,10085.099,29222.626,10299.172,29584.928,10389.897,29331.056,旧土地台帳附属地図,地図に準ずる図面,P-F,,,,,,
46201-3400-33.zip,143-225,500,false,9425.217,29412.834,9513.786,29204.466,9673.779,29518.121,9761.705,29309.960,旧土地台帳附属地図,地図に準ずる図面,P-F,,,,,,
46201-3400-33.zip,143-221,600,false,9974.200,30045.284,10086.131,29800.275,10268.009,30179.584,10380.628,29934.722,旧土地台帳附属地図,地図に準ずる図面,P-F,,,,,,
46201-3400-33.zip,143-226,500,false,9440.139,30012.653,9556.095,29818.263,9672.187,30150.946,9787.489,29956.904,旧土地台帳附属地図,地図に準ずる図面,P-F,,,,,,
46201-3400-33.zip,143-222,600,false,10005.242,30689.908,10099.263,30437.321,10307.857,30803.088,10402.520,30550.415,旧土地台帳附属地図,地図に準ずる図面,P-F,,,,,,
46201-3400-33.zip,143-223,500,false,10059.362,31318.099,10076.071,31092.017,10328.953,31337.520,10345.009,31112.157,旧土地台帳附属地図,地図に準ずる図面,P-F,,,,,,
46201-3400-33.zip,143-228,500,false,9467.406,31267.810,9532.069,31050.562,9726.545,31344.552,9790.617,31127.721,旧土地台帳附属地図,地図に準ずる図面,P-F,,,,,,
46201-3400-33.zip,143-224,500,false,10054.510,31954.667,10064.093,31728.257,10324.265,31965.712,10333.541,31739.992,旧土地台帳附属地図,地図に準ずる図面,P-F,,,,,,
46201-3400-33.zip,143-227,500,false,9470.409,30684.574,9517.406,30463.092,9733.577,30739.800,9780.931,30518.916,旧土地台帳附属地図,地図に準ずる図面,P-F,,,,,,
46201-3400-330.zip,120-6,,true,-123.692,-151.431,146.704,-152.003,-123.121,175.353,147.732,174.781,その他,地図に準ずる図面,P-F,,,,,,
46201-3400-330.zip,120-7,,true,-108.707,-58.198,161.803,-58.426,-108.440,268.624,162.451,268.548,その他,地図に準ずる図面,P-F,,,,,,
46201-3400-330.zip,120-8-1,,true,166.545,424.256,-43.595,594.421,-39.006,170.359,-249.518,340.730,その他,地図に準ずる図面,P-F,,,,,,
46201-3400-330.zip,120-9-2,,true,-488.743,-362.055,-37.834,-362.999,-487.602,182.774,-36.693,181.829,その他,地図に準ずる図面,P-F,,,,,,
46201-3400-330.zip,120-10,,true,-377.388,6.505,-106.841,5.570,-376.325,333.402,-105.435,332.389,その他,地図に準ずる図面,P-F,,,,,,
46201-3400-330.zip,120-650-2,,true,-348.934,392.625,-80.010,370.140,-321.665,718.422,-52.577,696.076,その他,地図に準ずる図面,P-F,,,,,,
46201-3400-330.zip,120-8-2,,true,-71.231,538.498,157.282,465.789,19.696,824.267,248.209,751.558,その他,地図に準ずる図面,P-F,,,,,,
46201-3400-330.zip,120-9-1,1000,false,-487.783,-627.713,-36.874,-628.657,-486.642,-82.884,-35.733,-83.829,その他,地図に準ずる図面,P-F,,,,,,
46201-3400-331.zip,648,500,false,2536.976,412.354,2540.319,187.448,2806.739,416.521,2810.216,191.332,土地区画整理所在図,地図に準ずる図面,P-F,,,,1981,10,15
46201-3400-331.zip,649,500,false,2514.231,973.349,2594.553,763.364,2766.326,1069.955,2846.673,859.369,土地区画整理所在図,地図に準ずる図面,P-F,,,,1981,10,15
46201-3400-331.zip,650,500,false,2542.657,1578.188,2622.681,1368.224,2794.677,1674.464,2875.021,1464.281,土地区画整理所在図,地図に準ずる図面,P-F,,,,1981,10,15
46201-3400-331.zip,667,500,false,2717.116,1947.193,2839.276,2105.425,2519.103,2099.863,2641.410,2258.183,土地区画整理所在図,地図に準ずる図面,P-F,,,,,,
46201-3400-331.zip,668,500,false,2734.963,2553.719,2821.454,2733.867,2509.453,2661.558,2595.756,2841.902,土地区画整理所在図,地図に準ずる図面,P-F,,,,,,
46201-3400-331.zip,669,500,false,2172.038,139.517,2255.654,321.122,1944.974,243.741,2028.342,425.565,土地区画整理所在図,地図に準ずる図面,P-F,,,,,,
46201-3400-331.zip,670,500,false,2177.215,753.803,2267.491,931.908,1954.072,866.816,2044.647,1045.091,土地区画整理所在図,地図に準ずる図面,P-F,,,,,,
46201-3400-331.zip,671,500,false,2178.463,1360.749,2263.901,1541.156,1952.507,1467.807,2038.125,1648.376,土地区画整理所在図,地図に準ずる図面,P-F,,,,,,
46201-3400-331.zip,672,500,false,1940.394,2057.119,2116.824,1963.141,2057.691,2277.749,2234.337,2183.908,土地区画整理所在図,地図に準ずる図面,P-F,,,,,,
46201-3400-331.zip,673,500,false,1988.498,2645.912,2166.251,2554.014,2103.345,2867.990,2281.059,2776.221,土地区画整理所在図,地図に準ずる図面,P-F,,,,,,
46201-3400-331.zip,674,500,false,1382.157,222.732,1559.706,130.949,1496.799,444.830,1674.476,353.017,土地区画整理所在図,地図に準ずる図面,P-F,,,,,,
46201-3400-331.zip,675,500,false,1342.600,833.300,1516.999,735.719,1464.189,1051.613,1638.797,954.204,土地区画整理所在図,地図に準ずる図面,P-F,,,,,,
46201-3400-331.zip,676,500,false,1375.767,1445.741,1553.107,1353.877,1490.277,1667.942,1668.005,1576.193,土地区画整理所在図,地図に準ずる図面,P-F,,,,,,
46201-3400-331.zip,677,500,false,1333.749,2049.479,1509.948,1954.921,1451.927,2269.793,1628.158,2175.291,土地区画整理所在図,地図に準ずる図面,P-F,,,,,,
46201-3400-331.zip,678,500,false,1550.797,2550.891,1634.998,2732.199,1323.966,2656.025,1408.194,2837.390,土地区画整理所在図,地図に準ずる図面,P-F,,,,,,
46201-3400-331.zip,679,500,false,1063.492,212.873,1050.042,412.457,814.038,196.174,800.629,395.601,土地区画整理所在図,地図に準ずる図面,P-F,,,,,,
46201-3400-331.zip,680,500,false,977.212,748.701,1065.712,928.060,752.909,859.209,841.338,1038.569,土地区画整理所在図,地図に準ずる図面,P-F,,,,,,
46201-3400-331.zip,681,500,false,943.879,1349.941,1030.649,1530.155,718.639,1458.478,805.467,1638.593,土地区画整理所在図,地図に準ずる図面,P-F,,,,,,
46201-3400-331.zip,682,500,false,991.451,1944.610,1077.043,2125.402,765.800,2051.207,851.121,2232.095,土地区画整理所在図,地図に準ずる図面,P-F,,,,,,
46201-3400-331.zip,683,500,false,957.174,2551.841,1041.705,2733.023,730.763,2657.403,815.250,2838.641,土地区画整理所在図,地図に準ずる図面,P-F,,,,,,
46201-3400-331.zip,684,500,false,231.462,163.418,431.480,161.378,233.818,413.221,433.713,411.437,土地改良所在図,地図に準ずる図面,P-F,,,,1983,2,1
46201-3400-331.zip,685,500,false,206.599,775.581,406.562,774.634,207.660,1025.234,407.530,1024.510,土地改良所在図,地図に準ずる図面,P-F,,,,1983,2,1
46201-3400-331.zip,686,500,false,230.667,1401.760,430.742,1401.848,230.450,1651.563,430.367,1651.684,土地改良所在図,地図に準ずる図面,P-F,,,,1983,2,1
46201-3400-332.zip,052-276,600,false,17519.577,33430.264,17595.727,33689.159,17205.593,33522.734,17281.863,33781.634,旧土地台帳附属地図,地図に準ずる図面,P-F,,,,1969,12,10
46201-3400-332.zip,052-281,600,false,16935.921,33416.200,17039.528,33665.262,16633.786,33542.018,16737.709,33791.237,旧土地台帳附属地図,地図に準ずる図面,P-F,,,,1969,12,10
46201-3400-332.zip,052-277,600,false,17532.511,34063.708,17606.305,34323.328,17217.801,34153.133,17291.328,34412.788,旧土地台帳附属地図,地図に準ずる図面,P-F,,,,1969,12,10
46201-3400-332.zip,052-279,600,false,17373.747,35196.854,17602.867,35339.362,17201.264,35474.902,17430.505,35617.216,旧土地台帳附属地図,地図に準ずる図面,P-F,,,,1969,12,10
46201-3400-332.zip,052-280,600,false,17447.981,35851.742,17589.897,36081.328,17169.764,36023.753,17311.341,36253.367,旧土地台帳附属地図,地図に準ずる図面,P-F,,,,1969,12,10
46201-3400-332.zip,052-278-1,600,false,17579.317,34721.963,17561.989,34991.382,17252.674,34700.954,17235.346,34970.374,旧土地台帳附属地図,地図に準ずる図面,P-F,,,,1969,12,10
46201-3400-332.zip,052-278-2,600,false,17463.011,34815.955,17445.683,35085.374,17136.368,34794.946,17119.040,35064.366,旧土地台帳附属地図,地図に準ずる図面,P-F,,,,,,
46201-3400-333.zip,137-628,500,false,9746.597,24652.776,9790.115,24432.175,10011.283,24704.951,10054.737,24484.176,旧土地台帳附属地図,地図に準ずる図面,P-F,,,,1981,10,15
46201-3400-333.zip,137-629,500,false,9745.352,25308.617,9749.847,25083.809,10015.301,25313.931,10019.577,25088.928,旧土地台帳附属地図,地図に準ずる図面,P-F,,,,1981,10,15
46201-3400-333.zip,137-631,500,false,9725.667,25889.537,9743.577,25665.335,9994.750,25911.019,10012.545,25686.648,旧土地台帳附属地図,地図に準ずる図面,P-F,,,,1981,10,15
46201-3400-333.zip,137-630,500,false,9715.380,26483.103,9750.637,26260.966,9981.945,26525.444,10017.233,26303.120,旧土地台帳附属地図,地図に準ずる図面,P-F,,,,1981,10,15
46201-3400-333.zip,137-632,500,false,9745.871,27061.792,9752.404,26837.066,10015.666,27069.541,10021.921,26844.584,旧土地台帳附属地図,地図に準ずる図面,P-F,,,,1981,10,15
46201-3400-333.zip,137-633,500,false,9173.885,24651.614,9221.455,24431.721,9437.575,24708.757,9485.145,24488.864,旧土地台帳附属地図,地図に準ずる図面,P-F,,,,1981,10,15
46201-3400-333.zip,137-634,500,false,9148.870,25276.599,9195.563,25056.486,9412.793,25332.507,9459.361,25112.368,旧土地台帳附属地図,地図に準ずる図面,P-F,,,,1981,10,15
46201-3400-334.zip,1,500,false,-157625.000,-48550.000,-157500.000,-48550.000,-157625.000,-48375.000,-157500.000,-48375.000,土地区画整理所在図,法第14条1項地図,P-F,,,,,,
46201-3400-334.zip,11,500,false,-158000.000,-48725.000,-157875.000,-48725.000,-158000.000,-48550.000,-157875.000,-48550.000,土地区画整理所在図,法第14条1項地図,P-F,,,,,,
46201-3400-334.zip,12,500,false,-158000.000,-48550.000,-157875.000,-48550.000,-158000.000,-48375.000,-157875.000,-48375.000,土地区画整理所在図,法第14条1項地図,P-F,,,,,,
46201-3400-334.zip,13,500,false,-158000.000,-48375.000,-157875.000,-48375.000,-158000.000,-48200.000,-157875.000,-48200.000,土地区画整理所在図,法第14条1項地図,P-F,,,,,,
46201-3400-334.zip,14,500,false,-158000.000,-48200.000,-157875.000,-48200.000,-158000.000,-48025.000,-157875.000,-48025.000,土地区画整理所在図,法第14条1項地図,P-F,,,,,,
46201-3400-334.zip,16,500,false,-158125.000,-48725.000,-158000.000,-48725.000,-158125.000,-48550.000,-158000.000,-48550.000,土地区画整理所在図,法第14条1項地図,P-F,,,,,,
46201-3400-334.zip,17,500,false,-158125.000,-48550.000,-158000.000,-48550.000,-158125.000,-48375.000,-158000.000,-48375.000,土地区画整理所在図,法第14条1項地図,P-F,,,,,,
46201-3400-334.zip,18,500,false,-158125.000,-48375.000,-158000.000,-48375.000,-158125.000,-48200.000,-158000.000,-48200.000,土地区画整理所在図,法第14条1項地図,P-F,,,,,,
46201-3400-334.zip,19,500,false,-158125.000,-48200.000,-158000.000,-48200.000,-158125.000,-48025.000,-158000.000,-48025.000,土地区画整理所在図,法第14条1項地図,P-F,,,,,,
46201-3400-334.zip,2,500,false,-157625.000,-48375.000,-157500.000,-48375.000,-157625.000,-48200.000,-157500.000,-48200.000,土地区画整理所在図,法第14条1項地図,P-F,,,,,,
46201-3400-334.zip,20,500,false,-158250.000,-48725.000,-158125.000,-48725.000,-158250.000,-48550.000,-158125.000,-48550.000,土地区画整理所在図,法第14条1項地図,P-F,,,,,,
46201-3400-334.zip,21,500,false,-158250.000,-48550.000,-158125.000,-48550.000,-158250.000,-48375.000,-158125.000,-48375.000,土地区画整理所在図,法第14条1項地図,P-F,,,,,,
46201-3400-334.zip,22,500,false,-158250.000,-48375.000,-158125.000,-48375.000,-158250.000,-48200.000,-158125.000,-48200.000,土地区画整理所在図,法第14条1項地図,P-F,,,,,,
46201-3400-334.zip,23,500,false,-158250.000,-48200.000,-158125.000,-48200.000,-158250.000,-48025.000,-158125.000,-48025.000,土地区画整理所在図,法第14条1項地図,P-F,,,,,,
46201-3400-334.zip,24,500,false,-158375.000,-48725.000,-158250.000,-48725.000,-158375.000,-48550.000,-158250.000,-48550.000,土地区画整理所在図,法第14条1項地図,P-F,,,,,,
46201-3400-334.zip,25,500,false,-158375.000,-48550.000,-158250.000,-48550.000,-158375.000,-48375.000,-158250.000,-48375.000,土地区画整理所在図,法第14条1項地図,P-F,,,,,,
46201-3400-334.zip,26,500,false,-158375.000,-48375.000,-158250.000,-48375.000,-158375.000,-48200.000,-158250.000,-48200.000,土地区画整理所在図,法第14条1項地図,P-F,,,,,,
46201-3400-334.zip,27,500,false,-158375.000,-48200.000,-158250.000,-48200.000,-158375.000,-48025.000,-158250.000,-48025.000,土地区画整理所在図,法第14条1項地図,P-F,,,,,,
46201-3400-334.zip,28,500,false,-158500.000,-48725.000,-158375.000,-48725.000,-158500.000,-48550.000,-158375.000,-48550.000,土地区画整理所在図,法第14条1項地図,P-F,,,,,,
46201-3400-334.zip,29,500,false,-158500.000,-48550.000,-158375.000,-48550.000,-158500.000,-48375.000,-158375.000,-48375.000,土地区画整理所在図,法第14条1項地図,P-F,,,,,,
46201-3400-334.zip,3,500,false,-157750.000,-48550.000,-157625.000,-48550.000,-157750.000,-48375.000,-157625.000,-48375.000,土地区画整理所在図,法第14条1項地図,P-F,,,,,,
46201-3400-334.zip,30,500,false,-158500.000,-48375.000,-158375.000,-48375.000,-158500.000,-48200.000,-158375.000,-48200.000,土地区画整理所在図,法第14条1項地図,P-F,,,,,,
46201-3400-334.zip,31,500,false,-158500.000,-48200.000,-158375.000,-48200.000,-158500.000,-48025.000,-158375.000,-48025.000,土地区画整理所在図,法第14条1項地図,P-F,,,,,,
46201-3400-334.zip,32,500,false,-158625.000,-48550.000,-158500.000,-48550.000,-158625.000,-48375.000,-158500.000,-48375.000,土地区画整理所在図,法第14条1項地図,P-F,,,,,,
46201-3400-334.zip,33,500,false,-158625.000,-48375.000,-158500.000,-48375.000,-158625.000,-48200.000,-158500.000,-48200.000,土地区画整理所在図,法第14条1項地図,P-F,,,,,,
46201-3400-334.zip,34,500,false,-158625.000,-48200.000,-158500.000,-48200.000,-158625.000,-48025.000,-158500.000,-48025.000,土地区画整理所在図,法第14条1項地図,P-F,,,,,,
46201-3400-334.zip,4,500,false,-157750.000,-48375.000,-157625.000,-48375.000,-157750.000,-48200.000,-157625.000,-48200.000,土地区画整理所在図,法第14条1項地図,P-F,,,,,,
46201-3400-334.zip,5,500,false,-157750.000,-48200.000,-157625.000,-48200.000,-157750.000,-48025.000,-157625.000,-48025.000,土地区画整理所在図,法第14条1項地図,P-F,,,,,,
46201-3400-334.zip,6,500,false,-157875.000,-48725.000,-157750.000,-48725.000,-157875.000,-48550.000,-157750.000,-48550.000,土地区画整理所在図,法第14条1項地図,P-F,,,,,,
46201-3400-334.zip,7,500,false,-157875.000,-48550.000,-157750.000,-48550.000,-157875.000,-48375.000,-157750.000,-48375.000,土地区画整理所在図,法第14条1項地図,P-F,,,,,,
46201-3400-334.zip,8,500,false,-157875.000,-48375.000,-157750.000,-48375.000,-157875.000,-48200.000,-157750.000,-48200.000,土地区画整理所在図,法第14条1項地図,P-F,,,,,,
46201-3400-334.zip,9,500,false,-157875.000,-48200.000,-157750.000,-48200.000,-157875.000,-48025.000,-157750.000,-48025.000,土地区画整理所在図,法第14条1項地図,P-F,,,,,,
46201-3400-335.zip,10,500,false,-157875.000,-48200.000,-157750.000,-48200.000,-157875.000,-48025.000,-157750.000,-48025.000,土地区画整理所在図,法第14条1項地図,P-F,,,,,,
46201-3400-335.zip,15,500,false,-158000.000,-48200.000,-157875.000,-48200.000,-158000.000,-48025.000,-157875.000,-48025.000,土地区画整理所在図,法第14条1項地図,P-F,,,,,,
46201-3400-336.zip,157-5,1000,false,-280.066,-165.613,141.029,-322.371,-90.102,345.095,331.046,188.114,旧土地台帳附属地図,地図に準ずる図面,P-F,,,,1992,1,11
46201-3400-336.zip,157-6,1000,false,-290.382,498.678,119.395,314.347,-67.433,995.317,342.389,811.243,旧土地台帳附属地図,地図に準ずる図面,P-F,,,,1992,1,11
46201-3400-337.zip,157-803,,false,-679.510,-128.460,-410.132,-134.382,-672.381,198.322,-402.857,192.130,旧土地台帳附属地図,地図に準ずる図面,P-F,,,,,,
46201-3400-337.zip,157-3,,true,-1059.263,-160.273,-789.210,-159.435,-1059.872,167.196,-789.934,167.463,旧土地台帳附属地図,地図に準ずる図面,P-F,,,,,,
46201-3400-337.zip,157-804,,false,-1568.325,72.602,-1478.875,-181.883,-1259.487,180.798,-1170.517,-73.816,旧土地台帳附属地図,地図に準ずる図面,P-F,,,,,,
46201-3400-337.zip,157-10,,false,-1996.400,-142.565,-1728.273,-172.482,-1960.081,182.505,-1691.896,152.429,旧土地台帳附属地図,地図に準ずる図面,P-F,,,,,,
46201-3400-337.zip,157-968,1000,false,-3305.672,-80.711,-2922.137,-315.282,-3020.753,384.278,-2637.735,148.982,旧土地台帳附属地図,地図に準ずる図面,P-F,,,,,,
46201-3400-337.zip,157-807-1,1000,false,-130.513,642.375,318.497,642.356,-131.076,1186.571,318.251,1186.806,旧土地台帳附属地図,地図に準ずる図面,P-F,,,,1983,10,21
46201-3400-337.zip,159-956,,false,-1106.688,3172.476,-1367.685,3240.023,-1188.578,2855.962,-1449.667,2923.611,旧土地台帳附属地図,地図に準ずる図面,P-F,,,,,,
46201-3400-337.zip,157-816,1000,false,-3909.400,2912.306,-3459.949,2911.082,-3908.124,3457.135,-3458.546,3455.783,旧土地台帳附属地図,地図に準ずる図面,P-F,,,,1988,4,
46201-3400-337.zip,157-962,,false,-3199.210,919.623,-2963.252,787.879,-3035.242,1213.296,-2799.283,1081.552,旧土地台帳附属地図,地図に準ずる図面,P-F,,,,,,
46201-3400-337.zip,157-965-1,500,false,-65.789,2065.668,-173.692,1879.607,181.115,1922.238,70.855,1737.244,旧土地台帳附属地図,地図に準ずる図面,P-F,,,,,,
46201-3400-337.zip,157-877-1,1000,false,-2727.018,2980.548,-2722.686,3429.663,-3271.761,2985.667,-3266.983,3434.969,旧土地台帳附属地図,地図に準ずる図面,P-F,,,,1987,2,
46201-3400-337.zip,157-827,,false,-2580.277,3231.991,-2579.386,2962.359,-2253.304,3233.087,-2252.528,2963.340,旧土地台帳附属地図,地図に準ずる図面,P-F,,,,,,
46201-3400-337.zip,157-827-1,1000,false,-1569.759,2872.479,-1543.337,3320.838,-2113.588,2904.460,-2086.842,3352.928,旧土地台帳附属地図,地図に準ずる図面,P-F,,,,1987,2,
46201-3400-338.zip,037-699-2,600,false,-168.584,110.167,101.582,111.205,-169.839,436.949,100.327,437.986,旧土地台帳附属地図,地図に準ずる図面,P-F,,,,,,
46201-3400-338.zip,037-699-1,,true,-125.107,204.530,145.059,205.580,-126.378,531.311,143.788,532.361,旧土地台帳附属地図,地図に準ずる図面,P-F,,,,,,
46201-3400-338.zip,037-698,,true,-123.777,-151.249,146.427,-152.177,-122.734,175.495,147.813,174.719,旧土地台帳附属地図,地図に準ずる図面,P-F,,,,,,
46201-3400-339.zip,604-22,,false,1334.366,149.839,1569.024,16.908,1495.872,434.256,1730.149,301.020,旧土地台帳附属地図,地図に準ずる図面,P-F,,,,,,
46201-3400-339.zip,604-26,,false,1079.604,149.483,1306.261,3.332,1256.731,424.375,1483.351,277.881,旧土地台帳附属地図,地図に準ずる図面,P-F,,,,,,
46201-3400-339.zip,604-74,,false,1086.912,47.580,1243.884,266.579,821.240,237.890,978.441,456.851,旧土地台帳附属地図,地図に準ずる図面,P-F,,,,,,
46201-3400-339.zip,604-77,,false,892.655,99.522,957.883,361.269,575.358,178.884,640.928,440.327,旧土地台帳附属地図,地図に準ずる図面,P-F,,,,,,
46201-3400-339.zip,604-78,,false,609.045,116.620,667.415,379.663,289.957,187.334,348.631,450.453,旧土地台帳附属地図,地図に準ずる図面,P-F,,,,,,
46201-3400-339.zip,604-80,,false,119.424,429.129,34.689,173.059,429.825,326.069,344.748,70.379,旧土地台帳附属地図,地図に準ずる図面,P-F,,,,,,
46201-3400-339.zip,604-81,,false,1641.478,589.746,1746.711,837.701,1340.640,717.381,1446.177,965.374,旧土地台帳附属地図,地図に準ずる図面,P-F,,,,,,
46201-3400-339.zip,604-85,,false,1217.327,610.497,1459.453,729.255,1073.576,904.210,1315.702,1022.587,旧土地台帳附属地図,地図に準ずる図面,P-F,,,,,,
46201-3400-339.zip,604-82,,false,1031.242,1015.444,811.290,859.234,1220.257,748.553,1000.229,592.876,旧土地台帳附属地図,地図に準ずる図面,P-F,,,,,,
46201-3400-339.zip,604-83,,false,738.844,1011.966,599.474,781.042,1018.842,843.107,879.243,612.220,旧土地台帳附属地図,地図に準ずる図面,P-F,,,,,,
46201-3400-339.zip,604-88,,false,653.078,717.438,757.587,965.736,351.821,844.159,456.672,1092.533,旧土地台帳附属地図,地図に準ずる図面,P-F,,,,,,
46201-3400-339.zip,604-1120,,false,16.699,906.053,191.921,701.075,265.530,1118.309,440.333,913.178,旧土地台帳附属地図,地図に準ずる図面,P-F,,,,,,
46201-3400-339.zip,604-1108,500,false,-133.209,796.124,2.866,975.219,-350.303,961.068,-214.027,1140.008,旧土地台帳附属地図,地図に準ずる図面,P-F,,,,,,
46201-3400-34.zip,575,1000,false,5251.403,309.877,5651.140,311.747,5247.058,808.843,5648.052,811.870,土地改良所在図,法第14条1項地図,P-F,,,,1979,11,21
46201-3400-34.zip,576,1000,false,5248.065,1571.124,5647.925,1570.870,5248.065,2070.616,5648.052,2070.616,土地改良所在図,法第14条1項地図,P-F,,,,1979,11,21
46201-3400-34.zip,647,1000,false,5048.028,3094.570,5181.056,2664.578,5564.234,3253.674,5696.519,2823.503,土地区画整理所在図,地図に準ずる図面,P-F,,,,1981,10,15
46201-3400-34.zip,655,1000,false,5092.810,4426.027,5152.019,3980.036,5628.486,4496.800,5687.118,4050.345,土地区画整理所在図,地図に準ずる図面,P-F,,,,1981,10,15
46201-3400-34.zip,665,1000,false,5052.587,5427.910,5271.558,5034.657,5524.134,5690.326,5743.325,5297.199,土地区画整理所在図,地図に準ずる図面,P-F,,,,1981,10,15
46201-3400-34.zip,666,1000,false,3847.410,593.937,4103.130,223.918,4291.476,900.784,4547.243,530.255,土地区画整理所在図,地図に準ずる図面,P-F,,,,1981,10,15
46201-3400-340.zip,S   45-1,500,false,-149178.784,-42619.515,-149028.784,-42619.516,-149178.787,-42419.512,-149028.787,-42419.514,土地改良所在図,法第14条1項地図,P-F,,,,,,
46201-3400-340.zip,S   45-3,500,false,-149328.784,-42619.514,-149178.784,-42619.515,-149328.788,-42419.511,-149178.787,-42419.512,土地改良所在図,法第14条1項地図,P-F,,,,,,
46201-3400-340.zip,S   45-4,500,false,-149328.788,-42419.511,-149178.787,-42419.512,-149328.792,-42219.508,-149178.791,-42219.509,土地改良所在図,法第14条1項地図,P-F,,,,,,
46201-3400-340.zip,S   55-1,500,false,-149478.785,-42619.513,-149328.784,-42619.514,-149478.789,-42419.510,-149328.788,-42419.511,土地改良所在図,法第14条1項地図,P-F,,,,,,
46201-3400-340.zip,S   55-2,500,false,-149478.789,-42419.510,-149328.788,-42419.511,-149478.792,-42219.507,-149328.792,-42219.508,土地改良所在図,法第14条1項地図,P-F,,,,,,
46201-3400-340.zip,S   55-4,500,false,-149628.789,-42419.508,-149478.789,-42419.510,-149628.793,-42219.505,-149478.792,-42219.507,土地改良所在図,法第14条1項地図,P-F,,,,,,
46201-3400-341.zip,067-639-2,,true,12.183,15.630,282.083,11.516,17.326,342.529,287.265,338.452,旧土地台帳附属地図,地図に準ずる図面,P-F,,,,,,
46201-3400-342.zip,067-649-33,,true,12.404,11.714,282.114,12.018,11.985,338.422,281.885,338.574,旧土地台帳附属地図,地図に準ずる図面,P-F,,,,,,
46201-3400-343.zip,067-649-34,,true,-294.580,294.544,-34.323,366.332,-381.346,609.795,-120.979,681.614,旧土地台帳附属地図,地図に準ずる図面,P-F,,,,,,
46201-3400-343.zip,067-634-B,,true,-122.180,-152.228,147.984,-150.963,-124.164,174.398,146.380,175.779,旧土地台帳附属地図,地図に準ずる図面,P-F,,,,,,
46201-3400-343.zip,067-638B,,true,81.621,69.744,351.924,72.759,77.737,396.543,348.383,399.562,旧土地台帳附属地図,地図に準ずる図面,P-F,,,,,,
46201-3400-344.zip,067-601,,true,494.418,95.209,764.624,94.865,494.720,422.185,765.459,421.839,旧土地台帳附属地図,地図に準ずる図面,P-F,,,,,,
46201-3400-344.zip,067-602,,true,388.188,-50.494,658.426,-48.726,385.977,276.473,656.634,278.206,旧土地台帳附属地図,地図に準ずる図面,P-F,,,,,,
46201-3400-344.zip,067-603,,true,174.792,-91.377,444.995,-89.774,172.667,235.477,443.365,237.162,旧土地台帳附属地図,地図に準ずる図面,P-F,,,,,,
46201-3400-344.zip,067-604,,true,287.956,62.432,558.163,62.632,287.644,389.408,558.346,389.572,旧土地台帳附属地図,地図に準ずる図面,P-F,,,,,,
46201-3400-344.zip,067-605,,true,96.238,60.146,366.403,61.966,93.901,387.078,364.599,388.903,旧土地台帳附属地図,地図に準ずる図面,P-F,,,,,,
46201-3400-344.zip,067-606,,true,32.149,-127.937,302.352,-126.805,30.643,199.034,301.380,200.168,旧土地台帳附属地図,地図に準ずる図面,P-F,,,,,,
46201-3400-344.zip,067-607,,true,-54.475,-31.234,215.802,-29.653,-56.474,295.735,214.184,297.317,旧土地台帳附属地図,地図に準ずる図面,P-F,,,,,,
46201-3400-344.zip,067-608,,true,-54.626,164.481,215.574,166.345,-56.981,491.448,213.714,493.317,旧土地台帳附属地図,地図に準ずる図面,P-F,,,,,,
46201-3400-344.zip,067-609,,true,57.362,327.332,327.602,329.236,54.966,654.226,325.663,656.169,旧土地台帳附属地図,地図に準ずる図面,P-F,,,,,,
46201-3400-344.zip,067-610,,true,-70.143,409.569,200.065,410.650,-71.596,736.583,199.069,737.592,旧土地台帳附属地図,地図に準ずる図面,P-F,,,,,,
46201-3400-344.zip,067-611,,true,-180.051,498.995,-173.477,228.830,146.786,507.118,153.373,236.496,旧土地台帳附属地図,地図に準ずる図面,P-F,,,,,,
46201-3400-344.zip,067-612A,,true,-177.466,184.386,92.697,185.913,-179.485,511.279,91.135,512.846,旧土地台帳附属地図,地図に準ずる図面,P-F,,,,,,
46201-3400-344.zip,067-612B,,true,-173.563,-104.837,96.600,-103.310,-175.582,222.056,95.038,223.623,旧土地台帳附属地図,地図に準ずる図面,P-F,,,,,,
46201-3400-344.zip,067-613,,true,-123.689,-151.434,146.487,-152.181,-122.968,175.512,147.741,174.730,旧土地台帳附属地図,地図に準ずる図面,P-F,,,,,,
46201-3400-344.zip,067-614,,true,-343.386,46.412,-73.147,48.254,-345.760,373.341,-75.065,375.188,旧土地台帳附属地図,地図に準ずる図面,P-F,,,,,,
46201-3400-344.zip,067-615,,true,-314.232,216.847,-43.988,216.466,-313.851,543.746,-43.188,543.403,旧土地台帳附属地図,地図に準ずる図面,P-F,,,,,,
46201-3400-344.zip,067-616,,true,-228.910,348.957,41.358,351.721,-232.498,675.799,38.113,678.565,旧土地台帳附属地図,地図に準ずる図面,P-F,,,,,,
46201-3400-344.zip,067-617,,true,-179.714,486.263,90.568,487.595,-181.603,813.044,89.060,814.380,旧土地台帳附属地図,地図に準ずる図面,P-F,,,,,,
46201-3400-344.zip,067-618A,,true,-241.097,693.202,29.140,695.093,-243.659,1019.938,26.959,1021.832,旧土地台帳附属地図,地図に準ずる図面,P-F,,,,,,
46201-3400-344.zip,067-618B,,true,-315.995,418.186,-45.758,420.077,-318.557,744.922,-47.939,746.816,旧土地台帳附属地図,地図に準ずる図面,P-F,,,,,,
46201-3400-344.zip,067-619,,true,-503.095,483.374,-232.868,486.484,-507.076,810.174,-236.468,813.249,旧土地台帳附属地図,地図に準ずる図面,P-F,,,,,,
46201-3400-344.zip,067-620,,true,-424.329,572.608,-154.051,573.953,-426.202,899.424,-155.581,900.734,旧土地台帳附属地図,地図に準ずる図面,P-F,,,,,,
46201-3400-344.zip,067-621,,true,-342.193,685.323,-71.961,687.798,-345.419,1012.092,-74.844,1014.569,旧土地台帳附属地図,地図に準ずる図面,P-F,,,,,,
46201-3400-344.zip,067-622,,true,-290.249,1093.365,-20.005,1094.018,-291.276,1420.186,-20.651,1420.803,旧土地台帳附属地図,地図に準ずる図面,P-F,,,,,,
46201-3400-344.zip,067-623,,true,-290.952,787.560,-20.643,789.959,-294.060,1114.367,-23.409,1116.770,旧土地台帳附属地図,地図に準ずる図面,P-F,,,,,,
46201-3400-344.zip,067-624,,true,-243.828,963.546,26.359,966.734,-247.958,1290.380,22.650,1293.460,旧土地台帳附属地図,地図に準ずる図面,P-F,,,,,,
46201-3400-344.zip,067-625,,true,-342.926,1016.585,-72.653,1018.734,-345.754,1343.433,-75.100,1345.547,旧土地台帳附属地図,地図に準ずる図面,P-F,,,,,,
46201-3400-344.zip,067-626A,,true,-314.286,1308.647,-44.044,1309.751,-315.915,1635.427,-45.254,1636.571,旧土地台帳附属地図,地図に準ずる図面,P-F,,,,,,
46201-3400-344.zip,067-626B,,true,-307.123,1277.676,-36.881,1278.780,-308.752,1604.456,-38.091,1605.600,旧土地台帳附属地図,地図に準ずる図面,P-F,,,,,,
46201-3400-344.zip,067-627,,true,-371.249,1405.552,-100.995,1409.416,-376.223,1732.298,-105.589,1736.205,旧土地台帳附属地図,地図に準ずる図面,P-F,,,,,,
46201-3400-344.zip,067-628,,true,-476.086,1235.545,-205.805,1236.916,-477.937,1562.327,-207.313,1563.700,旧土地台帳附属地図,地図に準ずる図面,P-F,,,,,,
46201-3400-344.zip,067-630,,true,-389.556,1646.139,-119.432,1647.921,-392.010,1972.876,-121.391,1974.701,旧土地台帳附属地図,地図に準ずる図面,P-F,,,,,,
46201-3400-344.zip,067-631-1,,true,-360.830,2095.410,-340.700,1825.956,-35.012,2120.030,-14.855,1850.196,旧土地台帳附属地図,地図に準ずる図面,P-F,,,,,,
46201-3400-344.zip,067-631-2,,true,-426.327,1913.948,-158.047,1884.071,-389.973,2238.857,-121.709,2208.829,旧土地台帳附属地図,地図に準ずる図面,P-F,,,,,,
46201-3400-344.zip,067-632-1,,true,-587.676,1212.314,-317.439,1214.458,-590.568,1539.087,-319.950,1541.235,,,P-F,,,,,,
46201-3400-345.zip,067-632-3,,true,-130.359,-66.173,50.812,-150.952,-24.524,160.180,156.678,75.317,旧土地台帳附属地図,地図に準ずる図面,P-F,,,,1985,3,28
46201-3400-345.zip,067-632-4,,true,-24.524,160.103,156.673,75.383,81.313,386.489,262.500,301.670,旧土地台帳附属地図,地図に準ずる図面,P-F,,,,1985,3,28
46201-3400-345.zip,067-632-5,,true,-311.533,18.452,-130.334,-66.190,-205.820,244.864,-24.590,160.133,旧土地台帳附属地図,地図に準ずる図面,P-F,,,,1985,3,28
46201-3400-346.zip,067-649-1,,true,100200.000,100000.000,100400.000,100000.000,100200.000,100250.000,100400.000,100250.000,旧土地台帳附属地図,地図に準ずる図面,P-F,,,,1991,12,
46201-3400-346.zip,067649-2-2,,true,100400.000,100250.000,100600.000,100250.000,100400.000,100500.000,100600.000,100500.000,旧土地台帳附属地図,地図に準ずる図面,P-F,,,,1992,12,
46201-3400-346.zip,067-649-4,,true,100000.000,100250.000,100200.000,100250.000,100000.000,100500.000,100200.000,100500.000,旧土地台帳附属地図,地図に準ずる図面,P-F,,,,1991,12,
46201-3400-346.zip,067-649-2,,true,100200.000,100250.000,100400.000,100250.000,100200.000,100500.000,100400.000,100500.000,旧土地台帳附属地図,地図に準ずる図面,P-F,,,,1991,12,
46201-3400-346.zip,067649302,500,false,100400.000,100500.000,100600.000,100500.000,100400.000,100750.000,100600.000,100750.000,旧土地台帳附属地図,地図に準ずる図面,P-F,,,,1991,12,
46201-3400-346.zip,067-649-3,,true,100200.000,100500.000,100400.000,100500.000,100200.000,100750.000,100400.000,100750.000,旧土地台帳附属地図,地図に準ずる図面,P-F,,,,1991,12,
46201-3400-346.zip,067-649-5,,true,100000.000,100500.000,100200.000,100500.000,100000.000,100750.000,100200.000,100750.000,旧土地台帳附属地図,地図に準ずる図面,P-F,,,,1991,12,
46201-3400-347.zip,067-649-13,500,false,100000.000,100250.000,100200.000,100250.000,100000.000,100500.000,100200.000,100500.000,旧土地台帳附属地図,地図に準ずる図面,P-F,,,,1991,12,
46201-3400-347.zip,067-649-12,500,false,100000.000,100000.000,100200.000,100000.000,100000.000,100250.000,100200.000,100250.000,旧土地台帳附属地図,地図に準ずる図面,P-F,,,,1991,12,
46201-3400-347.zip,067-649-36,500,false,100200.000,99750.000,100400.000,99750.000,100200.000,100000.000,100400.000,100000.000,旧土地台帳附属地図,地図に準ずる図面,P-F,,,,,,
46201-3400-347.zip,067-649-10,500,false,100200.000,100000.000,100400.000,100000.000,100200.000,100250.000,100400.000,100250.000,旧土地台帳附属地図,地図に準ずる図面,P-F,,,,1991,12,
46201-3400-347.zip,067-649-11,500,false,100200.000,100250.000,100400.000,100250.000,100200.000,100500.000,100400.000,100500.000,旧土地台帳附属地図,地図に準ずる図面,P-F,,,,1991,12,
46201-3400-347.zip,067-649-9,500,false,100400.000,100250.000,100600.000,100250.000,100400.000,100500.000,100600.000,100500.000,旧土地台帳附属地図,地図に準ずる図面,P-F,,,,1991,12,
46201-3400-347.zip,067-649-8,500,false,100400.000,100000.000,100600.000,100000.000,100400.000,100250.000,100600.000,100250.000,旧土地台帳附属地図,地図に準ずる図面,P-F,,,,1991,12,
46201-3400-347.zip,067-649-6,500,false,100600.000,100000.000,100800.000,100000.000,100600.000,100250.000,100800.000,100250.000,旧土地台帳附属地図,地図に準ずる図面,P-F,,,,1991,12,
46201-3400-347.zip,067-649-7,500,false,100600.000,100250.000,100800.000,100250.000,100600.000,100500.000,100800.000,100500.000,旧土地台帳附属地図,地図に準ずる図面,P-F,,,,1991,12,
46201-3400-348.zip,0676491502,500,false,100400.000,100500.000,100600.000,100500.000,100400.000,100750.000,100600.000,100750.000,旧土地台帳附属地図,地図に準ずる図面,P-F,,,,,,
46201-3400-348.zip,0676491402,500,false,100600.000,100500.000,100800.000,100500.000,100600.000,100750.000,100800.000,100750.000,旧土地台帳附属地図,地図に準ずる図面,P-F,,,,,,
46201-3400-348.zip,067-649-17,,true,100000.000,100250.000,100200.000,100250.000,100000.000,100500.000,100200.000,100500.000,旧土地台帳附属地図,地図に準ずる図面,P-F,,,,,,
46201-3400-348.zip,067-649-16,,true,100200.000,100250.000,100400.000,100250.000,100200.000,100500.000,100400.000,100500.000,旧土地台帳附属地図,地図に準ずる図面,P-F,,,,1991,12,
46201-3400-348.zip,0676491501,500,false,100400.000,100250.000,100600.000,100250.000,100400.000,100500.000,100600.000,100500.000,旧土地台帳附属地図,地図に準ずる図面,P-F,,,,1991,12,
46201-3400-348.zip,0676491401,500,false,100600.000,100250.000,100800.000,100250.000,100600.000,100500.000,100800.000,100500.000,旧土地台帳附属地図,地図に準ずる図面,P-F,,,,1991,12,
46201-3400-349.zip,067-649-20,,true,100800.000,100500.000,101000.000,100500.000,100800.000,100750.000,101000.000,100750.000,旧土地台帳附属地図,地図に準ずる図面,P-F,,,,,,
46201-3400-349.zip,067-649-23,,true,100600.000,100500.000,100800.000,100500.000,100600.000,100750.000,100800.000,100750.000,旧土地台帳附属地図,地図に準ずる図面,P-F,,,,,,
46201-3400-349.zip,067-649-26,,true,100400.000,100500.000,100600.000,100500.000,100400.000,100750.000,100600.000,100750.000,旧土地台帳附属地図,地図に準ずる図面,P-F,,,,,,
46201-3400-349.zip,067-649-29,,true,100200.000,100500.000,100400.000,100500.000,100200.000,100750.000,100400.000,100750.000,旧土地台帳附属地図,地図に準ずる図面,P-F,,,,,,
46201-3400-349.zip,067-649-19,,true,100800.000,100250.000,101000.000,100250.000,100800.000,100500.000,101000.000,100500.000,旧土地台帳附属地図,地図に準ずる図面,P-F,,,,,,
46201-3400-349.zip,067-649-22,,true,100600.000,100250.000,100800.000,100250.000,100600.000,100500.000,100800.000,100500.000,旧土地台帳附属地図,地図に準ずる図面,P-F,,,,,,
46201-3400-349.zip,067-649-25,,true,100400.000,100250.000,100600.000,100250.000,100400.000,100500.000,100600.000,100500.000,旧土地台帳附属地図,地図に準ずる図面,P-F,,,,,,
46201-3400-349.zip,067-649-28,,true,100200.000,100250.000,100400.000,100250.000,100200.000,100500.000,100400.000,100500.000,旧土地台帳附属地図,地図に準ずる図面,P-F,,,,,,
46201-3400-349.zip,067-649-31,,true,100000.000,100250.000,100200.000,100250.000,100000.000,100500.000,100200.000,100500.000,旧土地台帳附属地図,地図に準ずる図面,P-F,,,,,,
46201-3400-349.zip,067-649-18,,true,100800.000,100000.000,101000.000,100000.000,100800.000,100250.000,101000.000,100250.000,旧土地台帳附属地図,地図に準ずる図面,P-F,,,,,,
46201-3400-349.zip,067-649-21,,true,100600.000,100000.000,100800.000,100000.000,100600.000,100250.000,100800.000,100250.000,旧土地台帳附属地図,地図に準ずる図面,P-F,,,,,,
46201-3400-349.zip,067-649-24,,true,100400.000,100000.000,100600.000,100000.000,100400.000,100250.000,100600.000,100250.000,旧土地台帳附属地図,地図に準ずる図面,P-F,,,,,,
46201-3400-349.zip,067-649-27,,true,100200.000,100000.000,100400.000,100000.000,100200.000,100250.000,100400.000,100250.000,旧土地台帳附属地図,地図に準ずる図面,P-F,,,,,,
46201-3400-349.zip,067-649-30,,true,100000.000,100000.000,100200.000,100000.000,100000.000,100250.000,100200.000,100250.000,旧土地台帳附属地図,地図に準ずる図面,P-F,,,,,,
46201-3400-35.zip,970-2,500,false,0.000,0.000,200.000,0.000,0.000,250.000,200.000,250.000,土地改良所在図,法第14条1項地図,P-F,,,,1986,2,19
46201-3400-350.zip,067-633-4,,true,144.978,11.846,415.032,15.160,141.016,338.630,411.107,342.059,旧土地台帳附属地図,地図に準ずる図面,P-F,,,,,,
46201-3400-350.zip,067-633-5,,true,121.235,175.992,391.212,180.411,116.015,502.738,386.069,507.272,旧土地台帳附属地図,地図に準ずる図面,P-F,,,,,,
46201-3400-350.zip,067-633-6,,true,16.763,458.025,211.225,270.763,243.534,693.331,438.111,506.108,旧土地台帳附属地図,地図に準ずる図面,P-F,,,,,,
46201-3400-351.zip,148-600-32,500,true,294.806,531.654,210.637,350.620,520.949,426.643,436.601,245.445,,,P-F,,,,,,
46201-3400-351.zip,148-600-33,500,true,470.119,473.295,385.033,292.931,695.580,366.751,610.325,186.328,,,P-F,,,,,,
46201-3400-351.zip,148-600-34,500,true,638.796,308.955,555.981,127.474,865.597,205.146,782.607,23.815,,,P-F,,,,,,
46201-3400-351.zip,148-600-35,500,true,522.612,584.983,437.197,404.640,747.921,477.981,662.306,297.661,,,P-F,,,,,,
46201-3400-351.zip,148-600-36,500,true,740.203,475.295,655.206,294.749,965.676,368.921,880.595,188.274,,,P-F,,,,,,
46201-3400-351.zip,148-600-45,500,false,1095.595,180.736,1283.532,248.102,1011.551,416.088,1199.582,483.387,その他,地図に準ずる図面,P-F,,,,,,
46201-3400-351.zip,148-600-46,500,false,1011.523,416.133,1199.484,483.283,927.558,651.443,1115.583,718.649,,,P-F,,,,,,
46201-3400-351.zip,148-600-47,500,false,907.635,113.472,1095.603,180.841,823.495,348.819,1011.514,416.140,その他,地図に準ずる図面,P-F,,,,,,
46201-3400-351.zip,148-600-48,500,false,823.433,348.923,1011.524,416.134,739.472,584.334,927.534,651.535,,,P-F,,,,,,
46201-3400-351.zip,148-600-27,500,true,125.206,205.519,39.092,25.646,350.060,97.625,263.762,-82.266,その他,地図に準ずる図面,P-F,,,,,,
46201-3400-351.zip,148-600-28,500,true,300.984,61.083,213.187,-117.971,524.807,-48.852,436.769,-228.035,その他,地図に準ずる図面,P-F,,,,,,
46201-3400-351.zip,148-600-29,500,true,76.404,424.635,-8.659,244.120,301.926,318.135,216.751,137.530,,,P-F,,,,,,
46201-3400-351.zip,148-600-30,500,true,218.449,366.099,132.339,186.225,443.233,258.207,356.868,78.314,,,P-F,,,,,,
46201-3400-351.zip,148-600-31,500,true,130.041,607.588,44.359,427.404,355.049,500.317,269.368,320.064,,,P-F,,,,,,
46201-3400-351.zip,148-601-1,500,false,308.943,525.726,494.301,451.732,401.577,757.349,586.993,683.332,,,P-F,,,,,,
46201-3400-351.zip,148-602,500,false,158.135,600.549,337.695,513.206,267.461,824.990,447.178,737.534,,,P-F,,,,,,
46201-3400-351.zip,148-601-4,500,false,412.615,680.143,594.536,597.446,516.150,907.522,698.045,824.767,,,P-F,,,,,,
46201-3400-351.zip,148-599-5,500,false,-23.956,681.309,158.720,600.532,77.099,909.627,259.792,828.808,,,P-F,,,,,,
46201-3400-351.zip,148-599-4,500,false,40.820,950.856,222.742,868.546,143.782,1178.252,325.822,1095.889,,,P-F,,,,,,
46201-3400-351.zip,148-599-3,500,false,193.399,881.802,375.098,798.912,297.052,1108.855,478.867,1025.913,,,P-F,,,,,,
46201-3400-351.zip,148-599-1,500,false,392.202,955.358,573.944,872.570,495.734,1182.463,677.592,1099.623,,,P-F,,,,,,
46201-3400-351.zip,148-599-62,500,false,455.170,816.500,637.403,734.916,557.284,1044.303,739.650,962.627,,,P-F,,,,,,
46201-3400-351.zip,148-599-61,500,false,886.850,814.900,790.423,1018.028,640.837,698.420,544.439,901.562,その他,地図に準ずる図面,P-F,,,,,,
46201-3400-351.zip,148-600371,500,true,703.186,804.288,617.567,623.829,928.775,697.205,843.127,516.759,,,P-F,,,,,,
46201-3400-351.zip,148-600372,500,true,470.425,920.670,373.950,717.459,716.416,803.775,620.015,600.495,,,P-F,,,,,,
46201-3400-351.zip,599-7,500,false,495.720,1182.469,677.578,1099.629,598.915,1409.745,780.785,1327.239,,,P-F,,,,,,
46201-3400-351.zip,148-599-2,500,false,324.940,805.864,506.598,723.048,428.472,1032.963,610.130,950.147,,,P-F,,,,,,
46201-3400-351.zip,599-8,500,false,677.574,1099.631,859.316,1016.841,780.781,1327.241,962.783,1243.975,,,P-F,,,,,,
46201-3400-352.zip,071-33,,true,-332.828,7.874,-63.763,-16.524,-303.261,333.549,-34.185,308.844,旧土地台帳附属地図,地図に準ずる図面,P-F,,,,,,
46201-3400-352.zip,071-34,,true,85.708,277.521,-184.300,269.360,95.509,-49.461,-174.588,-57.206,旧土地台帳附属地図,地図に準ずる図面,P-F,,,,,,
46201-3400-352.zip,071-35,,true,-33.184,79.640,236.920,83.518,-37.911,406.544,232.273,410.195,旧土地台帳附属地図,地図に準ずる図面,P-F,,,,,,
46201-3400-352.zip,071-36,,true,-14.859,315.556,255.181,308.517,-6.414,642.309,263.699,635.154,旧土地台帳附属地図,地図に準ずる図面,P-F,,,,,,
46201-3400-352.zip,071-37,,true,92.344,283.187,362.481,279.026,97.563,610.351,367.732,605.694,旧土地台帳附属地図,地図に準ずる図面,P-F,,,,,,
46201-3400-352.zip,071-38,,true,119.833,144.488,389.892,150.725,112.332,471.417,382.514,477.352,旧土地台帳附属地図,地図に準ずる図面,P-F,,,,,,
46201-3400-352.zip,071-39,,true,145.943,6.529,415.980,15.001,135.749,333.308,405.831,341.554,旧土地台帳附属地図,地図に準ずる図面,P-F,,,,,,
46201-3400-352.zip,071-40,,true,-1.391,-52.743,268.487,-65.268,13.889,273.953,283.561,261.056,旧土地台帳附属地図,地図に準ずる図面,P-F,,,,,,
46201-3400-352.zip,071-41,,true,-126.763,-148.610,143.324,-155.278,-118.798,178.079,151.325,171.333,旧土地台帳附属地図,地図に準ずる図面,P-F,,,,,,
46201-3400-352.zip,071-42,,true,-309.632,-174.573,-39.733,-185.754,-295.951,152.384,-26.033,140.706,旧土地台帳附属地図,地図に準ずる図面,P-F,,,,,,
46201-3400-352.zip,071-43,,true,-446.296,-102.765,-176.535,-87.242,-465.063,223.596,-195.255,238.969,旧土地台帳附属地図,地図に準ずる図面,P-F,,,,,,
46201-3400-352.zip,071-44,,true,-321.420,-287.265,-51.325,-295.039,-311.915,39.611,-41.789,31.532,旧土地台帳附属地図,地図に準ずる図面,P-F,,,,,,
46201-3400-352.zip,071-45,,true,-247.399,-461.557,22.765,-459.983,-249.261,-134.472,20.983,-133.278,旧土地台帳附属地図,地図に準ずる図面,P-F,,,,,,
46201-3400-352.zip,071-46,,true,-112.586,-632.500,157.496,-627.330,-118.841,-305.545,151.361,-300.639,旧土地台帳附属地図,地図に準ずる図面,P-F,,,,,,
46201-3400-352.zip,071-47,,true,105.416,-603.745,374.699,-625.609,131.906,-277.843,401.247,-299.941,旧土地台帳附属地図,地図に準ずる図面,P-F,,,,,,
46201-3400-352.zip,071-48,,true,63.407,-453.374,333.466,-461.080,72.660,-126.643,342.753,-134.502,旧土地台帳附属地図,地図に準ずる図面,P-F,,,,,,
46201-3400-352.zip,071-49,,true,32.314,-251.183,302.294,-241.066,20.131,75.719,290.165,85.418,旧土地台帳附属地図,地図に準ずる図面,P-F,,,,,,
46201-3400-352.zip,071-50,,true,264.258,-247.709,533.791,-229.173,241.801,78.457,511.423,96.809,旧土地台帳附属地図,地図に準ずる図面,P-F,,,,,,
46201-3400-352.zip,071-51,,true,268.520,-519.604,538.680,-521.770,271.058,-192.713,541.292,-195.033,旧土地台帳附属地図,地図に準ずる図面,P-F,,,,,,
46201-3400-352.zip,071-52,,true,398.940,-583.657,669.080,-587.560,403.893,-256.413,674.104,-260.888,旧土地台帳附属地図,地図に準ずる図面,P-F,,,,,,
46201-3400-352.zip,071-53,,true,479.194,-483.269,749.132,-495.329,493.930,-156.434,763.888,-168.914,旧土地台帳附属地図,地図に準ずる図面,P-F,,,,,,
46201-3400-352.zip,071-54,,true,361.060,-352.193,631.197,-356.326,366.075,-25.293,636.248,-29.655,旧土地台帳附属地図,地図に準ずる図面,P-F,,,,,,
46201-3400-352.zip,071-55,,true,533.347,-295.626,803.515,-295.370,533.178,31.541,803.387,31.379,旧土地台帳附属地図,地図に準ずる図面,P-F,,,,,,
46201-3400-352.zip,071-56,,true,640.538,-439.446,910.703,-444.215,646.297,-112.558,916.498,-117.518,旧土地台帳附属地図,地図に準ずる図面,P-F,,,,,,
46201-3400-352.zip,071-57,,true,558.733,-158.217,828.867,-158.124,558.594,168.650,828.730,168.591,旧土地台帳附属地図,地図に準ずる図面,P-F,,,,,,
46201-3400-352.zip,071-58,,true,427.855,-154.185,697.941,-156.388,430.336,172.518,700.575,170.315,旧土地台帳附属地図,地図に準ずる図面,P-F,,,,,,
46201-3400-352.zip,071-59,,true,350.394,49.039,620.285,38.483,363.090,375.659,633.129,364.984,旧土地台帳附属地図,地図に準ずる図面,P-F,,,,,,
46201-3400-352.zip,071-60,,true,564.171,-2.801,834.291,-0.123,560.779,323.894,830.975,326.573,旧土地台帳附属地図,地図に準ずる図面,P-F,,,,,,
46201-3400-352.zip,071-61,,true,279.733,165.157,549.406,149.395,298.730,491.355,568.477,475.551,旧土地台帳附属地図,地図に準ずる図面,P-F,,,,,,
46201-3400-352.zip,071-62,,true,219.857,232.407,489.829,224.269,229.542,558.975,499.629,550.834,旧土地台帳附属地図,地図に準ずる図面,P-F,,,,,,
46201-3400-353.zip,614,500,false,1927.251,1508.153,2071.013,1335.757,2134.399,1681.084,2278.502,1508.228,土地区画整理所在図,地図に準ずる図面,P-F,,,,1981,10,15
46201-3400-353.zip,615,500,false,1901.516,2109.882,2046.423,1937.946,2108.500,2283.752,2253.351,2111.438,土地区画整理所在図,地図に準ずる図面,P-F,,,,1981,10,15
46201-3400-353.zip,616,500,false,1946.817,2799.509,1980.905,2577.637,2212.692,2841.943,2247.726,2619.578,土地区画整理所在図,地図に準ずる図面,P-F,,,,1981,10,15
46201-3400-353.zip,617,500,false,1357.197,404.060,1367.500,179.250,1627.239,415.718,1636.909,190.845,土地区画整理所在図,地図に準ずる図面,P-F,,,,1981,10,15
46201-3400-353.zip,618,500,false,1380.287,1027.351,1390.738,802.517,1650.066,1038.569,1659.789,813.666,土地区画整理所在図,地図に準ずる図面,P-F,,,,1981,10,15
46201-3400-353.zip,619,500,false,1362.325,1385.453,1584.846,1351.625,1403.034,1652.564,1625.523,1618.741,土地区画整理所在図,地図に準ずる図面,P-F,,,,1981,10,15
46201-3400-353.zip,620,500,false,1377.469,2239.245,1387.522,2014.392,1646.805,2251.661,1657.400,2026.770,土地区画整理所在図,地図に準ずる図面,P-F,,,,1981,10,15
46201-3400-353.zip,621,500,false,1318.024,2811.852,1337.010,2587.544,1587.339,2834.431,1606.003,2610.159,土地区画整理所在図,地図に準ずる図面,P-F,,,,1981,10,15
46201-3400-353.zip,622,500,false,763.541,412.447,763.282,187.526,1033.737,412.278,1033.448,187.167,土地区画整理所在図,地図に準ずる図面,P-F,,,,1981,10,15
46201-3400-353.zip,623,500,false,767.152,1016.397,771.976,791.402,1036.998,1022.264,1041.790,797.236,土地区画整理所在図,地図に準ずる図面,P-F,,,,1981,10,15
46201-3400-353.zip,624,500,false,748.119,1615.525,753.291,1390.757,1018.629,1621.673,1023.589,1396.582,土地区画整理所在図,地図に準ずる図面,P-F,,,,1981,10,15
46201-3400-353.zip,625,500,false,723.942,2153.831,786.598,1937.883,983.140,2229.334,1045.985,2013.077,土地区画整理所在図,地図に準ずる図面,P-F,,,,1981,10,15
46201-3400-353.zip,626,500,false,751.589,2797.841,793.981,2576.726,1017.432,2848.424,1059.488,2627.209,土地区画整理所在図,地図に準ずる図面,P-F,,,,1981,10,15
46201-3400-353.zip,627,500,false,205.794,405.851,210.014,180.844,475.882,410.790,479.882,185.714,土地区画整理所在図,地図に準ずる図面,P-F,,,,1981,10,15
46201-3400-353.zip,590-2,600,false,2635.555,2370.412,2903.230,2408.460,2590.070,2690.409,2857.745,2728.458,土地区画整理所在図,地図に準ずる図面,P-F,,,,,,
46201-3400-353.zip,586,600,true,2593.203,102.370,2857.089,160.121,2524.014,418.979,2787.881,476.454,土地区画整理所在図,地図に準ずる図面,P-F,,,,1980,6,
46201-3400-353.zip,592,600,true,1993.306,713.193,2256.857,773.880,1920.729,1028.786,2183.881,1089.180,土地区画整理所在図,地図に準ずる図面,P-F,,,,1980,6,
46201-3400-353.zip,591,600,true,1969.891,122.584,2240.130,133.206,1956.600,445.067,2226.456,456.509,土地区画整理所在図,地図に準ずる図面,P-F,,,,1980,6,
46201-3400-353.zip,590-1,600,true,2592.333,2503.317,2860.008,2541.362,2546.851,2823.316,2814.526,2861.361,土地区画整理所在図,地図に準ずる図面,P-F,,,,1980,6,
46201-3400-353.zip,589,600,true,2570.696,1906.769,2837.267,1950.706,2520.753,2228.834,2787.581,2269.995,土地区画整理所在図,地図に準ずる図面,P-F,,,,1980,6,
46201-3400-353.zip,588,600,true,2576.860,1312.044,2841.459,1366.989,2510.970,1628.810,2775.457,1683.733,土地区画整理所在図,地図に準ずる図面,P-F,,,,1980,6,
46201-3400-353.zip,587,600,true,2615.016,729.283,2878.444,788.951,2543.580,1045.091,2807.159,1104.286,土地区画整理所在図,地図に準ずる図面,P-F,,,,1980,6,
46201-3400-355.zip,167-51502,500,false,-164278.850,-46419.313,-164078.848,-46419.313,-164278.854,-46169.318,-164078.852,-46169.319,土地区画整理所在図,法第14条1項地図（国調法19-5指定）,P-F,,,,2000,3,9
46201-3400-355.zip,167-51503,500,false,-164378.850,-46469.311,-164178.848,-46469.312,-164378.855,-46219.316,-164178.852,-46219.317,土地区画整理所在図,法第14条1項地図（国調法19-5指定）,P-F,,,,2000,3,9
46201-3400-355.zip,167-51504,500,false,-164278.848,-46519.311,-164078.846,-46519.311,-164278.853,-46269.316,-164078.850,-46269.317,土地区画整理所在図,法第14条1項地図（国調法19-5指定）,P-F,,,,2000,3,9
46201-3400-355.zip,167-51505,500,false,-164378.850,-46519.310,-164178.847,-46519.311,-164378.854,-46269.315,-164178.852,-46269.316,土地区画整理所在図,法第14条1項地図（国調法19-5指定）,P-F,,,,2000,3,9
46201-3400-355.zip,167-51506,500,false,-164428.851,-46469.311,-164228.849,-46469.312,-164428.855,-46219.316,-164228.853,-46219.317,土地区画整理所在図,法第14条1項地図（国調法19-5指定）,P-F,,,,2000,3,9
46201-3400-355.zip,167-51507,500,false,-164328.852,-46369.314,-164128.849,-46369.314,-164328.856,-46119.319,-164128.854,-46119.319,土地区画整理所在図,法第14条1項地図（国調法19-5指定）,P-F,,,,2000,3,9
46201-3400-355.zip,167-51508,500,false,-164278.852,-46319.315,-164078.849,-46319.315,-164278.856,-46069.320,-164078.854,-46069.321,土地区画整理所在図,法第14条1項地図（国調法19-5指定）,P-F,,,,2000,3,9
46201-3400-355.zip,167-51509,500,false,-164428.854,-46319.314,-164228.851,-46319.315,-164428.858,-46069.319,-164228.856,-46069.320,土地区画整理所在図,法第14条1項地図（国調法19-5指定）,P-F,,,,2000,3,9
46201-3400-355.zip,167-51510,500,false,-164528.856,-46269.315,-164328.853,-46269.316,-164528.860,-46019.320,-164328.858,-46019.321,土地区画整理所在図,法第14条1項地図（国調法19-5指定）,P-F,,,,2000,3,9
46201-3400-355.zip,167-51511,500,false,-164628.857,-46269.315,-164428.854,-46269.315,-164628.861,-46019.320,-164428.859,-46019.320,土地区画整理所在図,法第14条1項地図（国調法19-5指定）,P-F,,,,2000,3,9
46201-3400-355.zip,167-51512,500,false,-164578.854,-46419.312,-164378.851,-46419.312,-164578.858,-46169.317,-164378.856,-46169.318,土地区画整理所在図,法第14条1項地図（国調法19-5指定）,P-F,,,,2000,3,9
46201-3400-355.zip,167-51513,500,false,-164678.855,-46419.311,-164478.853,-46419.312,-164678.859,-46169.316,-164478.857,-46169.317,土地区画整理所在図,法第14条1項地図（国調法19-5指定）,P-F,,,,2000,3,9
46201-3400-355.zip,167-51514,500,false,-164578.852,-46519.310,-164378.850,-46519.310,-164578.856,-46269.315,-164378.854,-46269.315,土地区画整理所在図,法第14条1項地図（国調法19-5指定）,P-F,,,,2000,3,9
46201-3400-355.zip,167-51515,500,false,-164678.854,-46469.310,-164478.852,-46469.311,-164678.858,-46219.315,-164478.856,-46219.316,土地区画整理所在図,法第14条1項地図（国調法19-5指定）,P-F,,,,2000,3,9
46201-3400-355.zip,167-51501,500,false,-164228.850,-46369.314,-164028.848,-46369.315,-164228.855,-46119.319,-164028.853,-46119.320,土地区画整理所在図,法第14条1項地図（国調法19-5指定）,P-F,,,,2000,3,9
46201-3400-356.zip,167-62201,500,false,-164278.847,-46619.309,-164078.844,-46619.310,-164278.851,-46369.314,-164078.849,-46369.314,土地区画整理所在図,法第14条1項地図（国調法19-5指定）,P-F,,,,2000,3,9
46201-3400-356.zip,167-62202,500,false,-164278.845,-46719.307,-164078.842,-46719.308,-164278.849,-46469.312,-164078.847,-46469.312,土地区画整理所在図,法第14条1項地図（国調法19-5指定）,P-F,,,,2000,3,9
46201-3400-356.zip,167-62203,500,false,-164328.843,-46869.304,-164128.840,-46869.305,-164328.847,-46619.309,-164128.845,-46619.309,土地区画整理所在図,法第14条1項地図（国調法19-5指定）,P-F,,,,2000,3,9
46201-3400-356.zip,167-62204,500,false,-164378.844,-46869.304,-164178.841,-46869.305,-164378.848,-46619.309,-164178.845,-46619.309,土地区画整理所在図,法第14条1項地図（国調法19-5指定）,P-F,,,,2000,3,9
46201-3400-356.zip,167-62205,500,false,-164378.846,-46719.307,-164178.844,-46719.308,-164378.850,-46469.311,-164178.848,-46469.312,土地区画整理所在図,法第14条1項地図（国調法19-5指定）,P-F,,,,2000,3,9
46201-3400-356.zip,167-62206,500,false,-164378.849,-46569.309,-164178.846,-46569.310,-164378.853,-46319.314,-164178.851,-46319.315,土地区画整理所在図,法第14条1項地図（国調法19-5指定）,P-F,,,,2000,3,9
46201-3400-356.zip,167-62207,500,false,-164428.848,-46669.308,-164228.845,-46669.308,-164428.852,-46419.312,-164228.849,-46419.313,土地区画整理所在図,法第14条1項地図（国調法19-5指定）,P-F,,,,2000,3,9
46201-3400-356.zip,167-62208,500,false,-164428.845,-46869.304,-164228.842,-46869.305,-164428.849,-46619.308,-164228.846,-46619.309,土地区画整理所在図,法第14条1項地図（国調法19-5指定）,P-F,,,,2000,3,9
46201-3400-356.zip,167-62209,500,false,-164528.845,-46919.303,-164328.842,-46919.304,-164528.849,-46669.307,-164328.846,-46669.308,土地区画整理所在図,法第14条1項地図（国調法19-5指定）,P-F,,,,2000,3,9
46201-3400-356.zip,167-62210,500,false,-164528.847,-46819.305,-164328.844,-46819.305,-164528.851,-46569.309,-164328.848,-46569.310,土地区画整理所在図,法第14条1項地図（国調法19-5指定）,P-F,,,,2000,3,9
46201-3400-356.zip,167-62211,500,false,-164628.848,-46869.303,-164428.845,-46869.304,-164628.851,-46619.308,-164428.849,-46619.308,土地区画整理所在図,法第14条1項地図（国調法19-5指定）,P-F,,,,2000,3,9
46201-3400-356.zip,167-62212,500,false,-164678.848,-46919.302,-164478.845,-46919.303,-164678.851,-46669.307,-164478.849,-46669.307,土地区画整理所在図,法第14条1項地図（国調法19-5指定）,P-F,,,,2000,3,9
46201-3400-356.zip,167-62213,500,false,-164778.849,-46919.302,-164578.846,-46919.303,-164778.853,-46669.306,-164578.850,-46669.307,土地区画整理所在図,法第14条1項地図（国調法19-5指定）,P-F,,,,2000,3,9
46201-3400-356.zip,167-62214,500,false,-164678.849,-46819.304,-164478.846,-46819.305,-164678.853,-46569.308,-164478.850,-46569.309,土地区画整理所在図,法第14条1項地図（国調法19-5指定）,P-F,,,,2000,3,9
46201-3400-356.zip,167-62215,500,false,-164628.850,-46719.306,-164428.847,-46719.307,-164628.854,-46469.310,-164428.851,-46469.311,土地区画整理所在図,法第14条1項地図（国調法19-5指定）,P-F,,,,2000,3,9
46201-3400-356.zip,167-62216,500,false,-164478.849,-46669.307,-164278.846,-46669.308,-164478.853,-46419.312,-164278.850,-46419.313,土地区画整理所在図,法第14条1項地図（国調法19-5指定）,P-F,,,,2000,3,9
46201-3400-356.zip,167-62217,500,false,-164528.851,-46569.309,-164328.848,-46569.310,-164528.855,-46319.314,-164328.852,-46319.315,土地区画整理所在図,法第14条1項地図（国調法19-5指定）,P-F,,,,2000,3,9
46201-3400-356.zip,167-62218,500,false,-164628.851,-46619.308,-164428.849,-46619.308,-164628.855,-46369.313,-164428.853,-46369.313,土地区画整理所在図,法第14条1項地図（国調法19-5指定）,P-F,,,,2000,3,9
46201-3400-356.zip,167-62219,500,false,-164578.852,-46519.310,-164378.850,-46519.310,-164578.856,-46269.315,-164378.854,-46269.315,土地区画整理所在図,法第14条1項地図（国調法19-5指定）,P-F,,,,2000,3,9
46201-3400-356.zip,167-62220,500,false,-164678.853,-46519.309,-164478.851,-46519.310,-164678.857,-46269.314,-164478.855,-46269.315,土地区画整理所在図,法第14条1項地図（国調法19-5指定）,P-F,,,,2000,3,9
46201-3400-356.zip,167-62221,500,false,-164728.853,-46619.307,-164528.850,-46619.308,-164728.856,-46369.312,-164528.854,-46369.313,土地区画整理所在図,法第14条1項地図（国調法19-5指定）,P-F,,,,2000,3,9
46201-3400-356.zip,167-62222,500,false,-164728.850,-46819.304,-164528.847,-46819.305,-164728.853,-46569.308,-164528.851,-46569.309,土地区画整理所在図,法第14条1項地図（国調法19-5指定）,P-F,,,,2000,3,9
46201-3400-357.zip,167-1902,500,false,-163628.846,-46269.320,-163428.845,-46269.322,-163628.851,-46019.326,-163428.850,-46019.328,土地区画整理所在図,法第14条1項地図（国調法19-5指定）,P-F,,,,2000,3,9
46201-3400-357.zip,167-1903,500,false,-163728.847,-46269.319,-163528.846,-46269.321,-163728.852,-46019.325,-163528.851,-46019.327,土地区画整理所在図,法第14条1項地図（国調法19-5指定）,P-F,,,,2000,3,9
46201-3400-357.zip,167-1904,500,false,-163628.844,-46369.318,-163428.843,-46369.320,-163628.849,-46119.324,-163428.848,-46119.326,土地区画整理所在図,法第14条1項地図（国調法19-5指定）,P-F,,,,2000,3,9
46201-3400-357.zip,167-1905,500,false,-163778.846,-46369.317,-163578.844,-46369.319,-163778.851,-46119.322,-163578.849,-46119.324,土地区画整理所在図,法第14条1項地図（国調法19-5指定）,P-F,,,,2000,3,9
46201-3400-357.zip,167-1906,500,false,-163878.846,-46419.315,-163678.844,-46419.317,-163878.850,-46169.320,-163678.849,-46169.322,土地区画整理所在図,法第14条1項地図（国調法19-5指定）,P-F,,,,2000,3,9
46201-3400-357.zip,167-1907,500,false,-163978.847,-46369.315,-163778.846,-46369.317,-163978.852,-46119.320,-163778.851,-46119.322,土地区画整理所在図,法第14条1項地図（国調法19-5指定）,P-F,,,,2000,3,9
46201-3400-357.zip,167-1908,500,false,-164078.849,-46369.314,-163878.846,-46369.316,-164078.853,-46119.320,-163878.851,-46119.321,土地区画整理所在図,法第14条1項地図（国調法19-5指定）,P-F,,,,2000,3,9
46201-3400-357.zip,167-1909,500,false,-164128.848,-46419.313,-163928.846,-46419.314,-164128.853,-46169.318,-163928.851,-46169.319,土地区画整理所在図,法第14条1項地図（国調法19-5指定）,P-F,,,,2000,3,9
46201-3400-357.zip,167-1910,500,false,-164028.846,-46469.313,-163828.844,-46469.314,-164028.851,-46219.318,-163828.849,-46219.319,土地区画整理所在図,法第14条1項地図（国調法19-5指定）,P-F,,,,2000,3,9
46201-3400-357.zip,167-1911,500,false,-163928.844,-46519.312,-163728.842,-46519.314,-163928.849,-46269.317,-163728.847,-46269.319,土地区画整理所在図,法第14条1項地図（国調法19-5指定）,P-F,,,,2000,3,9
46201-3400-357.zip,167-1912,500,false,-163778.844,-46469.315,-163578.842,-46469.317,-163778.849,-46219.320,-163578.847,-46219.322,土地区画整理所在図,法第14条1項地図（国調法19-5指定）,P-F,,,,2000,3,9
46201-3400-357.zip,167-1913,500,false,-163928.842,-46619.310,-163728.840,-46619.312,-163928.847,-46369.315,-163728.845,-46369.317,土地区画整理所在図,法第14条1項地図（国調法19-5指定）,P-F,,,,2000,3,9
46201-3400-357.zip,167-1914,500,false,-164028.844,-46569.311,-163828.842,-46569.312,-164028.849,-46319.316,-163828.847,-46319.317,土地区画整理所在図,法第14条1項地図（国調法19-5指定）,P-F,,,,2000,3,9
46201-3400-357.zip,167-1915,500,false,-164128.846,-46569.310,-163928.843,-46569.311,-164128.850,-46319.315,-163928.848,-46319.316,土地区画整理所在図,法第14条1項地図（国調法19-5指定）,P-F,,,,2000,3,9
46201-3400-357.zip,167-1916,500,false,-163978.842,-46669.309,-163778.840,-46669.311,-163978.846,-46419.314,-163778.845,-46419.316,土地区画整理所在図,法第14条1項地図（国調法19-5指定）,P-F,,,,2000,3,9
46201-3400-357.zip,167-1917,500,false,-164128.843,-46719.308,-163928.840,-46719.309,-164128.847,-46469.312,-163928.845,-46469.313,土地区画整理所在図,法第14条1項地図（国調法19-5指定）,P-F,,,,2000,3,9
46201-3400-357.zip,167-1918,500,false,-164178.843,-46769.307,-163978.840,-46769.307,-164178.847,-46519.311,-163978.845,-46519.312,土地区画整理所在図,法第14条1項地図（国調法19-5指定）,P-F,,,,2000,3,9
46201-3400-357.zip,167-1919,500,false,-164228.842,-46869.305,-164028.839,-46869.305,-164228.846,-46619.309,-164028.843,-46619.310,土地区画整理所在図,法第14条1項地図（国調法19-5指定）,P-F,,,,2000,3,9
46201-3400-357.zip,167-1901,500,false,-163578.846,-46269.321,-163378.844,-46269.323,-163578.851,-46019.326,-163378.850,-46019.328,土地区画整理所在図,法第14条1項地図（国調法19-5指定）,P-F,,,,2000,3,9
46201-3400-358.zip,034-139-1,,true,120.336,154.110,-149.898,149.089,126.408,-172.693,-143.826,-177.714,旧土地台帳附属地図,地図に準ずる図面,P-F,,,,,,
46201-3400-358.zip,034-139-2,,false,96.465,-48.650,-173.771,-53.650,102.622,-381.455,-167.613,-386.456,旧土地台帳附属地図,地図に準ずる図面,P-F,,,,,,
46201-3400-359.zip,157-349,600,false,17840.307,18759.688,17791.216,18494.407,18161.636,18700.233,18112.545,18434.952,土地区画整理所在図,地図に準ずる図面,P-F,,,,,,
46201-3400-359.zip,157-350,600,false,17832.687,19325.876,17828.921,19056.112,18159.520,19321.228,18155.755,19051.577,土地区画整理所在図,地図に準ずる図面,P-F,,,,,,
46201-3400-359.zip,157-351,600,false,17844.589,19939.274,17841.249,19669.506,18171.350,19935.244,18168.088,19665.552,土地区画整理所在図,地図に準ずる図面,P-F,,,,,,
46201-3400-359.zip,157-352,600,false,17803.516,20519.184,17852.361,20253.896,18124.910,20578.292,18173.686,20312.952,土地区画整理所在図,地図に準ずる図面,P-F,,,,,,
46201-3400-359.zip,157-353,600,false,17848.099,21172.744,17800.581,20907.331,18169.942,21115.045,18122.210,20849.515,土地区画整理所在図,地図に準ずる図面,P-F,,,,,,
46201-3400-359.zip,157-354,600,false,17192.250,18651.209,17299.285,18403.564,17492.224,18781.025,17599.209,18533.400,土地区画整理所在図,地図に準ずる図面,P-F,,,,1972,3,10
46201-3400-359.zip,157-355,600,false,17263.603,19375.649,17214.651,19110.458,17585.145,19316.296,17536.172,19050.992,土地区画整理所在図,地図に準ずる図面,P-F,,,,,,
46201-3400-359.zip,157-356,1200,false,16855.654,20495.328,16707.958,19976.189,17478.739,20318.692,17331.476,19799.118,土地区画整理所在図,地図に準ずる図面,P-F,,,,1976,3,29
46201-3400-359.zip,157-357,600,false,17206.074,21104.861,17260.613,20840.404,17523.232,21170.400,17577.912,20906.012,土地区画整理所在図,地図に準ずる図面,P-F,,,,1976,3,29
46201-3400-36.zip,A   11-1,500,false,1350.000,0.000,1500.000,0.000,1350.000,200.000,1500.000,200.000,土地改良所在図,法第14条1項地図,P-F,,,,,,
46201-3400-36.zip,A   11-3,500,false,1200.000,0.000,1350.000,0.000,1200.000,200.000,1350.000,200.000,土地改良所在図,法第14条1項地図,P-F,,,,,,
46201-3400-36.zip,A   11-4,500,false,1200.000,200.000,1350.000,200.000,1200.000,400.000,1350.000,400.000,土地改良所在図,法第14条1項地図,P-F,,,,,,
46201-3400-36.zip,A   21-1,500,false,1050.000,0.000,1200.000,0.000,1050.000,200.000,1200.000,200.000,土地改良所在図,法第14条1項地図,P-F,,,,,,
46201-3400-36.zip,A   21-2,500,false,1050.000,200.000,1200.000,200.000,1050.000,400.000,1200.000,400.000,土地改良所在図,法第14条1項地図,P-F,,,,,,
46201-3400-360.zip,169-1084,1000,false,226.705,-1987.859,380.369,-1565.693,-281.915,-1801.958,-127.160,-1380.323,旧土地台帳附属地図,地図に準ずる図面,P-F,,,,,,
46201-3400-360.zip,169-1085,1000,false,-450.779,-2037.540,-350.818,-1601.747,-963.800,-1923.403,-864.235,-1486.800,旧土地台帳附属地図,地図に準ずる図面,P-F,,,,,,
46201-3400-360.zip,169-697-1,,false,-1125.176,-1562.149,-1394.922,-1561.224,-1126.589,-1889.196,-1396.181,-1887.852,旧土地台帳附属地図,地図に準ずる図面,P-F,,,,,,
46201-3400-360.zip,169-1074,,false,-1689.291,-1851.035,-1550.883,-1619.901,-1969.783,-1683.293,-1831.114,-1452.093,旧土地台帳附属地図,地図に準ずる図面,P-F,,,,,,
46201-3400-360.zip,169-1075,,false,-2110.108,-1802.839,-2147.611,-1535.634,-2434.123,-1847.854,-2471.174,-1580.854,旧土地台帳附属地図,地図に準ずる図面,P-F,,,,,,
46201-3400-360.zip,169-1076,,false,7.186,-991.202,268.543,-924.138,-73.755,-674.286,187.475,-607.648,旧土地台帳附属地図,地図に準ずる図面,P-F,,,,,,
46201-3400-360.zip,169-1077,,false,-388.802,-660.202,-477.077,-914.803,-80.013,-767.124,-168.396,-1021.810,旧土地台帳附属地図,地図に準ずる図面,P-F,,,,,,
46201-3400-360.zip,169-1078,,false,-669.976,-655.882,-917.432,-763.259,-540.070,-956.026,-787.417,-1062.982,旧土地台帳附属地図,地図に準ずる図面,P-F,,,,,,
46201-3400-360.zip,169-1078-1,1000,false,-1241.456,-1080.384,-964.631,-726.783,-1670.441,-744.819,-1393.209,-391.214,旧土地台帳附属地図,地図に準ずる図面,P-F,,,,,,
46201-3400-360.zip,169-1079,1000,false,-1874.508,-981.563,-1643.357,-595.957,-2341.772,-700.758,-2110.217,-315.838,旧土地台帳附属地図,地図に準ずる図面,P-F,,,,,,
46201-3400-360.zip,169-1080-2,1000,false,56.336,-320.333,351.239,18.425,-354.522,37.297,-59.290,375.853,旧土地台帳附属地図,地図に準ずる図面,P-F,,,,,,
46201-3400-360.zip,169-1080-1,,false,-634.031,-174.836,-387.277,-65.858,-765.834,124.522,-519.154,233.009,旧土地台帳附属地図,地図に準ずる図面,P-F,,,,,,
46201-3400-360.zip,169-1081-1,1000,false,-1435.339,97.508,-1241.700,-307.670,-943.948,332.385,-750.455,-73.075,旧土地台帳附属地図,地図に準ずる図面,P-F,,,,,,
46201-3400-360.zip,169-1081,,false,-1697.922,207.038,-1951.838,115.873,-1587.703,-100.880,-1841.484,-191.633,旧土地台帳附属地図,地図に準ずる図面,P-F,,,,,,
46201-3400-360.zip,169-695,,false,-2313.186,283.877,-2463.058,59.961,-2041.518,102.124,-2191.643,-121.760,旧土地台帳附属地図,地図に準ずる図面,P-F,,,,,,
46201-3400-360.zip,169-1049,,false,68.157,678.653,236.631,889.368,-187.066,883.222,-18.484,1093.461,旧土地台帳附属地図,地図に準ずる図面,P-F,,,,,,
46201-3400-360.zip,169-1053,,false,-547.839,991.118,-528.520,722.407,-221.825,1014.628,-202.723,745.748,旧土地台帳附属地図,地図に準ずる図面,P-F,,,,,,
46201-3400-360.zip,169-1055,,false,-909.140,1029.366,-922.357,759.865,-582.389,1012.933,-596.006,743.796,旧土地台帳附属地図,地図に準ずる図面,P-F,,,,,,
46201-3400-360.zip,169-1057,,false,-1310.045,1066.833,-1345.492,799.386,-985.889,1023.420,-1021.651,756.207,旧土地台帳附属地図,地図に準ずる図面,P-F,,,,,,
46201-3400-360.zip,169-1058,,false,-1671.024,1143.612,-1876.455,969.262,-1459.451,894.466,-1665.116,720.216,旧土地台帳附属地図,地図に準ずる図面,P-F,,,,,,
46201-3400-360.zip,169-1059,,false,-141.205,1502.960,123.100,1557.256,-206.621,1823.480,57.470,1877.303,旧土地台帳附属地図,地図に準ずる図面,P-F,,,,,,
46201-3400-360.zip,169-1069,,false,-358.367,1850.093,-599.571,1729.921,-212.610,1557.531,-454.018,1437.598,旧土地台帳附属地図,地図に準ずる図面,P-F,,,,,,
46201-3400-360.zip,169-1070,,false,-899.685,1541.499,-629.945,1543.494,-901.677,1868.582,-632.162,1870.118,旧土地台帳附属地図,地図に準ずる図面,P-F,,,,,,
46201-3400-360.zip,169-1082-1,1000,false,-1195.979,1448.366,-972.703,1838.511,-1668.879,1719.829,-1445.130,2109.265,旧土地台帳附属地図,地図に準ずる図面,P-F,,,,,,
46201-3400-360.zip,169-1082,,false,-1861.633,2014.273,-2121.420,1942.643,-1774.723,1699.219,-2034.681,1627.779,旧土地台帳附属地図,地図に準ずる図面,P-F,,,,,,
46201-3400-360.zip,169-1083,,false,-2346.955,1620.693,-2145.886,1800.512,-2564.737,1864.738,-2363.556,2044.146,旧土地台帳附属地図,地図に準ずる図面,P-F,,,,,,
46201-3400-361.zip,088-1544,500,false,-161178.776,-47919.292,-160978.780,-47919.297,-161178.791,-47669.306,-160978.794,-47669.310,法務局作成地図,法第14条1項地図,P-F,,,,,,
46201-3400-361.zip,088-1545,500,false,-161178.791,-47669.306,-160978.794,-47669.310,-161178.804,-47419.317,-160978.808,-47419.322,法務局作成地図,法第14条1項地図,P-F,,,,,,
46201-3400-361.zip,088-1546,500,false,-161378.763,-48169.279,-161178.761,-48169.278,-161378.777,-47919.291,-161178.776,-47919.292,法務局作成地図,法第14条1項地図,P-F,,,,,,
46201-3400-361.zip,088-1547,500,false,-161378.777,-47919.291,-161178.776,-47919.292,-161378.791,-47669.303,-161178.791,-47669.306,法務局作成地図,法第14条1項地図,P-F,,,,,,
46201-3400-361.zip,088-1548,500,false,-161378.791,-47669.303,-161178.791,-47669.306,-161378.803,-47419.314,-161178.804,-47419.317,法務局作成地図,法第14条1項地図,P-F,,,,,,
46201-3400-361.zip,088-1549,500,false,-161578.779,-47919.291,-161378.777,-47919.291,-161578.791,-47669.301,-161378.791,-47669.303,法務局作成地図,法第14条1項地図,P-F,,,,,,
46201-3400-361.zip,088-1550,500,false,-161578.791,-47669.301,-161378.791,-47669.303,-161578.803,-47419.311,-161378.803,-47419.314,法務局作成地図,法第14条1項地図,P-F,,,,,,
46201-3400-361.zip,088-1551,500,false,-161778.781,-47919.290,-161578.779,-47919.291,-161778.791,-47669.299,-161578.791,-47669.301,法務局作成地図,法第14条1項地図,P-F,,,,,,
46201-3400-361.zip,088-1552,500,false,-161778.791,-47669.299,-161578.791,-47669.301,-161778.802,-47419.309,-161578.803,-47419.311,法務局作成地図,法第14条1項地図,P-F,,,,,,
46201-3400-361.zip,088-1553,500,false,-161978.782,-47919.290,-161778.781,-47919.290,-161978.791,-47669.297,-161778.791,-47669.299,法務局作成地図,法第14条1項地図,P-F,,,,,,
46201-3400-361.zip,088-1554,500,false,-161978.791,-47669.297,-161778.791,-47669.299,-161978.802,-47419.306,-161778.802,-47419.309,法務局作成地図,法第14条1項地図,P-F,,,,,,
46201-3400-361.zip,088-1555,500,false,-161978.802,-47419.306,-161778.802,-47419.309,-161978.813,-47169.315,-161778.814,-47169.318,法務局作成地図,法第14条1項地図,P-F,,,,,,
46201-3400-361.zip,088-1556,500,false,-162178.785,-47919.289,-161978.782,-47919.290,-162178.792,-47669.296,-161978.791,-47669.297,法務局作成地図,法第14条1項地図,P-F,,,,,,
46201-3400-361.zip,088-1557,500,false,-162178.792,-47669.296,-161978.791,-47669.297,-162178.802,-47419.304,-161978.802,-47419.306,法務局作成地図,法第14条1項地図,P-F,,,,,,
46201-3400-361.zip,088-1558,500,false,-162178.802,-47419.304,-161978.802,-47419.306,-162178.812,-47169.312,-161978.813,-47169.315,法務局作成地図,法第14条1項地図,P-F,,,,,,
46201-3400-361.zip,088-1559,500,false,-162378.788,-47919.290,-162178.785,-47919.289,-162378.795,-47669.295,-162178.792,-47669.296,法務局作成地図,法第14条1項地図,P-F,,,,,,
46201-3400-361.zip,088-1560,500,false,-162378.795,-47669.295,-162178.792,-47669.296,-162378.804,-47419.303,-162178.802,-47419.304,法務局作成地図,法第14条1項地図,P-F,,,,,,
46201-3400-361.zip,088-1561,500,false,-162378.804,-47419.303,-162178.802,-47419.304,-162378.814,-47169.311,-162178.812,-47169.312,法務局作成地図,法第14条1項地図,P-F,,,,,,
46201-3400-361.zip,088-1562,500,false,-162378.814,-47169.311,-162178.812,-47169.312,-162378.823,-46919.318,-162178.822,-46919.321,法務局作成地図,法第14条1項地図,P-F,,,,,,
46201-3400-361.zip,088-1563,500,false,-162578.792,-47919.290,-162378.788,-47919.290,-162578.798,-47669.295,-162378.795,-47669.295,法務局作成地図,法第14条1項地図,P-F,,,,,,
46201-3400-361.zip,088-1564,500,false,-162578.798,-47669.295,-162378.795,-47669.295,-162578.807,-47419.302,-162378.804,-47419.303,法務局作成地図,法第14条1項地図,P-F,,,,,,
46201-3400-361.zip,088-1565,500,false,-162578.807,-47419.302,-162378.804,-47419.303,-162578.815,-47169.309,-162378.814,-47169.311,法務局作成地図,法第14条1項地図,P-F,,,,,,
46201-3400-361.zip,088-1566,500,false,-162578.815,-47169.309,-162378.814,-47169.311,-162578.824,-46919.316,-162378.823,-46919.318,法務局作成地図,法第14条1項地図,P-F,,,,,,
46201-3400-361.zip,088-1573,500,false,-162778.796,-47919.291,-162578.792,-47919.290,-162778.801,-47669.294,-162578.798,-47669.295,法務局作成地図,法第14条1項地図,P-F,,,,,,
46201-3400-361.zip,088-1571,500,false,-162778.801,-47669.294,-162578.798,-47669.295,-162778.809,-47419.301,-162578.807,-47419.302,法務局作成地図,法第14条1項地図,P-F,,,,,,
46201-3400-362.zip,088-991,,false,-1204.149,-39.787,-1473.580,-49.211,-1192.912,-366.492,-1462.390,-375.650,旧土地台帳附属地図,地図に準ずる図面,P-F,,,,,,
46201-3400-362.zip,088-992,,false,-1008.894,-179.006,-1254.960,-70.355,-1140.668,-476.628,-1386.552,-367.848,旧土地台帳附属地図,地図に準ずる図面,P-F,,,,,,
46201-3400-362.zip,088-993,,false,-1607.266,-1043.600,-1370.364,-1172.283,-1451.152,-756.431,-1214.307,-885.299,旧土地台帳附属地図,地図に準ずる図面,P-F,,,,,,
46201-3400-362.zip,088-994,,false,-1237.905,-669.088,-1505.632,-695.083,-1206.670,-993.112,-1474.302,-1018.907,旧土地台帳附属地図,地図に準ずる図面,P-F,,,,,,
46201-3400-362.zip,088-995,,false,-1121.339,-771.263,-1390.667,-758.417,-1137.067,-1097.821,-1406.383,-1084.747,旧土地台帳附属地図,地図に準ずる図面,P-F,,,,,,
46201-3400-362.zip,088-996,,false,-1367.341,-796.811,-1125.853,-915.290,-1223.666,-504.706,-982.399,-623.289,旧土地台帳附属地図,地図に準ずる図面,P-F,,,,,,
46201-3400-362.zip,088-997,,false,-1177.582,-766.892,-922.723,-679.095,-1283.898,-457.765,-1028.928,-370.172,旧土地台帳附属地図,地図に準ずる図面,P-F,,,,,,
46201-3400-362.zip,088-998,,false,-979.887,-87.011,-1225.803,-195.908,-848.288,-384.751,-1094.161,-493.463,旧土地台帳附属地図,地図に準ずる図面,P-F,,,,,,
46201-3400-362.zip,088-999,,false,-494.091,219.338,-717.684,369.964,-676.820,-51.720,-900.316,99.116,旧土地台帳附属地図,地図に準ずる図面,P-F,,,,,,
46201-3400-362.zip,088-1000,,false,-833.329,71.680,-833.138,-197.306,-507.802,71.600,-507.764,-197.234,旧土地台帳附属地図,地図に準ずる図面,P-F,,,,,,
46201-3400-362.zip,088-1001,,false,-812.297,-327.949,-542.786,-334.694,-804.030,-1.193,-534.485,-8.091,旧土地台帳附属地図,地図に準ずる図面,P-F,,,,,,
46201-3400-362.zip,088-1002,,false,-1078.216,-247.657,-1186.442,-493.869,-780.303,-378.865,-888.623,-624.911,旧土地台帳附属地図,地図に準ずる図面,P-F,,,,,,
46201-3400-362.zip,088-1003,,false,-816.055,-635.317,-546.682,-647.184,-801.517,-308.742,-532.117,-320.839,旧土地台帳附属地図,地図に準ずる図面,P-F,,,,,,
46201-3400-362.zip,088-1004,,false,-711.092,-126.012,-890.658,-326.286,-468.957,-343.586,-648.538,-543.591,旧土地台帳附属地図,地図に準ずる図面,P-F,,,,,,
46201-3400-362.zip,088-1005,,false,-260.069,-122.909,-509.112,-226.154,-135.026,-424.946,-384.192,-527.995,旧土地台帳附属地図,地図に準ずる図面,P-F,,,,,,
46201-3400-362.zip,088-1006,,false,-112.718,-8.845,-340.611,133.905,-285.779,-284.603,-513.506,-141.732,旧土地台帳附属地図,地図に準ずる図面,P-F,,,,,,
46201-3400-362.zip,088-1007,,false,-287.678,-47.836,-94.442,140.213,-515.567,186.533,-322.144,374.445,旧土地台帳附属地図,地図に準ずる図面,P-F,,,,,,
46201-3400-362.zip,088-1008,,false,-410.610,470.467,-623.873,306.664,-212.512,212.107,-425.801,48.525,旧土地台帳附属地図,地図に準ずる図面,P-F,,,,,,
46201-3400-362.zip,088-1009,,false,-355.700,408.803,-584.291,551.731,-529.103,131.686,-757.657,274.815,旧土地台帳附属地図,地図に準ずる図面,P-F,,,,,,
46201-3400-362.zip,088-1010,,false,-177.027,383.280,-388.665,217.382,23.557,126.846,-188.102,-38.778,旧土地台帳附属地図,地図に準ずる図面,P-F,,,,,,
46201-3400-362.zip,088-1011,,false,-170.013,95.874,-125.035,-169.944,152.370,150.253,197.097,-115.684,旧土地台帳附属地図,地図に準ずる図面,P-F,,,,,,
46201-3400-362.zip,088-1012,,false,-151.960,266.487,-154.487,-2.411,173.549,263.157,170.910,-5.588,旧土地台帳附属地図,地図に準ずる図面,P-F,,,,,,
46201-3400-362.zip,088-990,,false,-1026.960,81.371,-1281.037,169.797,-1134.218,-225.937,-1388.088,-137.382,旧土地台帳附属地図,地図に準ずる図面,P-F,,,,,,
46201-3400-363.zip,088-1013,,false,409.460,-385.361,663.865,-295.914,301.158,-76.924,555.568,12.281,旧土地台帳附属地図,地図に準ずる図面,P-F,,,,,,
46201-3400-363.zip,088-1015,,false,292.520,84.025,221.538,-174.953,606.390,-2.308,535.355,-261.192,旧土地台帳附属地図,地図に準ずる図面,P-F,,,,,,
46201-3400-363.zip,088-1017,,false,432.031,-226.828,432.795,-495.355,757.557,-226.188,758.168,-494.679,旧土地台帳附属地図,地図に準ずる図面,P-F,,,,,,
46201-3400-363.zip,088-1018,,false,674.180,-59.110,492.715,-258.541,915.813,-279.168,734.262,-478.469,旧土地台帳附属地図,地図に準ずる図面,P-F,,,,,,
46201-3400-363.zip,088-1019,,false,883.040,-268.904,615.755,-243.091,851.509,-592.901,584.272,-566.977,旧土地台帳附属地図,地図に準ずる図面,P-F,,,,,,
46201-3400-363.zip,088-1020,,false,577.048,-322.258,406.316,-530.951,829.944,-529.395,659.029,-737.890,旧土地台帳附属地図,地図に準ずる図面,P-F,,,,,,
46201-3400-363.zip,088-1021,,false,502.011,-528.376,505.690,-796.880,827.550,-524.200,831.113,-792.629,旧土地台帳附属地図,地図に準ずる図面,P-F,,,,,,
46201-3400-363.zip,088-1022,,false,621.411,-416.306,621.111,-685.978,948.308,-416.827,947.742,-686.460,旧土地台帳附属地図,地図に準ずる図面,P-F,,,,,,
46201-3400-363.zip,088-1023,,false,694.087,-275.660,703.492,-544.024,1019.425,-264.568,1028.676,-532.900,旧土地台帳附属地図,地図に準ずる図面,P-F,,,,,,
46201-3400-363.zip,088-1024,,false,761.332,-60.772,620.234,-290.542,1039.798,-232.000,898.526,-461.617,旧土地台帳附属地図,地図に準ずる図面,P-F,,,,,,
46201-3400-363.zip,088-1025,,false,741.685,-283.937,942.731,-105.982,526.179,-39.909,727.269,137.882,旧土地台帳附属地図,地図に準ずる図面,P-F,,,,,,
46201-3400-363.zip,088-1026,,false,548.914,223.028,355.667,34.827,776.855,-11.290,583.505,-199.220,旧土地台帳附属地図,地図に準ずる図面,P-F,,,,,,
46201-3400-363.zip,088-1027,,false,396.765,-106.633,580.591,89.059,159.692,116.501,343.603,312.061,旧土地台帳附属地図,地図に準ずる図面,P-F,,,,,,
46201-3400-363.zip,088-1028,,false,252.750,-202.000,447.366,-15.487,26.675,34.071,221.450,220.472,旧土地台帳附属地図,地図に準ずる図面,P-F,,,,,,
46201-3400-363.zip,088-1029,,false,-82.000,-192.535,169.365,-287.000,32.751,112.055,284.017,17.545,旧土地台帳附属地図,地図に準ずる図面,P-F,,,,,,
46201-3400-363.zip,088-1030,,false,-58.799,-361.599,174.483,-496.734,105.147,-78.829,338.314,-214.162,旧土地台帳附属地図,地図に準ずる図面,P-F,,,,,,
46201-3400-363.zip,088-1031,,false,30.329,-84.554,96.775,-344.693,345.798,-4.257,412.115,-264.351,旧土地台帳附属地図,地図に準ずる図面,P-F,,,,,,
46201-3400-363.zip,088-1032,,false,-71.664,-19.982,-252.064,-220.274,171.090,-238.917,-9.534,-439.060,旧土地台帳附属地図,地図に準ずる図面,P-F,,,,,,
46201-3400-363.zip,088-1033,,false,-426.896,-217.394,-312.961,-460.470,-131.966,-79.521,-18.202,-322.592,旧土地台帳附属地図,地図に準ずる図面,P-F,,,,,,
46201-3400-363.zip,088-1034,,false,14.424,-18.888,-234.099,85.505,-112.226,-320.172,-360.710,-215.589,旧土地台帳附属地図,地図に準ずる図面,P-F,,,,,,
46201-3400-363.zip,088-1035,,false,160.482,109.713,-96.747,186.525,67.022,-202.110,-190.127,-125.162,旧土地台帳附属地図,地図に準ずる図面,P-F,,,,,,
46201-3400-363.zip,088-1036,,false,-275.350,137.781,-266.829,-131.681,51.392,147.892,59.608,-121.579,旧土地台帳附属地図,地図に準ずる図面,P-F,,,,,,
46201-3400-363.zip,088-1037,,false,15.294,297.968,-72.894,44.413,322.628,190.667,234.334,-62.730,旧土地台帳附属地図,地図に準ずる図面,P-F,,,,,,
46201-3400-363.zip,088-1038,,false,230.764,412.895,24.065,239.873,440.444,162.153,233.594,-10.747,旧土地台帳附属地図,地図に準ずる図面,P-F,,,,,,
46201-3400-363.zip,088-1016,,false,451.710,-84.333,451.217,-354.007,778.572,-85.059,777.850,-354.693,旧土地台帳附属地図,地図に準ずる図面,P-F,,,,,,
46201-3400-364.zip,088-1039,,true,965.998,14.783,1235.518,13.868,967.370,341.834,1237.004,340.538,旧土地台帳附属地図,地図に準ずる図面,P-F,,,,,,
46201-3400-364.zip,088-1040,,true,784.555,14.707,1053.884,14.669,784.555,341.492,1054.113,341.263,旧土地台帳附属地図,地図に準ずる図面,P-F,,,,,,
46201-3400-364.zip,088-1041,,false,583.295,279.130,589.772,9.649,910.232,286.712,916.366,17.116,旧土地台帳附属地図,地図に準ずる図面,P-F,,,,,,
46201-3400-364.zip,088-1042,,false,465.846,12.115,735.137,21.601,454.301,338.670,723.669,347.929,旧土地台帳附属地図,地図に準ずる図面,P-F,,,,,,
46201-3400-364.zip,088-1043,,false,334.024,26.879,603.811,25.507,336.234,353.968,605.716,352.101,旧土地台帳附属地図,地図に準ずる図面,P-F,,,,,,
46201-3400-364.zip,088-1045,,false,801.840,343.520,1071.627,342.834,802.564,670.457,1072.465,669.581,旧土地台帳附属地図,地図に準ずる図面,P-F,,,,,,
46201-3400-364.zip,088-1046,,false,935.643,371.504,937.014,641.252,608.630,373.409,610.382,643.005,旧土地台帳附属地図,地図に準ずる図面,P-F,,,,,,
46201-3400-364.zip,088-1047,,false,809.626,380.199,801.891,649.528,482.994,370.750,475.488,640.193,旧土地台帳附属地図,地図に準ずる図面,P-F,,,,,,
46201-3400-364.zip,088-1048,,false,380.445,631.756,373.968,362.122,707.001,623.641,700.333,354.083,旧土地台帳附属地図,地図に準ずる図面,P-F,,,,,,
46201-3400-364.zip,088-1050,,false,975.474,997.239,972.807,727.566,1302.373,994.191,1299.554,724.366,旧土地台帳附属地図,地図に準ずる図面,P-F,,,,,,
46201-3400-364.zip,088-1051,,false,824.115,732.427,1091.997,700.613,863.015,1057.192,1130.745,1024.959,旧土地台帳附属地図,地図に準ずる図面,P-F,,,,,,
46201-3400-364.zip,088-1061,,false,712.379,723.116,981.708,727.688,706.702,1049.862,976.184,1054.243,旧土地台帳附属地図,地図に準ずる図面,P-F,,,,,,
46201-3400-364.zip,088-1062,,false,812.815,763.527,793.118,1032.513,486.603,740.019,467.324,1008.815,旧土地台帳附属地図,地図に準ずる図面,P-F,,,,,,
46201-3400-364.zip,088-1063,,false,542.219,711.378,607.561,973.011,224.998,790.969,290.682,1052.412,旧土地台帳附属地図,地図に準ずる図面,P-F,,,,,,
46201-3400-364.zip,088-1064,,false,1235.794,1394.138,967.150,1374.250,1259.835,1068.192,991.115,1048.571,旧土地台帳附属地図,地図に準ずる図面,P-F,,,,,,
46201-3400-364.zip,088-1065,,false,1058.000,1123.105,1065.658,1392.587,731.445,1132.630,739.331,1402.188,旧土地台帳附属地図,地図に準ずる図面,P-F,,,,,,
46201-3400-364.zip,088-1066,,false,880.519,1150.628,843.638,1417.786,557.011,1106.127,520.207,1373.208,旧土地台帳附属地図,地図に準ずる図面,P-F,,,,,,
46201-3400-364.zip,088-1067,,false,315.202,1362.589,356.846,1096.155,638.100,1413.262,679.668,1146.600,旧土地台帳附属地図,地図に準ずる図面,P-F,,,,,,
46201-3400-364.zip,088-1098,,false,406.012,1258.627,221.950,1455.757,167.124,1035.856,-16.746,1232.986,旧土地台帳附属地図,地図に準ずる図面,P-F,,,,,,
46201-3400-364.zip,088-1099,,false,1118.996,1397.306,1328.813,1566.737,913.446,1651.434,1123.339,1820.979,旧土地台帳附属地図,地図に準ずる図面,P-F,,,,,,
46201-3400-364.zip,088-1100,,false,797.903,1461.435,1067.461,1469.894,787.806,1787.877,1057.250,1796.183,旧土地台帳附属地図,地図に準ずる図面,P-F,,,,,,
46201-3400-364.zip,088-1118,,false,778.222,1805.049,530.343,1698.598,907.229,1504.592,659.274,1398.369,旧土地台帳附属地図,地図に準ずる図面,P-F,,,,,,
46201-3400-364.zip,088-1119,,false,490.072,1410.667,721.416,1549.085,322.585,1691.008,554.042,1829.349,旧土地台帳附属地図,地図に準ずる図面,P-F,,,,,,
46201-3400-364.zip,088-1121,,false,175.574,1793.175,63.369,1547.925,472.945,1657.196,360.550,1411.984,旧土地台帳附属地図,地図に準ずる図面,P-F,,,,,,
46201-3400-364.zip,088-1115,500,true,-74.606,1442.856,97.493,1587.571,-250.090,1651.391,-77.861,1796.049,旧土地台帳附属地図,地図に準ずる図面,P-F,,,,,,
46201-3400-364.zip,088-1044-2,600,false,993.262,363.617,1262.666,370.672,984.708,690.289,1254.111,697.344,旧土地台帳附属地図,地図に準ずる図面,P-F,,,,,,
46201-3400-364.zip,088-1044-1,,false,981.108,344.238,1250.512,351.277,972.573,670.908,1241.977,677.947,旧土地台帳附属地図,地図に準ずる図面,P-F,,,,,,
46201-3400-365.zip,029-144A,,true,-153.499,-121.180,110.486,-180.065,-82.011,197.533,181.793,138.883,旧土地台帳附属地図,地図に準ずる図面,P-F,,,,,,
46201-3400-365.zip,029-144B,,true,-59.675,98.461,191.802,-1.111,60.928,402.011,312.264,302.702,旧土地台帳附属地図,地図に準ずる図面,P-F,,,,,,
46201-3400-365.zip,029-145-1,,true,-79.626,298.761,190.733,297.383,-77.960,625.509,192.399,624.131,旧土地台帳附属地図,地図に準ずる図面,P-F,,,,,,
46201-3400-365.zip,029-145-2,600,false,-102.305,249.462,168.057,248.094,-100.651,576.212,169.711,574.844,旧土地台帳附属地図,地図に準ずる図面,P-F,,,,,,
46201-3400-366.zip,177-364,500,false,5837.149,33645.834,5893.638,33431.571,6098.491,33714.065,6155.428,33495.682,土地区画整理所在図,地図に準ずる図面,P-F,,,,,,
46201-3400-366.zip,177-365,500,false,5856.830,34303.569,5860.921,34082.404,6127.046,34308.316,6130.852,34082.699,土地区画整理所在図,地図に準ずる図面,P-F,,,,,,
46201-3400-366.zip,177-366,500,false,5866.303,34885.548,5886.755,34665.100,6135.073,34910.015,6155.063,34691.340,土地区画整理所在図,地図に準ずる図面,P-F,,,,,,
46201-3400-367.zip,062-558,,false,14.975,11.806,284.990,14.206,11.889,338.361,282.247,340.990,旧土地台帳附属地図,地図に準ずる図面,P-F,,,,,,
46201-3400-368.zip,062-176-1,,true,-100.431,-167.854,167.239,-129.545,-146.746,155.749,120.924,194.058,旧土地台帳附属地図,地図に準ずる図面,P-F,,,,,,
46201-3400-368.zip,062-176-2,600,false,-45.043,-188.710,222.622,-150.377,-91.386,134.886,176.280,173.219,旧土地台帳附属地図,地図に準ずる図面,P-F,,,,,,
46201-3400-369.zip,066-1007,500,false,-159228.930,-45469.416,-159028.933,-45469.415,-159228.931,-45219.411,-159028.935,-45219.410,その他,地図に準ずる図面,P-F,,,,1998,2,10
46201-3400-369.zip,066-1008,500,false,-159428.925,-45469.415,-159228.930,-45469.416,-159428.926,-45219.411,-159228.931,-45219.411,その他,地図に準ずる図面,P-F,,,,1998,2,10
46201-3400-369.zip,065-1009,500,false,-159428.926,-45219.411,-159228.931,-45219.411,-159428.925,-44969.407,-159228.930,-44969.407,その他,地図に準ずる図面,P-F,,,,1998,2,10
46201-3400-369.zip,066-1010,500,false,-159628.920,-45469.412,-159428.925,-45469.415,-159628.922,-45219.408,-159428.926,-45219.411,その他,地図に準ずる図面,P-F,,,,1998,2,10
46201-3400-369.zip,065-1011,500,false,-159628.922,-45219.408,-159428.926,-45219.411,-159628.920,-44969.406,-159428.925,-44969.407,その他,地図に準ずる図面,P-F,,,,1998,2,10
46201-3400-369.zip,066-1012,500,false,-159828.915,-45469.408,-159628.920,-45469.412,-159828.917,-45219.406,-159628.922,-45219.408,その他,地図に準ずる図面,P-F,,,,1998,2,10
46201-3400-37.zip,1010-2,500,false,0.000,0.000,200.000,0.000,0.000,250.000,200.000,250.000,土地改良所在図,法第14条1項地図,P-F,,,,1986,2,19
46201-3400-372.zip,066-1123-2,,false,-54.752,-43.569,195.248,-43.569,-54.752,256.431,195.248,256.431,旧土地台帳附属地図,地図に準ずる図面,P-F,,,,,,
46201-3400-373.zip,A   53-4,500,false,-158000.000,-46250.000,-157800.000,-46250.000,-158000.000,-46000.000,-157800.000,-46000.000,法務局作成地図,法第14条1項地図,P-F,,,,2005,3,28
46201-3400-373.zip,A   54-1,500,false,-157800.000,-46000.000,-157600.000,-46000.000,-157800.000,-45750.000,-157600.000,-45750.000,法務局作成地図,法第14条1項地図,P-F,,,,2005,3,28
46201-3400-373.zip,A   54-2,500,false,-157800.000,-45750.000,-157600.000,-45750.000,-157800.000,-45500.000,-157600.000,-45500.000,法務局作成地図,法第14条1項地図,P-F,,,,2005,3,28
46201-3400-373.zip,A   54-3,500,false,-158000.000,-46000.000,-157800.000,-46000.000,-158000.000,-45750.000,-157800.000,-45750.000,法務局作成地図,法第14条1項地図,P-F,,,,2005,3,28
46201-3400-373.zip,A   54-4,500,false,-158000.000,-45750.000,-157800.000,-45750.000,-158000.000,-45500.000,-157800.000,-45500.000,法務局作成地図,法第14条1項地図,P-F,,,,2005,3,28
46201-3400-373.zip,A   55-3,500,false,-158000.000,-45500.000,-157800.000,-45500.000,-158000.000,-45250.000,-157800.000,-45250.000,法務局作成地図,法第14条1項地図,P-F,,,,2005,3,28
46201-3400-373.zip,B   13-2,500,false,-158200.000,-46250.000,-158000.000,-46250.000,-158200.000,-46000.000,-158000.000,-46000.000,法務局作成地図,法第14条1項地図,P-F,,,,2005,3,28
46201-3400-373.zip,B   13-4,500,false,-158400.000,-46250.000,-158200.000,-46250.000,-158400.000,-46000.000,-158200.000,-46000.000,法務局作成地図,法第14条1項地図,P-F,,,,2005,3,28
46201-3400-373.zip,B   14-1,500,false,-158200.000,-46000.000,-158000.000,-46000.000,-158200.000,-45750.000,-158000.000,-45750.000,法務局作成地図,法第14条1項地図,P-F,,,,2005,3,28
46201-3400-373.zip,B   14-2,500,false,-158200.000,-45750.000,-158000.000,-45750.000,-158200.000,-45500.000,-158000.000,-45500.000,法務局作成地図,法第14条1項地図,P-F,,,,2005,3,28
46201-3400-373.zip,B   14-3,500,false,-158400.000,-46000.000,-158200.000,-46000.000,-158400.000,-45750.000,-158200.000,-45750.000,法務局作成地図,法第14条1項地図,P-F,,,,2005,3,28
46201-3400-373.zip,B   14-4,500,false,-158400.000,-45750.000,-158200.000,-45750.000,-158400.000,-45500.000,-158200.000,-45500.000,法務局作成地図,法第14条1項地図,P-F,,,,2005,3,28
46201-3400-373.zip,B   15-1,500,false,-158200.000,-45500.000,-158000.000,-45500.000,-158200.000,-45250.000,-158000.000,-45250.000,法務局作成地図,法第14条1項地図,P-F,,,,2005,3,28
46201-3400-373.zip,B   15-3,500,false,-158400.000,-45500.000,-158200.000,-45500.000,-158400.000,-45250.000,-158200.000,-45250.000,法務局作成地図,法第14条1項地図,P-F,,,,2005,3,28
46201-3400-373.zip,B   24-1,500,false,-158600.000,-46000.000,-158400.000,-46000.000,-158600.000,-45750.000,-158400.000,-45750.000,法務局作成地図,法第14条1項地図,P-F,,,,2005,3,28
46201-3400-373.zip,B   24-2,500,false,-158600.000,-45750.000,-158400.000,-45750.000,-158600.000,-45500.000,-158400.000,-45500.000,法務局作成地図,法第14条1項地図,P-F,,,,2005,3,28
46201-3400-373.zip,B   24-4,500,false,-158800.000,-45750.000,-158600.000,-45750.000,-158800.000,-45500.000,-158600.000,-45500.000,法務局作成地図,法第14条1項地図,P-F,,,,2005,3,28
46201-3400-373.zip,B   25-1,500,false,-158600.000,-45500.000,-158400.000,-45500.000,-158600.000,-45250.000,-158400.000,-45250.000,法務局作成地図,法第14条1項地図,P-F,,,,2005,3,28
46201-3400-373.zip,B   25-3,500,false,-158800.000,-45500.000,-158600.000,-45500.000,-158800.000,-45250.000,-158600.000,-45250.000,法務局作成地図,法第14条1項地図,P-F,,,,2005,3,28
46201-3400-374.zip,066-1120,,true,91.779,128.776,-100.113,-60.481,321.101,-103.924,129.128,-293.261,旧土地台帳附属地図,地図に準ずる図面,P-F,,,,,,
46201-3400-374.zip,066-1121,,true,-55.893,-53.627,-116.985,-316.170,262.303,-127.717,201.222,-390.380,旧土地台帳附属地図,地図に準ずる図面,P-F,,,,,,
46201-3400-374.zip,066-1122,,true,-281.362,-266.921,-86.351,-453.184,-55.627,-30.740,139.466,-217.081,旧土地台帳附属地図,地図に準ずる図面,P-F,,,,,,
46201-3400-374.zip,066-1123,,true,-144.545,-131.216,122.002,-172.146,-94.867,191.693,171.793,150.745,旧土地台帳附属地図,地図に準ずる図面,P-F,,,,,,
46201-3400-374.zip,066-1123-1,,true,-75.893,69.399,193.774,67.647,-73.640,396.098,196.141,394.346,旧土地台帳附属地図,地図に準ずる図面,P-F,,,,,,
46201-3400-374.zip,066-1124,,true,-310.447,-166.385,-151.163,-383.989,-46.795,26.490,112.587,-191.184,旧土地台帳附属地図,地図に準ずる図面,P-F,,,,,,
46201-3400-374.zip,066-1125,,true,-4.267,-495.483,214.011,-337.384,-195.837,-230.835,22.564,-72.646,旧土地台帳附属地図,地図に準ずる図面,P-F,,,,,,
46201-3400-374.zip,066-1126,,true,-271.581,-261.329,-319.695,-526.674,49.869,-319.702,1.773,-585.166,旧土地台帳附属地図,地図に準ずる図面,P-F,,,,,,
46201-3400-374.zip,066-1127-2,,true,-241.689,451.308,-511.266,444.171,-233.172,124.712,-502.864,117.571,旧土地台帳附属地図,地図に準ずる図面,P-F,,,,,,
46201-3400-374.zip,066-1128-2,,true,-398.710,-42.189,-128.847,-35.748,-406.516,284.465,-136.546,291.176,旧土地台帳附属地図,地図に準ずる図面,P-F,,,,,,
46201-3400-374.zip,066-1135,,true,-533.851,-36.894,-264.332,-36.894,-533.775,289.814,-264.103,289.814,旧土地台帳附属地図,地図に準ずる図面,P-F,,,,,,
46201-3400-374.zip,066-1138,,true,-258.356,-275.640,-438.900,-75.324,-501.090,-494.313,-681.711,-293.912,旧土地台帳附属地図,地図に準ずる図面,P-F,,,,,,
46201-3400-374.zip,066-1128,,true,-101.255,-120.056,-140.080,146.729,-424.570,-167.015,-463.417,99.921,旧土地台帳附属地図,地図に準ずる図面,P-F,,,,,,
46201-3400-375.zip,066-596,500,false,26.763,-143.680,159.130,6.199,-160.460,21.657,-28.102,171.670,その他,地図に準ずる図面,P-F,,,,,,
46201-3400-375.zip,066-597,500,false,197.139,-109.708,322.262,46.270,2.278,46.555,127.406,202.691,その他,地図に準ずる図面,P-F,,,,,,
46201-3400-375.zip,066-598,500,false,57.489,28.914,182.311,185.132,-137.682,184.790,-12.849,341.121,その他,地図に準ずる図面,P-F,,,,,,
46201-3400-376.zip,066-611,500,false,-30.518,-166.266,169.706,-61.320,-163.348,86.699,38.961,193.138,その他,地図に準ずる図面,P-F,,,,1981,8,27
46201-3400-376.zip,066-612,500,false,-78.544,-17.320,123.997,83.295,-205.852,238.293,-1.159,340.288,その他,地図に準ずる図面,P-F,,,,1981,8,27
46201-3400-377.zip,066-700,,true,-122.083,-152.549,147.814,-150.913,-123.987,174.268,145.947,176.095,旧土地台帳附属地図,地図に準ずる図面,P-F,,,,,,
46201-3400-378.zip,066-781,500,false,-159558.916,-46019.422,-159408.921,-46019.428,-159558.918,-45819.419,-159408.923,-45819.423,その他,地図に準ずる図面,P-F,,,,1995,4,1
46201-3400-378.zip,066-782,500,false,-159558.918,-45819.419,-159408.923,-45819.423,-159558.920,-45619.415,-159408.925,-45619.419,その他,地図に準ずる図面,P-F,,,,1995,4,1
46201-3400-378.zip,066-783,500,false,-159708.911,-46019.416,-159558.916,-46019.422,-159708.914,-45819.414,-159558.918,-45819.419,その他,地図に準ずる図面,P-F,,,,1995,4,1
46201-3400-378.zip,066-784,500,false,-159708.914,-45819.414,-159558.918,-45819.419,-159708.916,-45619.412,-159558.920,-45619.415,その他,地図に準ずる図面,P-F,,,,1995,4,1
46201-3400-379.zip,066-1065-1,,true,-111.540,430.076,-378.015,470.976,-161.182,107.124,-427.770,148.040,旧土地台帳附属地図,地図に準ずる図面,P-F,,,,,,
46201-3400-379.zip,066-1065-2,,true,-304.339,346.866,-34.776,351.041,-309.353,673.535,-39.676,677.750,その他,地図に準ずる図面,P-F,,,,,,
46201-3400-379.zip,066-1072,,true,-149.569,33.287,-142.951,302.802,-476.214,41.390,-469.593,311.019,旧土地台帳附属地図,地図に準ずる図面,P-F,,,,,,
46201-3400-379.zip,066-1074,,true,-188.270,51.377,-79.710,-195.354,110.782,182.928,219.458,-63.877,旧土地台帳附属地図,地図に準ずる図面,P-F,,,,,,
46201-3400-379.zip,066-1075,,true,-404.238,116.057,-408.942,-153.459,-77.543,110.273,-82.250,-159.395,旧土地台帳附属地図,地図に準ずる図面,P-F,,,,,,
46201-3400-379.zip,066-1077,,true,-200.932,252.707,-206.723,-16.788,125.738,245.652,119.945,-23.958,旧土地台帳附属地図,地図に準ずる図面,P-F,,,,,,
46201-3400-379.zip,066-1078,,true,-283.064,-282.007,-28.005,-194.793,-388.701,27.151,-133.546,114.437,旧土地台帳附属地図,地図に準ずる図面,P-F,,,,,,
46201-3400-379.zip,066-1079,,true,59.481,-337.332,62.721,-67.794,-267.240,-333.348,-263.999,-63.695,旧土地台帳附属地図,地図に準ずる図面,P-F,,,,,,
46201-3400-379.zip,066-1088,,true,-226.884,-573.764,42.538,-566.518,-235.632,-247.135,33.942,-239.885,旧土地台帳附属地図,地図に準ずる図面,P-F,,,,,,
46201-3400-379.zip,066-1090,,true,-186.862,-438.483,-11.146,-234.069,-434.606,-225.502,-258.848,-20.923,旧土地台帳附属地図,地図に準ずる図面,P-F,,,,,,
46201-3400-379.zip,066-1091,,true,-297.783,-238.485,-193.551,10.146,-599.098,-112.104,-494.872,136.612,旧土地台帳附属地図,地図に準ずる図面,P-F,,,,,,
46201-3400-379.zip,066-1092,,true,-571.000,-265.974,-305.220,-221.233,-625.216,56.242,-359.286,101.008,旧土地台帳附属地図,地図に準ずる図面,P-F,,,,,,
46201-3400-379.zip,066-1093,,true,-327.932,-48.579,-316.296,220.689,-654.372,-34.448,-642.729,234.973,旧土地台帳附属地図,地図に準ずる図面,P-F,,,,,,
46201-3400-379.zip,066-1133,,true,11.139,574.479,-258.371,576.791,8.253,247.746,-261.371,250.059,旧土地台帳附属地図,地図に準ずる図面,P-F,,,,,,
46201-3400-379.zip,066-1134-1,,true,-0.086,125.889,157.093,344.878,-265.481,316.424,-108.288,535.497,旧土地台帳附属地図,地図に準ずる図面,P-F,,,,,,
46201-3400-38.zip,D1 45-3,500,false,-150828.793,-42619.503,-150678.792,-42619.504,-150828.799,-42419.499,-150678.797,-42419.500,土地改良所在図,地図に準ずる図面,P-F,,,,,,
46201-3400-38.zip,D1 45-4,500,false,-150828.799,-42419.499,-150678.797,-42419.500,-150828.804,-42219.495,-150678.802,-42219.496,土地改良所在図,地図に準ずる図面,P-F,,,,,,
46201-3400-38.zip,D1 55-1,500,false,-150978.795,-42619.502,-150828.793,-42619.503,-150978.800,-42419.498,-150828.799,-42419.499,土地改良所在図,地図に準ずる図面,P-F,,,,,,
46201-3400-38.zip,D1 55-2,500,false,-150978.800,-42419.498,-150828.799,-42419.499,-150978.806,-42219.494,-150828.804,-42219.495,土地改良所在図,地図に準ずる図面,P-F,,,,,,
46201-3400-380.zip,066-1106,,true,473.299,-368.860,742.793,-361.467,464.340,-42.275,733.946,-34.803,旧土地台帳附属地図,地図に準ずる図面,P-F,,,,,,
46201-3400-380.zip,066-1106-1,,true,942.090,-711.792,1181.890,-716.124,947.628,-412.034,1187.430,-416.290,旧土地台帳附属地図,地図に準ずる図面,P-F,,,,,,
46201-3400-380.zip,066-1107,,true,938.908,-636.339,1118.387,-435.118,695.125,-418.835,874.627,-217.532,旧土地台帳附属地図,地図に準ずる図面,P-F,,,,,,
46201-3400-380.zip,066-1108-1,,true,856.751,-160.737,698.597,-379.069,1121.339,-352.455,963.171,-570.871,旧土地台帳附属地図,地図に準ずる図面,P-F,,,,,,
46201-3400-380.zip,066-1109,,true,920.496,-309.163,723.716,-124.883,697.123,-547.632,500.234,-363.300,旧土地台帳附属地図,地図に準ずる図面,P-F,,,,,,
46201-3400-380.zip,066-1110,,true,618.922,-272.341,888.497,-269.048,614.978,54.343,884.667,57.675,旧土地台帳附属地図,地図に準ずる図面,P-F,,,,,,
46201-3400-380.zip,066-1111,,true,473.463,137.500,326.569,-88.562,747.389,-40.552,600.485,-266.698,旧土地台帳附属地図,地図に準ずる図面,P-F,,,,,,
46201-3400-380.zip,066-1112,,true,511.510,122.381,286.925,271.524,330.734,-149.754,106.065,-0.601,旧土地台帳附属地図,地図に準ずる図面,P-F,,,,,,
46201-3400-380.zip,066-1113,,true,265.774,-50.169,265.438,-319.727,592.482,-50.577,592.222,-320.210,旧土地台帳附属地図,地図に準ずる図面,P-F,,,,,,
46201-3400-380.zip,066-1114,,true,321.984,48.875,52.351,49.537,321.143,-277.831,51.472,-277.245,旧土地台帳附属地図,地図に準ずる図面,P-F,,,,,,
46201-3400-380.zip,066-1115,,true,7.176,282.258,-112.621,40.741,299.874,137.116,180.043,-104.554,旧土地台帳附属地図,地図に準ずる図面,P-F,,,,,,
46201-3400-380.zip,066-1116,,true,-15.881,194.581,-210.830,8.420,209.742,-41.760,14.708,-228.054,旧土地台帳附属地図,地図に準ずる図面,P-F,,,,,,
46201-3400-380.zip,066-1117,,true,39.864,-310.327,309.380,-305.566,34.095,16.330,303.723,21.169,旧土地台帳附属地図,地図に準ずる図面,P-F,,,,,,
46201-3400-380.zip,066-1118,,true,156.327,-197.319,144.962,-466.636,482.742,-211.139,471.371,-480.609,旧土地台帳附属地図,地図に準ずる図面,P-F,,,,,,
46201-3400-380.zip,066-1119,,true,503.509,-523.343,699.315,-338.139,279.007,-285.990,474.897,-100.653,旧土地台帳附属地図,地図に準ずる図面,P-F,,,,,,
46201-3400-380.zip,066-1105,,true,1066.295,-257.445,882.986,-455.130,1305.887,-479.612,1122.503,-677.435,旧土地台帳附属地図,地図に準ずる図面,P-F,,,,,,
46201-3400-381.zip,066-1053,,true,-160.672,-109.857,97.675,-186.649,-68.039,202.291,190.397,125.393,旧土地台帳附属地図,地図に準ずる図面,P-F,,,,,,
46201-3400-382.zip,164-1077-2,,true,26.718,12.251,296.352,24.938,11.440,338.768,281.112,351.608,旧土地台帳附属地図,地図に準ずる図面,P-F,,,,,,
46201-3400-383.zip,1,500,false,-153028.825,-42219.481,-152828.823,-42219.483,-153028.828,-41969.477,-152828.827,-41969.478,その他,地図に準ずる図面,P-F,1996,5,7,1996,2,10
46201-3400-383.zip,3,500,false,-153228.827,-42219.480,-153028.825,-42219.481,-153228.830,-41969.475,-153028.828,-41969.477,その他,地図に準ずる図面,P-F,1996,5,7,1996,2,10
46201-3400-383.zip,4,500,false,-153228.830,-41969.475,-153028.828,-41969.477,-153228.833,-41719.470,-153028.832,-41719.472,その他,地図に準ずる図面,P-F,1996,5,7,1996,2,10
46201-3400-383.zip,5,500,false,-153228.833,-41719.470,-153028.832,-41719.472,-153228.838,-41469.465,-153028.838,-41469.466,その他,地図に準ずる図面,P-F,1996,5,7,1996,2,10
46201-3400-383.zip,6,500,false,-153428.831,-41969.474,-153228.830,-41969.475,-153428.834,-41719.469,-153228.833,-41719.470,その他,地図に準ずる図面,P-F,1996,5,7,1996,2,10
46201-3400-383.zip,7,500,false,-153428.834,-41719.469,-153228.833,-41719.470,-153428.839,-41469.464,-153228.838,-41469.465,その他,地図に準ずる図面,P-F,1996,5,7,1996,2,10
46201-3400-383.zip,8,500,false,-153628.833,-41969.472,-153428.831,-41969.474,-153628.836,-41719.467,-153428.834,-41719.469,その他,地図に準ずる図面,P-F,1996,5,7,1996,2,10
46201-3400-383.zip,9,500,false,-153628.836,-41719.467,-153428.834,-41719.469,-153628.840,-41469.462,-153428.839,-41469.464,その他,地図に準ずる図面,P-F,1996,5,7,1996,2,10
46201-3400-384.zip,081-437,,true,-868.047,318.942,-597.748,324.592,-875.033,645.727,-604.582,651.380,旧土地台帳附属地図,地図に準ずる図面,P-F,,,,,,
46201-3400-384.zip,081-438,,true,-858.919,147.865,-588.532,150.164,-861.897,474.713,-591.433,477.051,旧土地台帳附属地図,地図に準ずる図面,P-F,,,,,,
46201-3400-384.zip,081-439,,true,-625.499,98.938,-355.490,85.205,-609.039,425.384,-338.875,411.682,旧土地台帳附属地図,地図に準ずる図面,P-F,,,,,,
46201-3400-384.zip,081-440,,true,-578.702,-70.251,-308.352,-67.998,-581.587,256.598,-311.085,258.891,旧土地台帳附属地図,地図に準ずる図面,P-F,,,,,,
46201-3400-384.zip,081-441,,true,-853.573,-54.566,-583.176,-53.669,-854.874,272.294,-584.363,273.192,旧土地台帳附属地図,地図に準ずる図面,P-F,,,,,,
46201-3400-384.zip,081-442,,true,-791.759,-183.116,-521.458,-179.724,-796.055,143.756,-525.448,147.077,旧土地台帳附属地図,地図に準ずる図面,P-F,,,,,,
46201-3400-384.zip,081-443,,true,-534.328,-206.837,-264.043,-206.378,-535.181,120.064,-264.514,120.488,旧土地台帳附属地図,地図に準ずる図面,P-F,,,,,,
46201-3400-384.zip,081-444,,true,-444.672,-324.413,-174.355,-322.535,-447.214,2.439,-176.555,4.322,旧土地台帳附属地図,地図に準ずる図面,P-F,,,,,,
46201-3400-384.zip,081-445,,true,-695.906,-306.285,-425.591,-304.190,-698.684,20.608,-428.025,22.665,旧土地台帳附属地図,地図に準ずる図面,P-F,,,,,,
46201-3400-384.zip,081-446,,true,-644.482,-402.308,-374.167,-400.638,-646.751,-75.456,-376.094,-73.784,旧土地台帳附属地図,地図に準ずる図面,P-F,,,,,,
46201-3400-384.zip,081-447,,true,-365.370,-451.272,-95.094,-448.832,-368.620,-124.461,-97.963,-121.976,旧土地台帳附属地図,地図に準ずる図面,P-F,,,,,,
46201-3400-384.zip,081-448,,true,-548.279,-504.041,-277.960,-501.652,-551.517,-177.187,-280.817,-174.791,旧土地台帳附属地図,地図に準ずる図面,P-F,,,,,,
46201-3400-384.zip,081-449,,true,-424.479,-588.999,-154.180,-585.241,-429.290,-262.205,-158.649,-258.444,旧土地台帳附属地図,地図に準ずる図面,P-F,,,,,,
46201-3400-384.zip,081-450,,true,-342.556,-676.242,-72.255,-673.049,-346.691,-349.370,-76.047,-346.211,旧土地台帳附属地図,地図に準ずる図面,P-F,,,,,,
46201-3400-384.zip,081-451,,true,-306.070,-251.683,-327.086,-521.223,19.857,-276.863,-1.186,-546.745,旧土地台帳附属地図,地図に準ずる図面,P-F,,,,,,
46201-3400-384.zip,081-452A,,true,-164.962,-358.091,105.329,-362.745,-159.578,-31.302,111.055,-35.997,旧土地台帳附属地図,地図に準ずる図面,P-F,,,,,,
46201-3400-384.zip,081-452B,,true,-151.523,123.483,-151.951,-146.847,175.310,123.208,174.846,-147.465,旧土地台帳附属地図,地図に準ずる図面,P-F,,,,,,
46201-3400-384.zip,081-453,,true,-23.919,201.837,-36.566,-68.193,302.602,186.821,289.941,-83.551,旧土地台帳附属地図,地図に準ずる図面,P-F,,,,,,
46201-3400-384.zip,081-454,,true,-220.295,-342.147,49.977,-339.883,-223.303,-15.301,47.351,-13.033,旧土地台帳附属地図,地図に準ずる図面,P-F,,,,,,
46201-3400-384.zip,081-455,,true,-292.991,-240.787,-22.783,-248.654,-283.764,85.945,-13.175,78.068,旧土地台帳附属地図,地図に準ずる図面,P-F,,,,,,
46201-3400-384.zip,081-456,,true,-70.850,55.954,199.412,61.490,-77.817,382.740,192.826,388.283,旧土地台帳附属地図,地図に準ずる図面,P-F,,,,,,
46201-3400-384.zip,081-457,,true,28.379,186.166,298.658,188.715,25.046,513.018,295.707,515.498,旧土地台帳附属地図,地図に準ずる図面,P-F,,,,,,
46201-3400-384.zip,081-458,,true,-273.709,-71.329,-3.398,-68.218,-277.741,255.477,-7.088,258.594,旧土地台帳附属地図,地図に準ずる図面,P-F,,,,,,
46201-3400-384.zip,081-459,,true,-245.940,106.416,24.378,107.447,-247.459,433.273,23.240,434.268,旧土地台帳附属地図,地図に準ずる図面,P-F,,,,,,
46201-3400-384.zip,081-460A,,true,-114.385,388.244,155.918,391.313,-118.346,715.042,152.300,718.116,旧土地台帳附属地図,地図に準ずる図面,P-F,,,,,,
46201-3400-384.zip,081-460B,,true,-60.304,140.742,209.999,143.811,-64.265,467.540,206.381,470.614,旧土地台帳附属地図,地図に準ずる図面,P-F,,,,,,
46201-3400-384.zip,081-461,,true,-275.055,214.744,-4.758,218.315,-279.631,541.611,-8.991,545.149,旧土地台帳附属地図,地図に準ずる図面,P-F,,,,,,
46201-3400-384.zip,081-462,,true,-360.793,325.005,-90.485,327.541,-364.149,651.848,-93.499,654.387,旧土地台帳附属地図,地図に準ずる図面,P-F,,,,,,
46201-3400-384.zip,081-463A,,true,-157.528,471.930,112.740,474.882,-161.445,798.731,109.242,801.728,旧土地台帳附属地図,地図に準ずる図面,P-F,,,,,,
46201-3400-384.zip,081-463B,,true,-164.595,463.433,105.673,466.385,-168.512,790.234,102.175,793.231,旧土地台帳附属地図,地図に準ずる図面,P-F,,,,,,
46201-3400-384.zip,081-464,,true,-432.462,431.604,-162.121,434.803,-436.628,758.401,-165.944,761.605,旧土地台帳附属地図,地図に準ずる図面,P-F,,,,,,
46201-3400-384.zip,081-467,,true,147.075,984.739,-123.212,980.494,152.669,658.003,-117.997,653.637,旧土地台帳附属地図,地図に準ずる図面,P-F,,,,,,
46201-3400-384.zip,081-468,,true,32.900,600.746,303.224,600.044,33.497,927.611,304.164,926.910,旧土地台帳附属地図,地図に準ずる図面,P-F,,,,,,
46201-3400-384.zip,081-469,,true,27.486,501.471,297.803,502.803,25.555,828.288,296.215,829.661,旧土地台帳附属地図,地図に準ずる図面,P-F,,,,,,
46201-3400-384.zip,081-470A,,true,105.495,379.964,375.831,383.437,101.050,706.794,371.729,710.271,旧土地台帳附属地図,地図に準ずる図面,P-F,,,,,,
46201-3400-384.zip,081-470B,,true,274.447,334.310,544.783,337.783,270.002,661.140,540.681,664.617,旧土地台帳附属地図,地図に準ずる図面,P-F,,,,,,
46201-3400-384.zip,081-465,,true,-137.243,572.980,-142.991,843.245,-464.030,565.800,-469.749,836.408,旧土地台帳附属地図,地図に準ずる図面,P-F,,,,,,
46201-3400-384.zip,081-466,,true,-390.641,698.735,-120.405,701.569,-394.408,1025.541,-123.754,1028.421,旧土地台帳附属地図,地図に準ずる図面,P-F,,,,,,
46201-3400-385.zip,081-404-2,1000,false,-205.885,-251.697,243.438,-253.951,-203.250,292.812,246.009,290.368,その他,地図に準ずる図面,P-F,,,,2000,2,
46201-3400-386.zip,145-1701,500,false,-162328.862,-45569.352,-162128.863,-45569.355,-162328.868,-45319.358,-162128.870,-45319.361,土地区画整理所在図,法第14条1項地図（国調法19-5指定）,P-F,,,,1999,1,8
46201-3400-386.zip,145-1702,500,false,-162278.866,-45419.356,-162078.868,-45419.359,-162278.870,-45169.360,-162078.872,-45169.363,土地区画整理所在図,法第14条1項地図（国調法19-5指定）,P-F,,,,1999,1,8
46201-3400-386.zip,145-1703,500,false,-162128.869,-45369.360,-161928.872,-45369.364,-162128.871,-45119.363,-161928.874,-45119.367,土地区画整理所在図,法第14条1項地図（国調法19-5指定）,P-F,,,,1999,1,8
46201-3400-386.zip,145-1704,500,false,-162178.866,-45469.357,-161978.869,-45469.360,-162178.870,-45219.361,-161978.873,-45219.365,土地区画整理所在図,法第14条1項地図（国調法19-5指定）,P-F,,,,1999,1,8
46201-3400-386.zip,145-1705,500,false,-162128.866,-45469.357,-161928.869,-45469.361,-162128.871,-45219.362,-161928.874,-45219.366,土地区画整理所在図,法第14条1項地図（国調法19-5指定）,P-F,,,,1999,1,8
46201-3400-386.zip,145-1706,500,false,-162228.863,-45569.354,-162028.865,-45569.357,-162228.869,-45319.359,-162028.872,-45319.363,土地区画整理所在図,法第14条1項地図（国調法19-5指定）,P-F,,,,1999,1,8
46201-3400-386.zip,145-1707,500,false,-162128.861,-45669.353,-161928.864,-45669.357,-162128.867,-45419.358,-161928.871,-45419.363,土地区画整理所在図,法第14条1項地図（国調法19-5指定）,P-F,,,,1999,1,8
46201-3400-386.zip,145-1708,500,false,-162078.866,-45519.357,-161878.869,-45519.361,-162078.871,-45269.362,-161878.874,-45269.366,土地区画整理所在図,法第14条1項地図（国調法19-5指定）,P-F,,,,1999,1,8
46201-3400-386.zip,145-1709,500,false,-162028.866,-45519.358,-161828.870,-45519.362,-162028.872,-45269.363,-161828.875,-45269.367,土地区画整理所在図,法第14条1項地図（国調法19-5指定）,P-F,,,,1999,1,8
46201-3400-386.zip,145-1710,500,false,-162028.862,-45669.355,-161828.866,-45669.359,-162028.869,-45419.360,-161828.872,-45419.365,土地区画整理所在図,法第14条1項地図（国調法19-5指定）,P-F,,,,1999,1,8
46201-3400-386.zip,145-1711,500,false,-161978.865,-45619.357,-161778.868,-45619.361,-161978.871,-45369.363,-161778.874,-45369.367,土地区画整理所在図,法第14条1項地図（国調法19-5指定）,P-F,,,,1999,1,8
46201-3400-386.zip,145-1712,500,false,-162028.859,-45819.352,-161828.861,-45819.356,-162028.865,-45569.357,-161828.868,-45569.361,土地区画整理所在図,法第14条1項地図（国調法19-5指定）,P-F,,,,1999,1,8
46201-3400-386.zip,145-1713,500,false,-162128.857,-45819.350,-161928.860,-45819.354,-162128.863,-45569.355,-161928.867,-45569.359,土地区画整理所在図,法第14条1項地図（国調法19-5指定）,P-F,,,,1999,1,8
46201-3400-386.zip,145-1714,500,false,-162178.858,-45769.350,-161978.861,-45769.354,-162178.864,-45519.356,-161978.867,-45519.359,土地区画整理所在図,法第14条1項地図（国調法19-5指定）,P-F,,,,1999,1,8
46201-3400-386.zip,145-1715,500,false,-162278.859,-45719.350,-162078.860,-45719.353,-162278.865,-45469.355,-162078.867,-45469.358,土地区画整理所在図,法第14条1項地図（国調法19-5指定）,P-F,,,,1999,1,8
46201-3400-386.zip,145-1716,500,false,-162378.858,-45719.348,-162178.859,-45719.351,-162378.864,-45469.354,-162178.866,-45469.357,土地区画整理所在図,法第14条1項地図（国調法19-5指定）,P-F,,,,1999,1,8
46201-3400-386.zip,145-1717,500,false,-162478.858,-45719.347,-162278.859,-45719.350,-162478.864,-45469.352,-162278.865,-45469.355,土地区画整理所在図,法第14条1項地図（国調法19-5指定）,P-F,,,,1999,1,8
46201-3400-386.zip,145-1715-1,500,false,-162278.860,-45969.350,-162078.860,-45969.350,-162278.860,-45719.350,-162078.860,-45719.350,土地区画整理所在図,法第14条1項地図（国調法19-5指定）,,,,,,,
46201-3400-387.zip,145-71001,500,false,-161928.859,-45869.353,-161728.862,-45869.357,-161928.865,-45619.358,-161728.868,-45619.362,土地区画整理所在図,法第14条1項地図（国調法19-5指定）,P-F,,,,1999,1,8
46201-3400-387.zip,145-71002,500,false,-161978.862,-45719.355,-161778.865,-45719.359,-161978.869,-45469.360,-161778.872,-45469.365,土地区画整理所在図,法第14条1項地図（国調法19-5指定）,P-F,,,,1999,1,8
46201-3400-387.zip,145-71003,500,false,-161828.861,-45819.356,-161628.864,-45819.360,-161828.868,-45569.361,-161628.871,-45569.366,土地区画整理所在図,法第14条1項地図（国調法19-5指定）,P-F,,,,1999,1,8
46201-3400-387.zip,145-71004,500,false,-161929.049,-45919.008,-161729.052,-45919.012,-161929.056,-45669.013,-161729.059,-45669.017,土地区画整理所在図,法第14条1項地図（国調法19-5指定）,P-F,,,,1999,1,8
46201-3400-387.zip,145-71005,500,false,-161828.857,-45969.353,-161628.860,-45969.357,-161828.864,-45719.358,-161628.867,-45719.363,土地区画整理所在図,法第14条1項地図（国調法19-5指定）,P-F,,,,1999,1,8
46201-3400-387.zip,145-71006,500,false,-161728.860,-45919.356,-161528.863,-45919.361,-161728.867,-45669.361,-161528.870,-45669.366,土地区画整理所在図,法第14条1項地図（国調法19-5指定）,P-F,,,,1999,1,8
46201-3400-387.zip,145-71007,500,false,-161728.856,-46069.353,-161528.859,-46069.358,-161728.863,-45819.358,-161528.866,-45819.363,土地区画整理所在図,法第14条1項地図（国調法19-5指定）,P-F,,,,1999,1,8
46201-3400-387.zip,145-71008,500,false,-161778.853,-46169.350,-161578.855,-46169.355,-161778.860,-45919.355,-161578.862,-45919.360,土地区画整理所在図,法第14条1項地図（国調法19-5指定）,P-F,,,,1999,1,8
46201-3400-387.zip,145-71009,500,false,-161878.854,-46069.350,-161678.857,-46069.354,-161878.861,-45819.355,-161678.864,-45819.359,土地区画整理所在図,法第14条1項地図（国調法19-5指定）,P-F,,,,1999,1,8
46201-3400-387.zip,145-71010,500,false,-161928.855,-46019.350,-161728.858,-46019.354,-161928.861,-45769.355,-161728.864,-45769.359,土地区画整理所在図,法第14条1項地図（国調法19-5指定）,P-F,,,,1999,1,8
46201-3400-388.zip,064-740,,true,-120.713,-153.597,149.423,-149.502,-125.830,173.147,144.724,177.362,旧土地台帳附属地図,地図に準ずる図面,P-F,,,,,,
46201-3400-389.zip,117-1262,2500,false,-191.049,4755.717,-291.699,5875.311,-1548.439,4635.409,-1647.092,5754.067,旧土地台帳附属地図,地図に準ずる図面,P-F,,,,1979,8,25
46201-3400-39.zip,070-974,,true,-1597.174,2291.942,-1746.836,2195.005,-1461.013,2080.307,-1611.368,1983.606,旧土地台帳附属地図,地図に準ずる図面,P-F,,,,,,
46201-3400-39.zip,070-975,,true,-1988.411,73.291,-1983.191,251.450,-2239.862,81.242,-2234.206,259.881,旧土地台帳附属地図,地図に準ずる図面,P-F,,,,,,
46201-3400-39.zip,070-976,,true,-2237.344,639.844,-2122.767,503.415,-2044.289,801.213,-1929.675,664.023,旧土地台帳附属地図,地図に準ずる図面,P-F,,,,,,
46201-3400-39.zip,070-977,,true,-2039.036,1030.449,-1951.279,1185.539,-2257.683,1154.885,-2169.297,1310.229,旧土地台帳附属地図,地図に準ずる図面,P-F,,,,,,
46201-3400-39.zip,070-978,,true,-2177.993,1540.185,-1999.796,1539.557,-2176.467,1791.757,-1997.704,1790.666,旧土地台帳附属地図,地図に準ずる図面,P-F,,,,,,
46201-3400-39.zip,070-979,,true,-2226.856,2208.498,-2193.210,2033.505,-1979.674,2255.319,-1946.411,2079.674,旧土地台帳附属地図,地図に準ずる図面,P-F,,,,,,
46201-3400-39.zip,070-980-1,,true,-2465.866,185.053,-2596.516,306.234,-2637.441,1.010,-2768.169,122.944,旧土地台帳附属地図,地図に準ずる図面,P-F,,,,,,
46201-3400-39.zip,070-980-2,,true,-197.841,117.151,-102.871,2.991,-36.283,250.759,58.648,135.994,旧土地台帳附属地図,地図に準ずる図面,P-F,,,,,,
46201-3400-39.zip,070-957A,,true,-96.981,516.222,48.097,619.696,-242.499,721.442,-96.624,824.777,旧土地台帳附属地図,地図に準ずる図面,P-F,,,,,,
46201-3400-39.zip,070-957B,,true,-96.981,1016.222,48.097,1119.696,-242.499,1221.442,-96.624,1324.777,旧土地台帳附属地図,地図に準ずる図面,P-F,,,,,,
46201-3400-39.zip,070-958,,true,-114.709,1791.163,-250.792,1676.174,47.105,1598.532,-89.752,1483.641,旧土地台帳附属地図,地図に準ずる図面,P-F,,,,,,
46201-3400-39.zip,070-959,,true,-83.548,2017.167,50.710,2134.338,-248.365,2207.236,-113.303,2324.293,旧土地台帳附属地図,地図に準ずる図面,P-F,,,,,,
46201-3400-39.zip,070-960,,true,-731.789,112.862,-592.278,1.996,-574.729,309.390,-435.138,197.774,旧土地台帳附属地図,地図に準ずる図面,P-F,,,,,,
46201-3400-39.zip,070-961,,true,-464.746,679.822,-590.600,805.978,-643.367,502.608,-769.215,629.519,旧土地台帳附属地図,地図に準ずる図面,P-F,,,,,,
46201-3400-39.zip,070-962,,true,-682.911,1043.719,-504.875,1035.290,-670.393,1294.946,-491.884,1286.072,旧土地台帳附属地図,地図に準ずる図面,P-F,,,,,,
46201-3400-39.zip,070-963,,true,-600.100,1516.157,-452.752,1616.305,-740.944,1724.613,-592.845,1824.668,旧土地台帳附属地図,地図に準ずる図面,P-F,,,,,,
46201-3400-39.zip,070-964,,true,-608.358,2016.366,-455.263,2107.485,-736.469,2232.969,-582.611,2323.917,旧土地台帳附属地図,地図に準ずる図面,P-F,,,,,,
46201-3400-39.zip,070-965,,true,-1097.964,16.184,-952.166,118.574,-1242.078,222.438,-1095.444,324.759,旧土地台帳附属地図,地図に準ずる図面,P-F,,,,,,
46201-3400-39.zip,070-966,,true,-1129.239,788.795,-1252.351,660.015,-947.805,614.463,-1071.697,485.643,旧土地台帳附属地図,地図に準ずる図面,P-F,,,,,,
46201-3400-39.zip,070-967,,true,-1149.237,1282.875,-1251.465,1136.962,-943.586,1137.900,-1046.549,991.809,旧土地台帳附属地図,地図に準ずる図面,P-F,,,,,,
46201-3400-39.zip,070-968,,true,-1229.935,1607.229,-1085.839,1502.455,-1081.381,1810.357,-937.164,1704.784,旧土地台帳附属地図,地図に準ずる図面,P-F,,,,,,
46201-3400-39.zip,070-970-1,,true,-1488.402,73.388,-1483.288,251.474,-1739.856,81.248,-1734.265,259.889,旧土地台帳附属地図,地図に準ずる図面,P-F,,,,,,
46201-3400-39.zip,070-971,,true,-1518.913,765.450,-1697.009,771.498,-1528.250,514.047,-1706.894,520.689,旧土地台帳附属地図,地図に準ずる図面,P-F,,,,,,
46201-3400-39.zip,070-972,,true,-1465.587,1124.275,-1531.455,1289.812,-1699.589,1031.894,-1765.216,1198.179,旧土地台帳附属地図,地図に準ずる図面,P-F,,,,,,
46201-3400-39.zip,070-973,,true,-1472.001,1603.410,-1510.904,1777.309,-1717.587,1549.013,-1756.240,1723.551,旧土地台帳附属地図,地図に準ずる図面,P-F,,,,,,
46201-3400-390.zip,114-24,500,false,-160028.890,-43469.401,-159828.893,-43469.402,-160028.883,-43219.404,-159828.885,-43219.405,その他,地図に準ずる図面,P-F,,,,2005,1,20
46201-3400-390.zip,114-25,500,false,-160228.887,-43469.401,-160028.890,-43469.401,-160228.881,-43219.403,-160028.883,-43219.404,その他,地図に準ずる図面,P-F,,,,2005,1,20
46201-3400-391.zip,420,600,false,-862.263,-190.406,-836.537,78.496,-1188.039,-158.671,-1162.103,110.019,土地改良所在図,地図に準ずる図面,P-F,,,,1968,4,5
46201-3400-391.zip,421,600,false,-1068.118,-201.325,-1053.482,68.260,-1394.918,-183.502,-1380.352,86.200,土地改良所在図,地図に準ずる図面,P-F,,,,1968,4,5
46201-3400-391.zip,422,600,false,-1373.786,-161.458,-1347.908,107.390,-1699.419,-129.835,-1673.742,138.918,土地改良所在図,地図に準ずる図面,P-F,,,,1968,4,5
46201-3400-391.zip,424,600,false,-478.657,-3.379,-661.414,195.336,-719.923,-224.859,-902.560,-25.825,土地改良所在図,地図に準ずる図面,P-F,,,,1968,4,5
46201-3400-391.zip,425,600,false,-105.661,-138.258,-170.848,123.810,-423.228,-216.926,-488.572,44.985,土地改良所在図,地図に準ずる図面,P-F,,,,1968,4,5
46201-3400-391.zip,426,600,false,125.912,-171.058,191.559,90.895,-191.614,-91.117,-125.662,170.957,土地改良所在図,地図に準ずる図面,P-F,,,,1968,4,5
46201-3400-392.zip,13-1,500,false,-154678.844,-41219.449,-154528.844,-41219.450,-154678.844,-41019.447,-154528.844,-41019.448,地籍図,地図に準ずる図面,P-F,,,,,,
46201-3400-392.zip,13-2,500,false,-154678.844,-41019.447,-154528.844,-41019.448,-154678.843,-40819.445,-154528.844,-40819.446,地籍図,地図に準ずる図面,P-F,,,,,,
46201-3400-392.zip,13-3,500,false,-154828.846,-41419.449,-154678.845,-41419.451,-154828.845,-41219.448,-154678.844,-41219.449,地籍図,地図に準ずる図面,P-F,,,,,,
46201-3400-392.zip,13-4,500,false,-154828.845,-41219.448,-154678.844,-41219.449,-154828.844,-41019.446,-154678.844,-41019.447,地籍図,地図に準ずる図面,P-F,,,,,,
46201-3400-392.zip,13-5,500,false,-154828.844,-41019.446,-154678.844,-41019.447,-154828.843,-40819.444,-154678.843,-40819.445,地籍図,地図に準ずる図面,P-F,,,,,,
46201-3400-392.zip,13-6,500,false,-154978.848,-41619.449,-154828.847,-41619.451,-154978.847,-41419.447,-154828.846,-41419.449,地籍図,地図に準ずる図面,P-F,,,,,,
46201-3400-392.zip,13-7,500,false,-154978.847,-41419.447,-154828.846,-41419.449,-154978.845,-41219.446,-154828.845,-41219.448,地籍図,地図に準ずる図面,P-F,,,,,,
46201-3400-392.zip,13-8,500,false,-154978.845,-41219.446,-154828.845,-41219.448,-154978.844,-41019.445,-154828.844,-41019.446,地籍図,地図に準ずる図面,P-F,,,,,,
46201-3400-392.zip,13-9,500,false,-155128.850,-41619.446,-154978.848,-41619.449,-155128.848,-41419.445,-154978.847,-41419.447,地籍図,地図に準ずる図面,P-F,,,,,,
46201-3400-392.zip,13-10,500,false,-155128.848,-41419.445,-154978.847,-41419.447,-155128.846,-41219.444,-154978.845,-41219.446,地籍図,地図に準ずる図面,P-F,,,,,,
46201-3400-392.zip,13-11,500,false,-155128.846,-41219.444,-154978.845,-41219.446,-155128.844,-41019.443,-154978.844,-41019.445,地籍図,地図に準ずる図面,P-F,,,,,,
46201-3400-392.zip,13-12,500,false,-155278.852,-41619.444,-155128.850,-41619.446,-155278.849,-41419.443,-155128.848,-41419.445,地籍図,地図に準ずる図面,P-F,,,,,,
46201-3400-392.zip,13-13,500,false,-155278.849,-41419.443,-155128.848,-41419.445,-155278.847,-41219.443,-155128.846,-41219.444,地籍図,地図に準ずる図面,P-F,,,,,,
46201-3400-392.zip,13-14,500,false,-155428.849,-41419.443,-155278.849,-41419.443,-155428.849,-41219.443,-155278.849,-41219.443,地籍図,地図に準ずる図面,P-F,,,,,,
46201-3400-393.zip,030-143-18,,true,12.042,12.501,281.866,11.663,13.223,339.171,283.085,338.485,旧土地台帳附属地図,地図に準ずる図面,P-F,,,,,,
46201-3400-394.zip,030-143-1,,false,-162.532,-34.615,9.087,-175.714,18.989,177.788,190.963,36.468,旧土地台帳附属地図,地図に準ずる図面,P-F,,,,,,
46201-3400-394.zip,030-143-2,500,false,-334.307,-105.163,-209.864,-289.630,-100.599,48.590,24.627,-135.969,その他,地図に準ずる図面,P-F,,,,,,
46201-3400-394.zip,030-143-3,,true,-436.820,-474.055,-167.071,-472.797,-437.963,-146.890,-168.100,-145.823,旧土地台帳附属地図,地図に準ずる図面,P-F,,,,,,
46201-3400-394.zip,030-143-4,,true,-354.096,-506.562,-84.463,-514.511,-344.074,-179.549,-74.332,-187.692,旧土地台帳附属地図,地図に準ずる図面,P-F,,,,,,
46201-3400-395.zip,138-02,500,false,-155228.875,-46719.434,-155028.872,-46719.437,-155228.885,-46469.444,-155028.882,-46469.446,法務局作成地図,法第14条1項地図,P-F,,,,2002,3,10
46201-3400-395.zip,138-03,500,false,-155428.866,-46969.421,-155228.864,-46969.424,-155428.877,-46719.431,-155228.875,-46719.434,法務局作成地図,法第14条1項地図,P-F,,,,2002,3,10
46201-3400-395.zip,138-04,500,false,-155428.877,-46719.431,-155228.875,-46719.434,-155428.889,-46469.442,-155228.885,-46469.444,法務局作成地図,法第14条1項地図,P-F,,,,2002,3,10
46201-3400-395.zip,138-05,500,false,-155428.889,-46469.442,-155228.885,-46469.444,-155428.898,-46219.453,-155228.894,-46219.454,法務局作成地図,法第14条1項地図,P-F,,,,2002,3,10
46201-3400-395.zip,138-06,500,false,-155628.855,-47219.406,-155428.854,-47219.410,-155628.868,-46969.418,-155428.866,-46969.421,法務局作成地図,法第14条1項地図,P-F,,,,2002,3,10
46201-3400-395.zip,138-07,500,false,-155628.868,-46969.418,-155428.866,-46969.421,-155628.880,-46719.429,-155428.877,-46719.431,法務局作成地図,法第14条1項地図,P-F,,,,2002,3,10
46201-3400-395.zip,138-08,500,false,-155628.880,-46719.429,-155428.877,-46719.431,-155628.893,-46469.440,-155428.889,-46469.442,法務局作成地図,法第14条1項地図,P-F,,,,2002,3,10
46201-3400-395.zip,138-09,500,false,-155628.893,-46469.440,-155428.889,-46469.442,-155628.902,-46219.452,-155428.898,-46219.453,法務局作成地図,法第14条1項地図,P-F,,,,2002,3,10
46201-3400-395.zip,138-10,500,false,-155828.869,-46969.414,-155628.868,-46969.418,-155828.882,-46719.426,-155628.880,-46719.429,法務局作成地図,法第14条1項地図,P-F,,,,2002,3,10
46201-3400-395.zip,138-11,500,false,-155828.882,-46719.426,-155628.880,-46719.429,-155828.895,-46469.437,-155628.893,-46469.440,法務局作成地図,法第14条1項地図,P-F,,,,2002,3,10
46201-3400-395.zip,138-12,500,false,-155828.895,-46469.437,-155628.893,-46469.440,-155828.905,-46219.447,-155628.902,-46219.452,法務局作成地図,法第14条1項地図,P-F,,,,2002,3,10
46201-3400-395.zip,138-13,500,false,-155828.905,-46219.447,-155628.902,-46219.452,-155828.916,-45969.457,-155628.912,-45969.463,法務局作成地図,法第14条1項地図,P-F,,,,2002,3,10
46201-3400-395.zip,138-14,500,false,-156028.871,-46969.410,-155828.869,-46969.414,-156028.884,-46719.422,-155828.882,-46719.426,法務局作成地図,法第14条1項地図,P-F,,,,2002,3,10
46201-3400-395.zip,138-15,500,false,-156028.884,-46719.422,-155828.882,-46719.426,-156028.896,-46469.434,-155828.895,-46469.437,法務局作成地図,法第14条1項地図,P-F,,,,2002,3,10
46201-3400-395.zip,138-16,500,false,-156028.896,-46469.434,-155828.895,-46469.437,-156028.908,-46219.441,-155828.905,-46219.447,法務局作成地図,法第14条1項地図,P-F,,,,2002,3,10
46201-3400-395.zip,138-17,500,false,-156028.908,-46219.441,-155828.905,-46219.447,-156028.919,-45969.449,-155828.916,-45969.457,法務局作成地図,法第14条1項地図,P-F,,,,2002,3,10
46201-3400-395.zip,138-18,500,false,-156228.885,-46719.418,-156028.884,-46719.422,-156228.898,-46469.430,-156028.896,-46469.434,法務局作成地図,法第14条1項地図,P-F,,,,2002,3,10
46201-3400-395.zip,138-19,500,false,-156228.898,-46469.430,-156028.896,-46469.434,-156228.910,-46219.435,-156028.908,-46219.441,法務局作成地図,法第14条1項地図,P-F,,,,2002,3,10
46201-3400-395.zip,138-01,500,false,-155228.864,-46969.424,-155028.861,-46969.427,-155228.875,-46719.434,-155028.872,-46719.437,法務局作成地図,法第14条1項地図,P-F,,,,2002,3,10
46201-3400-396.zip,462-2,500,false,-155178.868,-46844.429,-155053.867,-46844.431,-155178.876,-46669.437,-155053.874,-46669.438,土地区画整理所在図,法第14条1項地図,P-F,,,,,,
46201-3400-396.zip,462-3,500,false,-155303.862,-47019.420,-155178.861,-47019.422,-155303.870,-46844.428,-155178.868,-46844.429,土地区画整理所在図,法第14条1項地図,P-F,,,,,,
46201-3400-396.zip,462-4,500,false,-155303.870,-46844.428,-155178.868,-46844.429,-155303.878,-46669.435,-155178.876,-46669.437,土地区画整理所在図,法第14条1項地図,P-F,,,,,,
46201-3400-396.zip,462-5,500,false,-155303.878,-46669.435,-155178.876,-46669.437,-155303.886,-46494.443,-155178.884,-46494.444,土地区画整理所在図,法第14条1項地図,P-F,,,,,,
46201-3400-396.zip,462-6,500,false,-155428.863,-47019.418,-155303.862,-47019.420,-155428.872,-46844.426,-155303.870,-46844.428,土地区画整理所在図,法第14条1項地図,P-F,,,,,,
46201-3400-396.zip,462-7,500,false,-155428.872,-46844.426,-155303.870,-46844.428,-155428.880,-46669.434,-155303.878,-46669.435,土地区画整理所在図,法第14条1項地図,P-F,,,,,,
46201-3400-396.zip,462-1,500,false,-155178.861,-47019.422,-155053.860,-47019.424,-155178.868,-46844.429,-155053.867,-46844.431,土地区画整理所在図,法第14条1項地図,P-F,,,,,,
46201-3400-397.zip,153-733,500,false,14278.004,11256.428,14493.102,11254.651,14280.990,11506.092,14495.041,11504.357,土地区画整理所在図,地図に準ずる図面,P-F,,,,1991,4,
46201-3400-397.zip,153-734,500,false,14283.865,11862.132,14498.955,11859.461,14287.402,12111.791,14501.825,12109.095,土地区画整理所在図,地図に準ずる図面,P-F,,,,1991,4,
46201-3400-398.zip,153-319-2,1000,false,15159.716,10147.679,15023.820,9793.165,15574.110,9988.991,15437.971,9634.910,旧土地台帳附属地図,地図に準ずる図面,P-F,,,,,,
46201-3400-399.zip,152-318,600,false,16640.007,12707.129,16682.334,12440.631,16959.631,12758.171,17002.216,12491.523,旧土地台帳附属地図,地図に準ずる図面,P-F,,,,1976,3,29
46201-3400-399.zip,152-319-1,600,false,16562.307,13223.523,16729.576,13011.701,16816.298,13424.199,16983.694,13212.524,旧土地台帳附属地図,地図に準ずる図面,P-F,,,,1976,3,29
46201-3400-4.zip,6-2,500,false,-152078.803,-43419.500,-151878.799,-43419.502,-152078.803,-43169.500,-151878.800,-43169.501,土地区画整理所在図,法第14条1項地図,P-F,1995,10,30,1995,10,26
46201-3400-4.zip,4-8-3,500,false,-152028.802,-43469.501,-151828.798,-43469.502,-152028.802,-43219.500,-151828.799,-43219.502,土地区画整理所在図,法第14条1項地図,P-F,1995,10,30,1995,10,26
46201-3400-4.zip,5-6-3,500,false,-152278.807,-43619.499,-152078.803,-43619.500,-152278.806,-43369.499,-152078.803,-43369.500,土地区画整理所在図,法第14条1項地図,P-F,1995,10,30,1995,10,26
46201-3400-4.zip,5-6-1,500,false,-152078.803,-43619.500,-151878.799,-43619.502,-152078.803,-43369.500,-151878.799,-43369.502,土地区画整理所在図,法第14条1項地図,P-F,1995,10,30,1995,10,26
46201-3400-4.zip,5-1,500,false,-151878.798,-43719.502,-151678.794,-43719.504,-151878.799,-43469.502,-151678.795,-43469.504,土地区画整理所在図,法第14条1項地図,P-F,1995,10,30,1995,10,26
46201-3400-4.zip,4-2-1,500,false,-151678.793,-43819.505,-151478.788,-43819.507,-151678.794,-43569.504,-151478.790,-43569.506,土地区画整理所在図,法第14条1項地図,P-F,1995,10,30,1995,10,26
46201-3400-4.zip,4-8-1,500,false,-151828.798,-43469.502,-151628.794,-43469.504,-151828.799,-43219.502,-151628.795,-43219.503,土地区画整理所在図,法第14条1項地図,P-F,1995,10,30,1995,10,26
46201-3400-4.zip,5-6-2,500,false,-151878.799,-43619.502,-151678.794,-43619.504,-151878.799,-43369.502,-151678.795,-43369.503,土地区画整理所在図,法第14条1項地図,P-F,1995,10,30,1995,10,26
46201-3400-4.zip,4-9-2,500,false,-151628.791,-44019.506,-151428.786,-44019.508,-151628.792,-43769.505,-151428.787,-43769.507,土地区画整理所在図,法第14条1項地図,P-F,1995,10,30,1995,10,26
46201-3400-4.zip,3-2,500,false,-151678.793,-44169.505,-151478.788,-44169.507,-151678.793,-43919.505,-151478.788,-43919.507,土地区画整理所在図,法第14条1項地図,P-F,1995,10,30,1995,10,26
46201-3400-4.zip,3-6,500,false,-151828.797,-44219.502,-151628.792,-44219.505,-151828.796,-43969.504,-151628.791,-43969.506,土地区画整理所在図,法第14条1項地図,P-F,1995,10,30,1995,10,26
46201-3400-4.zip,3-10-1,500,false,-151978.803,-44369.499,-151778.798,-44369.501,-151978.800,-44119.502,-151778.795,-44119.504,土地区画整理所在図,法第14条1項地図,P-F,1995,10,30,1995,10,26
46201-3400-4.zip,4-15-2,500,false,-151978.802,-44269.500,-151778.797,-44269.502,-151978.800,-44019.502,-151778.795,-44019.504,土地区画整理所在図,法第14条1項地図,P-F,1995,10,30,1995,10,26
46201-3400-4.zip,3-12,500,false,-152178.809,-44569.496,-151978.804,-44569.497,-152178.807,-44319.498,-151978.802,-44319.500,土地区画整理所在図,法第14条1項地図,P-F,1995,10,30,1995,10,26
46201-3400-4.zip,4-2-2,500,false,-151478.788,-43819.507,-151278.783,-43819.509,-151478.790,-43569.506,-151278.785,-43569.508,土地区画整理所在図,法第14条1項地図,P-F,1995,10,30,1995,10,26
46201-3400-4.zip,4-8-2,500,false,-151628.794,-43469.504,-151428.789,-43469.506,-151628.795,-43219.503,-151428.791,-43219.505,土地区画整理所在図,法第14条1項地図,P-F,1995,10,30,1995,10,26
46201-3400-4.zip,4-17-2,500,false,-151728.797,-43219.503,-151528.793,-43219.504,-151728.798,-42969.502,-151528.795,-42969.503,土地区画整理所在図,法第14条1項地図,P-F,1995,10,30,1995,10,26
46201-3400-4.zip,4-8-4,500,false,-151828.799,-43219.502,-151628.795,-43219.503,-151828.799,-42969.501,-151628.796,-42969.503,土地区画整理所在図,法第14条1項地図,P-F,1995,10,30,1995,10,26
46201-3400-4.zip,4-17-1,500,false,-151928.801,-43219.501,-151728.797,-43219.503,-151928.801,-42969.500,-151728.798,-42969.502,土地区画整理所在図,法第14条1項地図,P-F,1995,10,30,1995,10,26
46201-3400-4.zip,4-17-3,500,false,-152128.804,-43219.499,-151928.801,-43219.501,-152128.804,-42969.499,-151928.801,-42969.500,土地区画整理所在図,法第14条1項地図,P-F,1995,10,30,1995,10,26
46201-3400-4.zip,6-6,500,false,-152178.805,-43169.499,-151978.802,-43169.500,-152178.805,-42919.499,-151978.802,-42919.500,土地区画整理所在図,法第14条1項地図,P-F,1995,10,30,1995,10,26
46201-3400-4.zip,2-1,500,false,-152128.805,-44169.500,-151928.800,-44169.502,-152128.804,-43919.501,-151928.799,-43919.502,土地区画整理所在図,法第14条1項地図,P-F,1995,10,30,1995,10,26
46201-3400-4.zip,4-15-1,500,false,-151978.800,-44019.502,-151778.795,-44019.504,-151978.801,-43769.501,-151778.796,-43769.504,土地区画整理所在図,法第14条1項地図,P-F,1995,10,30,1995,10,26
46201-3400-4.zip,4-9-1,500,false,-151828.796,-44019.504,-151628.791,-44019.506,-151828.797,-43769.503,-151628.792,-43769.505,土地区画整理所在図,法第14条1項地図,P-F,1995,10,30,1995,10,26
46201-3400-4.zip,4-15-3,500,false,-152178.805,-44019.501,-151978.800,-44019.502,-152178.805,-43769.500,-151978.801,-43769.501,土地区画整理所在図,法第14条1項地図,P-F,1995,10,30,1995,10,26
46201-3400-4.zip,1-4,500,false,-152328.808,-43819.499,-152128.804,-43819.501,-152328.808,-43569.499,-152128.804,-43569.500,土地区画整理所在図,法第14条1項地図,P-F,1995,10,30,1995,10,26
46201-3400-4.zip,5-4,500,false,-152128.804,-43919.501,-151928.799,-43919.502,-152128.804,-43669.500,-151928.800,-43669.502,土地区画整理所在図,法第14条1項地図,P-F,1995,10,30,1995,10,26
46201-3400-4.zip,1-6,500,false,-152478.812,-44069.498,-152278.808,-44069.500,-152478.812,-43819.498,-152278.807,-43819.500,土地区画整理所在図,法第14条1項地図,P-F,1995,10,30,1995,10,26
46201-3400-4.zip,2-9,500,false,-152578.818,-44369.495,-152378.813,-44369.496,-152578.815,-44119.497,-152378.810,-44119.499,土地区画整理所在図,法第14条1項地図,P-F,1995,10,30,1995,10,26
46201-3400-4.zip,1-10,500,false,-152678.818,-44169.496,-152478.813,-44169.498,-152678.816,-43919.497,-152478.812,-43919.498,土地区画整理所在図,法第14条1項地図,P-F,1995,10,30,1995,10,26
46201-3400-4.zip,1-20,500,false,-152878.825,-44369.493,-152678.820,-44369.494,-152878.823,-44119.495,-152678.818,-44119.497,土地区画整理所在図,法第14条1項地図,P-F,1995,10,30,1995,10,26
46201-3400-4.zip,1-22,500,false,-152928.828,-44469.491,-152728.823,-44469.493,-152928.825,-44219.494,-152728.820,-44219.495,土地区画整理所在図,法第14条1項地図,P-F,1995,10,30,1995,10,26
46201-3400-4.zip,1-17,500,false,-152878.828,-44619.490,-152678.823,-44619.492,-152878.825,-44369.493,-152678.820,-44369.494,土地区画整理所在図,法第14条1項地図,P-F,1995,10,30,1995,10,26
46201-3400-4.zip,1-11-1,500,false,-152728.825,-44719.490,-152528.820,-44719.492,-152728.823,-44469.493,-152528.817,-44469.494,土地区画整理所在図,法第14条1項地図,P-F,1995,10,30,1995,10,26
46201-3400-4.zip,0-3,500,false,-152678.826,-44919.488,-152478.821,-44919.490,-152678.823,-44669.491,-152478.818,-44669.492,土地区画整理所在図,法第14条1項地図,P-F,1995,10,30,1995,10,26
46201-3400-4.zip,1-11-2,500,false,-152728.828,-44969.488,-152528.822,-44969.489,-152728.825,-44719.490,-152528.820,-44719.492,土地区画整理所在図,法第14条1項地図,P-F,1995,10,30,1995,10,26
46201-3400-4.zip,1-24,500,false,-153028.834,-44719.488,-152828.828,-44719.489,-153028.831,-44469.490,-152828.825,-44469.492,土地区画整理所在図,法第14条1項地図,P-F,1995,10,30,1995,10,26
46201-3400-4.zip,2-10,500,false,-152678.822,-44519.493,-152478.817,-44519.494,-152678.819,-44269.495,-152478.814,-44269.497,土地区画整理所在図,法第14条1項地図,P-F,1995,10,30,1995,10,26
46201-3400-4.zip,0-1,500,false,-152328.815,-44769.492,-152128.810,-44769.494,-152328.813,-44519.495,-152128.808,-44519.497,土地区画整理所在図,法第14条1項地図,P-F,1995,10,30,1995,10,26
46201-3400-4.zip,3-17,500,false,-152428.816,-44569.494,-152228.811,-44569.495,-152428.813,-44319.496,-152228.808,-44319.498,土地区画整理所在図,法第14条1項地図,P-F,1995,10,30,1995,10,26
46201-3400-4.zip,3-10-2,500,false,-152178.808,-44369.498,-151978.803,-44369.499,-152178.805,-44119.500,-151978.800,-44119.502,土地区画整理所在図,法第14条1項地図,P-F,1995,10,30,1995,10,26
46201-3400-4.zip,2-5,500,false,-152328.810,-44219.498,-152128.805,-44219.500,-152328.809,-43969.499,-152128.804,-43969.501,土地区画整理所在図,法第14条1項地図,P-F,1995,10,30,1995,10,26
46201-3400-40.zip,070-1010,600,false,-721.829,292.615,-867.440,190.827,-577.701,86.651,-723.823,-15.402,旧土地台帳附属地図,地図に準ずる図面,P-F,,,,,,
46201-3400-40.zip,070-1012,600,false,-856.622,1344.549,-746.248,1205.383,-659.541,1500.788,-548.956,1360.865,旧土地台帳附属地図,地図に準ずる図面,P-F,,,,,,
46201-3400-40.zip,070-1013,600,false,-704.864,1818.405,-568.706,1932.649,-866.660,2010.901,-730.065,2125.512,旧土地台帳附属地図,地図に準ずる図面,P-F,,,,,,
46201-3400-40.zip,070-1014,600,false,-584.340,2581.586,-710.193,2707.199,-761.853,2403.427,-888.003,2529.443,旧土地台帳附属地図,地図に準ずる図面,P-F,,,,,,
46201-3400-40.zip,070-1015,600,false,-1257.394,277.984,-1433.660,255.768,-1226.002,28.491,-1402.944,6.458,旧土地台帳附属地図,地図に準ずる図面,P-F,,,,,,
46201-3400-40.zip,070-1016,600,false,-1197.981,819.846,-1354.847,903.252,-1316.065,597.793,-1473.445,681.774,旧土地台帳附属地図,地図に準ずる図面,P-F,,,,,,
46201-3400-40.zip,070-1017,600,false,-1182.020,1360.076,-1286.457,1503.799,-1385.351,1212.257,-1490.024,1356.563,旧土地台帳附属地図,地図に準ずる図面,P-F,,,,,,
46201-3400-40.zip,070-1018,600,false,-1182.176,1947.857,-1273.449,2100.279,-1397.881,1818.689,-1489.324,1971.764,旧土地台帳附属地図,地図に準ずる図面,P-F,,,,,,
46201-3400-40.zip,070-1019,600,false,-1241.454,2668.485,-1419.067,2670.283,-1243.977,2416.999,-1422.312,2419.071,旧土地台帳附属地図,地図に準ずる図面,P-F,,,,,,
46201-3400-40.zip,070-1020,600,false,-2030.227,236.730,-2037.510,59.181,-1778.866,226.350,-1786.519,48.167,旧土地台帳附属地図,地図に準ずる図面,P-F,,,,,,
46201-3400-40.zip,070-1021,600,false,-1928.792,618.058,-1775.052,707.017,-2054.746,835.655,-1900.284,924.812,旧土地台帳附属地図,地図に準ずる図面,P-F,,,,,,
46201-3400-40.zip,070-1022,600,false,-2050.253,1313.014,-1910.532,1203.281,-1894.949,1510.735,-1754.859,1400.423,旧土地台帳附属地図,地図に準ずる図面,P-F,,,,,,
46201-3400-40.zip,070-1023A,600,false,-1961.625,2086.033,-2071.327,1946.288,-1763.859,1930.784,-1874.141,1790.671,旧土地台帳附属地図,地図に準ずる図面,P-F,,,,,,
46201-3400-40.zip,070-1023B,600,false,-1961.625,2686.033,-2071.327,2546.288,-1763.859,2530.784,-1874.141,2390.671,旧土地台帳附属地図,地図に準ずる図面,P-F,,,,,,
46201-3400-40.zip,070-1024,600,false,-2566.700,284.339,-2670.860,140.369,-2362.946,136.908,-2467.733,-7.409,旧土地台帳附属地図,地図に準ずる図面,P-F,,,,,,
46201-3400-40.zip,070-1025,600,false,-2593.058,638.991,-2415.351,643.915,-2600.167,890.351,-2421.887,895.214,旧土地台帳附属地図,地図に準ずる図面,P-F,,,,,,
46201-3400-40.zip,070-1026,600,false,-2595.882,1240.994,-2418.260,1241.491,-2596.494,1492.454,-2418.262,1492.647,旧土地台帳附属地図,地図に準ずる図面,P-F,,,,,,
46201-3400-40.zip,070-1027,600,false,-2490.967,1820.683,-2367.313,1948.249,-2671.607,1995.505,-2547.503,2123.537,旧土地台帳附属地図,地図に準ずる図面,P-F,,,,,,
46201-3400-40.zip,070-1028,600,false,-2646.846,2447.325,-2406.560,2433.592,-2628.383,2748.019,-2389.211,2732.137,旧土地台帳附属地図,地図に準ずる図面,P-F,,,,,,
46201-3400-40.zip,070-1029,600,false,-3003.786,229.515,-3166.932,299.752,-3103.086,-1.550,-3266.817,69.063,旧土地台帳附属地図,地図に準ずる図面,P-F,,,,,,
46201-3400-40.zip,070-1030,600,false,-256.080,169.938,-173.233,12.777,-33.651,287.313,49.329,129.490,旧土地台帳附属地図,地図に準ずる図面,P-F,,,,,,
46201-3400-40.zip,070-1006,600,false,-228.260,839.149,-239.605,661.851,22.652,823.147,11.078,645.253,旧土地台帳附属地図,地図に準ずる図面,P-F,,,,,,
46201-3400-40.zip,070-1007,600,false,17.263,1341.250,-66.543,1497.902,-204.366,1222.454,-288.411,1379.713,旧土地台帳附属地図,地図に準ずる図面,P-F,,,,,,
46201-3400-40.zip,070-1008,600,false,9.489,1907.615,-32.667,2080.162,-234.724,1848.004,-276.859,2021.263,旧土地台帳附属地図,地図に準ずる図面,P-F,,,,,,
46201-3400-40.zip,070-1009,600,false,-103.299,2418.543,31.439,2534.398,-267.184,2609.364,-131.813,2725.360,旧土地台帳附属地図,地図に準ずる図面,P-F,,,,,,
46201-3400-40.zip,070-1011,,false,-644.406,870.421,-822.044,867.636,-640.556,619.028,-818.847,616.500,旧土地台帳附属地図,地図に準ずる図面,P-F,,,,,,
46201-3400-400.zip,093-1367,,false,1862.545,736.143,1872.565,467.233,2187.920,747.878,2197.292,479.158,旧土地台帳附属地図,地図に準ずる図面,P-F,,,,,,
46201-3400-400.zip,093-1368,,false,1811.154,971.525,1771.759,704.672,2134.471,923.519,2094.885,656.704,旧土地台帳附属地図,地図に準ずる図面,P-F,,,,,,
46201-3400-400.zip,093-1369,,false,2075.363,921.470,2066.180,1191.105,1748.654,910.574,1739.663,1180.170,旧土地台帳附属地図,地図に準ずる図面,P-F,,,,,,
46201-3400-400.zip,093-1370,,false,1841.127,1022.450,1572.521,1039.023,1820.781,697.532,1552.405,714.639,旧土地台帳附属地図,地図に準ずる図面,P-F,,,,,,
46201-3400-400.zip,093-1371,,false,1555.784,502.389,1788.614,638.368,1391.040,784.634,1624.022,920.575,旧土地台帳附属地図,地図に準ずる図面,P-F,,,,,,
46201-3400-400.zip,093-1372,,false,1451.669,911.027,1718.293,870.641,1500.704,1234.192,1767.442,1193.539,旧土地台帳附属地図,地図に準ずる図面,P-F,,,,,,
46201-3400-400.zip,093-1373,,false,1277.155,738.131,1546.066,727.577,1290.262,1063.467,1558.905,1052.342,旧土地台帳附属地図,地図に準ずる図面,P-F,,,,,,
46201-3400-400.zip,093-1374,,false,1287.585,914.621,1470.389,1112.856,1047.402,1136.211,1230.320,1334.484,旧土地台帳附属地図,地図に準ずる図面,P-F,,,,,,
46201-3400-400.zip,093-1375,,false,1396.885,843.740,1127.365,834.557,1407.934,517.069,1138.338,508.078,旧土地台帳附属地図,地図に準ずる図面,P-F,,,,,,
46201-3400-400.zip,093-1376,,false,1213.984,849.044,1224.156,1117.916,888.685,861.617,899.430,1130.261,旧土地台帳附属地図,地図に準ずる図面,P-F,,,,,,
46201-3400-400.zip,093-1377,,false,1217.807,694.394,1106.669,940.178,919.979,559.825,808.955,805.608,旧土地台帳附属地図,地図に準ずる図面,P-F,,,,,,
46201-3400-400.zip,093-1378,,false,1319.363,626.382,1090.839,483.240,1492.681,349.242,1264.004,206.290,旧土地台帳附属地図,地図に準ずる図面,P-F,,,,,,
46201-3400-400.zip,093-1379,,false,1107.614,272.433,1202.712,524.046,803.195,387.838,898.750,639.032,旧土地台帳附属地図,地図に準ずる図面,P-F,,,,,,
46201-3400-400.zip,093-1380,,false,1161.093,134.799,1055.137,382.754,860.521,6.440,754.679,254.471,旧土地台帳附属地図,地図に準ずる図面,P-F,,,,,,
46201-3400-400.zip,093-1381,,false,609.278,327.574,877.693,309.134,631.872,652.301,899.982,633.328,旧土地台帳附属地図,地図に準ずる図面,P-F,,,,,,
46201-3400-400.zip,093-1382,,false,356.481,639.100,358.500,369.427,683.303,641.424,685.208,371.637,旧土地台帳附属地図,地図に準ずる図面,P-F,,,,,,
46201-3400-400.zip,093-1383,,false,539.606,892.821,543.720,623.072,866.428,897.621,870.314,627.873,旧土地台帳附属地図,地図に準ずる図面,P-F,,,,,,
46201-3400-400.zip,093-1384,,false,272.824,886.453,282.083,617.581,598.161,897.312,606.848,628.668,旧土地台帳附属地図,地図に準ずる図面,P-F,,,,,,
46201-3400-400.zip,093-1385,,false,396.981,644.716,127.614,631.343,412.983,318.199,143.616,305.054,旧土地台帳附属地図,地図に準ずる図面,P-F,,,,,,
46201-3400-400.zip,093-1386,,false,316.644,584.875,314.892,854.510,-10.216,582.856,-11.778,852.567,旧土地台帳附属地図,地図に準ずる図面,P-F,,,,,,
46201-3400-400.zip,093-1387,,false,409.167,826.005,498.016,1079.790,102.004,933.714,191.311,1187.232,旧土地台帳附属地図,地図に準ずる図面,P-F,,,,,,
46201-3400-400.zip,093-1388,,false,896.267,937.552,836.831,1200.633,577.407,865.619,518.123,1128.815,旧土地台帳附属地図,地図に準ずる図面,P-F,,,,,,
46201-3400-400.zip,093-1389,,false,753.870,1319.888,847.825,1067.056,1060.271,1433.693,1154.035,1180.747,旧土地台帳附属地図,地図に準ずる図面,P-F,,,,,,
46201-3400-400.zip,093-1390,,false,788.773,1155.268,780.772,1424.103,463.360,1145.858,455.931,1414.539,旧土地台帳附属地図,地図に準ずる図面,P-F,,,,,,
46201-3400-400.zip,093-1366,,false,1938.335,493.421,1989.618,758.179,1617.456,555.715,1668.968,820.511,旧土地台帳附属地図,地図に準ずる図面,P-F,,,,,,
46201-3400-401.zip,018-194,,false,33.607,12.506,303.204,31.289,11.167,338.452,280.763,357.502,旧土地台帳附属地図,地図に準ずる図面,P-F,,,,,,
46201-3400-402.zip,093-1414,,false,112.076,368.770,-155.879,338.727,148.350,43.814,-119.672,14.032,旧土地台帳附属地図,地図に準ずる図面,P-F,,,,,,
46201-3400-402.zip,093-1415,,false,-178.540,-77.204,59.649,-201.689,-27.454,211.266,210.564,86.699,旧土地台帳附属地図,地図に準ずる図面,P-F,,,,,,
46201-3400-402.zip,093-1416,,false,-74.672,187.052,-343.909,173.142,-57.880,-139.415,-327.165,-153.136,旧土地台帳附属地図,地図に準ずる図面,P-F,,,,,,
46201-3400-402.zip,093-1417,,false,-189.065,-77.000,-374.651,117.445,-424.883,-301.626,-610.252,-107.132,旧土地台帳附属地図,地図に準ずる図面,P-F,,,,,,
46201-3400-402.zip,093-1418,,false,-292.193,128.984,-525.717,263.700,-455.667,-154.148,-689.142,-19.197,旧土地台帳附属地図,地図に準ずる図面,P-F,,,,,,
46201-3400-402.zip,093-1419,,false,-268.238,385.247,-536.307,366.020,-245.145,60.426,-513.263,41.349,旧土地台帳附属地図,地図に準ずる図面,P-F,,,,,,
46201-3400-402.zip,093-1420,,false,11.571,322.089,-228.599,444.566,-137.045,30.926,-377.128,153.573,旧土地台帳附属地図,地図に準ずる図面,P-F,,,,,,
46201-3400-402.zip,093-1421,,false,31.446,511.987,-159.911,700.701,-197.428,280.344,-388.624,469.113,旧土地台帳附属地図,地図に準ずる図面,P-F,,,,,,
46201-3400-402.zip,093-1422,,false,-78.573,864.725,-229.030,640.972,192.643,682.161,41.975,458.505,旧土地台帳附属地図,地図に準ずる図面,P-F,,,,,,
46201-3400-402.zip,093-1423,,false,-148.950,481.103,-161.551,749.565,-474.284,466.126,-486.653,734.523,旧土地台帳附属地図,地図に準ずる図面,P-F,,,,,,
46201-3400-402.zip,093-1424,,false,-743.439,563.497,-727.762,294.357,-417.086,582.386,-401.635,313.195,旧土地台帳附属地図,地図に準ずる図面,P-F,,,,,,
46201-3400-402.zip,093-1425,,false,-708.685,325.403,-642.739,64.823,-392.882,404.999,-327.139,144.445,旧土地台帳附属地図,地図に準ずる図面,P-F,,,,,,
46201-3400-402.zip,093-1426,,false,-802.080,-113.567,-532.478,-117.762,-796.835,213.289,-527.238,208.866,旧土地台帳附属地図,地図に準ずる図面,P-F,,,,,,
46201-3400-402.zip,093-1427,,false,-711.881,206.331,-980.677,206.104,-711.849,-119.310,-980.569,-119.384,旧土地台帳附属地図,地図に準ずる図面,P-F,,,,,,
46201-3400-402.zip,093-1428,,false,-765.442,-253.431,-512.831,-347.720,-651.057,52.802,-398.477,-41.679,旧土地台帳附属地図,地図に準ずる図面,P-F,,,,,,
46201-3400-402.zip,093-1429,,false,-1078.354,-123.918,-810.138,-106.866,-1098.733,201.122,-830.579,217.941,旧土地台帳附属地図,地図に準ずる図面,P-F,,,,,,
46201-3400-402.zip,093-1430,,false,-903.155,-74.266,-1172.826,-73.427,-904.285,-401.162,-1173.917,-400.133,旧土地台帳附属地図,地図に準ずる図面,P-F,,,,,,
46201-3400-402.zip,093-1431,,false,-1200.292,-159.480,-931.672,-150.896,-1210.412,165.965,-941.861,174.357,旧土地台帳附属地図,地図に準ずる図面,P-F,,,,,,
46201-3400-402.zip,093-1432,,false,-984.257,168.507,-1181.041,352.841,-1207.822,-69.991,-1404.503,114.507,旧土地台帳附属地図,地図に準ずる図面,P-F,,,,,,
46201-3400-402.zip,093-1433,,false,-768.534,416.740,-926.363,634.273,-1032.312,225.721,-1189.933,443.357,旧土地台帳附属地図,地図に準ずる図面,P-F,,,,,,
46201-3400-402.zip,093-1434,,false,-1098.965,306.128,-1094.600,36.568,-772.108,311.296,-767.970,41.656,旧土地台帳附属地図,地図に準ずる図面,P-F,,,,,,
46201-3400-402.zip,093-1435,,false,-568.338,480.430,-742.619,685.019,-816.397,269.459,-990.508,474.143,旧土地台帳附属地図,地図に準ずる図面,P-F,,,,,,
46201-3400-402.zip,093-1436,,false,-706.176,459.411,-436.669,449.989,-694.641,786.106,-425.178,776.494,旧土地台帳附属地図,地図に準ずる図面,P-F,,,,,,
46201-3400-402.zip,093-1437,,false,-173.809,738.396,-327.952,958.602,-440.715,551.906,-594.699,772.085,旧土地台帳附属地図,地図に準ずる図面,P-F,,,,,,
46201-3400-402.zip,093-1413,,false,-103.447,304.421,165.342,299.468,-97.133,630.001,171.463,624.938,旧土地台帳附属地図,地図に準ずる図面,P-F,,,,,,
46201-3400-403.zip,093-1439,,false,827.953,1522.092,558.319,1524.607,824.715,1195.270,555.118,1198.051,旧土地台帳附属地図,地図に準ずる図面,P-F,,,,,,
46201-3400-403.zip,093-1440,,false,442.537,1209.939,710.914,1204.720,449.128,1535.314,717.467,1529.980,旧土地台帳附属地図,地図に準ずる図面,P-F,,,,,,
46201-3400-403.zip,093-1441,,false,473.474,983.858,742.994,990.716,465.245,1310.604,734.803,1317.272,旧土地台帳附属地図,地図に準ずる図面,P-F,,,,,,
46201-3400-403.zip,093-1442,,false,443.827,1106.913,441.198,838.574,769.240,1103.446,766.496,835.145,旧土地台帳附属地図,地図に準ずる図面,P-F,,,,,,
46201-3400-403.zip,093-1443,,false,376.838,1024.484,601.095,1174.065,195.634,1296.443,419.967,1445.871,旧土地台帳附属地図,地図に準ずる図面,P-F,,,,,,
46201-3400-403.zip,093-1444,,false,79.405,1019.608,347.820,1021.513,77.462,1345.059,345.800,1346.773,旧土地台帳附属地図,地図に準ずる図面,P-F,,,,,,
46201-3400-403.zip,093-1445,,false,67.809,835.800,337.329,828.942,76.229,1162.508,345.787,1155.421,旧土地台帳附属地図,地図に準ずる図面,P-F,,,,,,
46201-3400-403.zip,093-1446,,false,257.626,869.411,526.003,862.744,266.084,1194.786,534.347,1187.928,旧土地台帳附属地図,地図に準ずる図面,P-F,,,,,,
46201-3400-403.zip,093-1447,,false,89.358,903.591,87.034,633.995,416.180,900.619,413.628,630.985,旧土地台帳附属地図,地図に準ずる図面,P-F,,,,,,
46201-3400-403.zip,093-1448,,false,358.309,458.266,305.007,721.347,39.297,393.915,-13.852,656.882,旧土地台帳附属地図,地図に準ずる図面,P-F,,,,,,
46201-3400-403.zip,093-1449,,false,568.948,932.187,299.466,926.053,576.263,605.441,306.781,599.536,旧土地台帳附属地図,地図に準ずる図面,P-F,,,,,,
46201-3400-403.zip,093-1450,,false,303.204,387.943,571.619,390.649,300.194,713.356,568.495,715.985,旧土地台帳附属地図,地図に準ずる図面,P-F,,,,,,
46201-3400-403.zip,093-1451,,false,494.434,296.227,414.500,553.707,182.204,199.567,102.537,457.047,旧土地台帳附属地図,地図に準ずる図面,P-F,,,,,,
46201-3400-403.zip,093-1452,,false,456.760,613.266,330.382,376.474,743.692,459.646,617.238,223.121,旧土地台帳附属地図,地図に準ずる図面,P-F,,,,,,
46201-3400-403.zip,093-1453,,false,669.499,173.009,676.433,442.529,342.753,181.581,349.916,451.063,旧土地台帳附属地図,地図に準ずる図面,P-F,,,,,,
46201-3400-403.zip,093-1454,,false,468.799,91.393,466.665,359.770,143.348,89.107,141.367,357.408,旧土地台帳附属地図,地図に準ずる図面,P-F,,,,,,
46201-3400-403.zip,093-1455,,false,453.707,268.814,480.911,0.589,778.854,301.618,805.905,33.393,旧土地台帳附属地図,地図に準ずる図面,P-F,,,,,,
46201-3400-403.zip,093-1456,,false,967.692,346.185,811.253,564.270,703.049,156.790,546.800,374.760,旧土地台帳附属地図,地図に準ずる図面,P-F,,,,,,
46201-3400-403.zip,093-1457,,false,1144.518,208.141,1140.098,477.661,817.734,202.921,813.543,472.441,旧土地台帳附属地図,地図に準ずる図面,P-F,,,,,,
46201-3400-403.zip,093-1458,,false,936.030,708.098,799.327,477.097,1215.875,542.020,1079.134,311.248,旧土地台帳附属地図,地図に準ずる図面,P-F,,,,,,
46201-3400-403.zip,093-1459,,false,1378.266,349.408,1218.513,566.540,1114.957,155.860,955.355,373.030,旧土地台帳附属地図,地図に準ずる図面,P-F,,,,,,
46201-3400-403.zip,093-1460,,false,1330.830,26.971,1317.724,295.043,1005.761,11.427,992.807,279.422,旧土地台帳附属地図,地図に準ずる図面,P-F,,,,,,
46201-3400-403.zip,093-1438,,false,973.727,1570.389,705.274,1571.722,971.669,1244.900,703.369,1246.424,旧土地台帳附属地図,地図に準ずる図面,P-F,,,,,,
46201-3400-404.zip,093-1462,,false,830.682,22.316,821.767,291.759,504.012,11.610,495.287,281.168,旧土地台帳附属地図,地図に準ずる図面,P-F,,,,,,
46201-3400-404.zip,093-1463,,false,1012.137,434.604,743.418,442.186,1002.689,109.115,734.045,116.925,旧土地台帳附属地図,地図に準ずる図面,P-F,,,,,,
46201-3400-404.zip,093-1464,,false,567.818,632.736,575.857,363.292,894.603,642.375,902.413,372.894,旧土地台帳附属地図,地図に準ずる図面,P-F,,,,,,
46201-3400-404.zip,093-1465,,false,273.252,1026.187,4.837,1040.398,255.764,701.041,-12.612,715.443,旧土地台帳附属地図,地図に準ずる図面,P-F,,,,,,
46201-3400-404.zip,093-1466,,false,177.225,1210.617,172.539,941.059,504.047,1204.864,499.170,935.230,旧土地台帳附属地図,地図に準ずる図面,P-F,,,,,,
46201-3400-404.zip,093-1467,,false,422.910,1263.309,426.263,994.513,748.513,1267.119,751.676,998.323,旧土地台帳附属地図,地図に準ずる図面,P-F,,,,,,
46201-3400-404.zip,093-1468,,false,372.424,1052.847,381.835,783.327,699.094,1064.049,708.314,794.605,旧土地台帳附属地図,地図に準ずる図面,P-F,,,,,,
46201-3400-404.zip,093-1469,,false,512.879,843.655,511.431,574.821,838.559,841.636,836.844,572.878,旧土地台帳附属地図,地図に準ずる図面,P-F,,,,,,
46201-3400-404.zip,093-1470,,false,825.857,565.360,1085.737,637.064,738.988,880.409,998.907,952.037,旧土地台帳附属地図,地図に準ずる図面,P-F,,,,,,
46201-3400-404.zip,093-1471,,false,838.355,1154.408,578.513,1085.484,921.566,839.587,661.838,770.930,旧土地台帳附属地図,地図に準ずる図面,P-F,,,,,,
46201-3400-404.zip,093-1472,,false,1139.855,1098.274,892.090,1204.611,1010.886,797.969,763.159,904.421,旧土地台帳附属地図,地図に準ずる図面,P-F,,,,,,
46201-3400-404.zip,093-1473,,false,1261.052,1311.466,992.561,1299.008,1275.949,986.244,1007.458,973.938,旧土地台帳附属地図,地図に準ずる図面,P-F,,,,,,
46201-3400-404.zip,093-1474,,false,1301.228,1579.890,1031.899,1590.748,1288.046,1253.296,1018.602,1264.383,旧土地台帳附属地図,地図に準ずる図面,P-F,,,,,,
46201-3400-404.zip,093-1475,,false,1464.552,1481.453,1195.908,1473.071,1474.534,1156.003,1205.929,1147.773,旧土地台帳附属地図,地図に準ずる図面,P-F,,,,,,
46201-3400-404.zip,093-1476,,false,1654.572,1181.037,1800.838,1407.465,1380.099,1358.469,1526.518,1584.821,旧土地台帳附属地図,地図に準ずる図面,P-F,,,,,,
46201-3400-404.zip,093-1477,,false,1750.928,1043.766,1721.286,1310.924,1427.306,1008.104,1397.816,1275.186,旧土地台帳附属地図,地図に準ずる図面,P-F,,,,,,
46201-3400-404.zip,093-1478,,false,2070.964,935.906,2193.760,695.952,2361.972,1084.687,2484.616,844.580,旧土地台帳附属地図,地図に準ずる図面,P-F,,,,,,
46201-3400-404.zip,093-1479,,false,2365.022,802.002,2633.742,795.106,2373.633,1127.491,2642.277,1120.366,旧土地台帳附属地図,地図に準ずる図面,P-F,,,,,,
46201-3400-404.zip,093-1480,,false,2136.646,489.688,2404.261,522.074,2097.441,814.187,2365.170,846.381,旧土地台帳附属地図,地図に準ずる図面,P-F,,,,,,
46201-3400-404.zip,093-1481,,false,2238.319,717.798,2061.725,920.415,1992.726,504.057,1816.284,706.597,旧土地台帳附属地図,地図に準ずる図面,P-F,,,,,,
46201-3400-404.zip,093-1482,,false,1745.200,802.038,1745.010,1071.672,1418.302,801.885,1418.302,1071.558,旧土地台帳附属地図,地図に準ずる図面,P-F,,,,,,
46201-3400-404.zip,093-1483,,false,1983.896,626.597,1872.186,871.048,1687.591,491.533,1576.187,735.945,旧土地台帳附属地図,地図に準ずる図面,P-F,,,,,,
46201-3400-404.zip,093-1484,,false,1753.491,766.066,1503.936,867.908,1629.933,463.475,1380.415,565.507,旧土地台帳附属地図,地図に準ずる図面,P-F,,,,,,
46201-3400-404.zip,093-1461,,false,487.970,447.227,487.550,178.393,813.573,446.351,812.963,177.631,旧土地台帳附属地図,地図に準ずる図面,P-F,,,,,,
46201-3400-405.zip,093-1486,,false,-554.264,136.914,-579.584,404.667,-878.360,106.433,-903.321,374.029,旧土地台帳附属地図,地図に準ずる図面,P-F,,,,,,
46201-3400-405.zip,093-1487,,false,152.813,-121.572,150.339,148.165,-174.034,-124.448,-176.395,145.328,旧土地台帳附属地図,地図に準ずる図面,P-F,,,,,,
46201-3400-405.zip,093-1488,,false,-13.762,-302.736,255.873,-310.540,-4.138,23.982,265.531,16.025,旧土地台帳附属地図,地図に準ずる図面,P-F,,,,,,
46201-3400-405.zip,093-1489,,false,125.496,-112.351,119.043,-381.145,450.887,-120.326,444.096,-388.884,旧土地台帳附属地図,地図に準ずる図面,P-F,,,,,,
46201-3400-405.zip,093-1490,,false,-155.196,-301.228,114.332,-312.107,-141.891,25.361,127.631,14.330,旧土地台帳附属地図,地図に準ずる図面,P-F,,,,,,
46201-3400-405.zip,093-1491,,false,-152.032,-452.576,117.582,-461.075,-141.696,-125.917,127.954,-134.495,旧土地台帳附属地図,地図に準ずる図面,P-F,,,,,,
46201-3400-405.zip,093-1492,,false,127.537,-450.597,241.387,-207.103,-167.239,-312.576,-53.140,-69.450,旧土地台帳附属地図,地図に準ずる図面,P-F,,,,,,
46201-3400-405.zip,093-1493,,false,-68.601,-564.982,200.600,-582.156,-47.707,-238.791,221.563,-256.084,旧土地台帳附属地図,地図に準ずる図面,P-F,,,,,,
46201-3400-405.zip,093-1494,,false,-215.936,523.517,53.751,527.007,-219.997,850.351,49.692,853.727,旧土地台帳附属地図,地図に準ずる図面,P-F,,,,,,
46201-3400-405.zip,093-1495,,false,199.872,450.057,206.592,718.731,-125.509,458.432,-118.376,726.905,旧土地台帳附属地図,地図に準ずる図面,P-F,,,,,,
46201-3400-405.zip,093-1496,,false,-84.506,538.935,185.174,534.908,-79.503,865.757,190.175,861.615,旧土地台帳附属地図,地図に準ずる図面,P-F,,,,,,
46201-3400-405.zip,093-1497,,false,-105.256,679.821,164.059,663.892,-85.782,1006.100,183.527,990.057,旧土地台帳附属地図,地図に準ずる図面,P-F,,,,,,
46201-3400-405.zip,093-1498,,false,172.328,885.468,87.271,1141.415,-137.893,782.511,-222.830,1038.458,旧土地台帳附属地図,地図に準ずる図面,P-F,,,,,,
46201-3400-405.zip,093-1499,,false,-208.827,690.471,60.676,679.905,-195.891,1017.075,73.607,1006.395,旧土地台帳附属地図,地図に準ずる図面,P-F,,,,,,
46201-3400-405.zip,093-1500,,false,-613.004,184.911,-343.328,189.162,-618.026,511.732,-348.348,515.869,旧土地台帳附属地図,地図に準ずる図面,P-F,,,,,,
46201-3400-405.zip,093-1501,,false,-442.307,308.750,-680.877,182.861,-289.920,19.587,-528.527,-106.150,旧土地台帳附属地図,地図に準ずる図面,P-F,,,,,,
46201-3400-405.zip,093-1502,,false,-247.705,419.850,-517.295,411.783,-237.986,93.211,-507.654,85.218,旧土地台帳附属地図,地図に準ずる図面,P-F,,,,,,
46201-3400-405.zip,093-1485,,false,-952.276,322.958,-1000.254,57.550,-630.656,264.665,-678.746,-0.723,旧土地台帳附属地図,地図に準ずる図面,P-F,,,,,,
46201-3400-406.zip,161-8,500,false,-156028.857,-41719.434,-155828.857,-41719.436,-156028.853,-41469.435,-155828.853,-41469.437,その他,地図に準ずる図面,P-F,,,,,,
46201-3400-406.zip,161-14,500,false,-156428.858,-41719.431,-156228.858,-41719.433,-156428.852,-41469.432,-156228.852,-41469.433,その他,地図に準ずる図面,P-F,,,,,,
46201-3400-406.zip,161-16,500,false,-156428.847,-41219.433,-156228.847,-41219.434,-156428.841,-40969.434,-156228.842,-40969.435,その他,地図に準ずる図面,P-F,,,,,,
46201-3400-407.zip,N   41,1000,false,-141828.708,-44219.603,-141528.702,-44219.609,-141828.709,-43819.602,-141528.703,-43819.607,土地改良所在図,法第14条1項地図,P-F,,,,,,
46201-3400-407.zip,N   42,1000,false,-141828.709,-43819.602,-141528.703,-43819.607,-141828.711,-43419.599,-141528.705,-43419.604,土地改良所在図,法第14条1項地図,P-F,,,,,,
46201-3400-407.zip,N   51,1000,false,-142128.715,-44219.598,-141828.708,-44219.603,-142128.717,-43819.596,-141828.709,-43819.602,土地改良所在図,法第14条1項地図,P-F,,,,,,
46201-3400-407.zip,N   52,1000,false,-142128.717,-43819.596,-141828.709,-43819.602,-142128.719,-43419.593,-141828.711,-43419.599,土地改良所在図,法第14条1項地図,P-F,,,,,,
46201-3400-408.zip,P   51,1000,false,-142128.727,-42219.583,-141828.722,-42219.587,-142128.731,-41819.578,-141828.728,-41819.582,地籍図,法第14条1項地図,P-F,,,,,,
46201-3400-408.zip,P   52,1000,false,-142128.731,-41819.578,-141828.728,-41819.582,-142128.735,-41419.574,-141828.733,-41419.578,地籍図,法第14条1項地図,P-F,,,,,,
46201-3400-408.zip,P   53,1000,false,-142128.735,-41419.574,-141828.733,-41419.578,-142128.740,-41019.570,-141828.738,-41019.574,地籍図,法第14条1項地図,P-F,,,,,,
46201-3400-408.zip,U   11,1000,false,-142428.732,-42219.578,-142128.727,-42219.583,-142428.734,-41819.575,-142128.731,-41819.578,地籍図,法第14条1項地図,P-F,,,,,,
46201-3400-408.zip,U   12,1000,false,-142428.734,-41819.575,-142128.731,-41819.578,-142428.737,-41419.570,-142128.735,-41419.574,地籍図,法第14条1項地図,P-F,,,,,,
46201-3400-408.zip,U   13,1000,false,-142428.737,-41419.570,-142128.735,-41419.574,-142428.742,-41019.565,-142128.740,-41019.570,地籍図,法第14条1項地図,P-F,,,,,,
46201-3400-408.zip,U   21,1000,false,-142728.737,-42219.574,-142428.732,-42219.578,-142728.737,-41819.571,-142428.734,-41819.575,地籍図,法第14条1項地図,P-F,,,,,,
46201-3400-408.zip,U   22,1000,false,-142728.737,-41819.571,-142428.734,-41819.575,-142728.740,-41419.566,-142428.737,-41419.570,地籍図,法第14条1項地図,P-F,,,,,,
46201-3400-408.zip,U   23,1000,false,-142728.740,-41419.566,-142428.737,-41419.570,-142728.744,-41019.561,-142428.742,-41019.565,地籍図,法第14条1項地図,P-F,,,,,,
46201-3400-408.zip,U   32,1000,false,-143028.740,-41819.567,-142728.737,-41819.571,-143028.742,-41419.562,-142728.740,-41419.566,地籍図,法第14条1項地図,P-F,,,,,,
46201-3400-408.zip,U   33,1000,false,-143028.742,-41419.562,-142728.740,-41419.566,-143028.746,-41019.556,-142728.744,-41019.561,地籍図,法第14条1項地図,P-F,,,,,,
46201-3400-408.zip,A1  21,1000,false,-144228.752,-40219.529,-143928.753,-40219.533,-144228.749,-39819.524,-143928.750,-39819.529,地籍図,法第14条1項地図,P-F,,,,,,
46201-3400-408.zip,U   44,1000,false,-143328.749,-41019.552,-143028.746,-41019.556,-143328.753,-40619.545,-143028.750,-40619.551,地籍図,法第14条1項地図,P-F,,,,,,
46201-3400-408.zip,U   51,1000,false,-143628.747,-42219.563,-143328.744,-42219.567,-143628.746,-41819.560,-143328.743,-41819.564,地籍図,法第14条1項地図,P-F,,,,,,
46201-3400-408.zip,U   52,1000,false,-143628.746,-41819.560,-143328.743,-41819.564,-143628.748,-41419.554,-143328.745,-41419.558,地籍図,法第14条1項地図,P-F,,,,,,
46201-3400-408.zip,U   53,1000,false,-143628.748,-41419.554,-143328.745,-41419.558,-143628.752,-41019.547,-143328.749,-41019.552,地籍図,法第14条1項地図,P-F,,,,,,
46201-3400-408.zip,U   54,1000,false,-143628.752,-41019.547,-143328.749,-41019.552,-143628.755,-40619.540,-143328.753,-40619.545,地籍図,法第14条1項地図,P-F,,,,,,
46201-3400-408.zip,Z   11,1000,false,-143928.752,-42219.560,-143628.747,-42219.563,-143928.749,-41819.557,-143628.746,-41819.560,地籍図,法第14条1項地図,P-F,,,,,,
46201-3400-408.zip,Z   12,1000,false,-143928.749,-41819.557,-143628.746,-41819.560,-143928.750,-41419.551,-143628.748,-41419.554,地籍図,法第14条1項地図,P-F,,,,,,
46201-3400-408.zip,Z   13,1000,false,-143928.750,-41419.551,-143628.748,-41419.554,-143928.752,-41019.544,-143628.752,-41019.547,地籍図,法第14条1項地図,P-F,,,,,,
46201-3400-408.zip,Z   14,1000,false,-143928.752,-41019.544,-143628.752,-41019.547,-143928.755,-40619.537,-143628.755,-40619.540,地籍図,法第14条1項地図,P-F,,,,,,
46201-3400-408.zip,Z   15,1000,false,-143928.755,-40619.537,-143628.755,-40619.540,-143928.753,-40219.533,-143628.754,-40219.536,地籍図,法第14条1項地図,P-F,,,,,,
46201-3400-408.zip,Z   22,1000,false,-144228.753,-41819.554,-143928.749,-41819.557,-144228.752,-41419.548,-143928.750,-41419.551,地籍図,法第14条1項地図,P-F,,,,,,
46201-3400-408.zip,Z   23,1000,false,-144228.752,-41419.548,-143928.750,-41419.551,-144228.753,-41019.542,-143928.752,-41019.544,地籍図,法第14条1項地図,P-F,,,,,,
46201-3400-408.zip,Z   24,1000,false,-144228.753,-41019.542,-143928.752,-41019.544,-144228.754,-40619.535,-143928.755,-40619.537,地籍図,法第14条1項地図,P-F,,,,,,
46201-3400-408.zip,Z   25,1000,false,-144228.754,-40619.535,-143928.755,-40619.537,-144228.752,-40219.529,-143928.753,-40219.533,地籍図,法第14条1項地図,P-F,,,,,,
46201-3400-408.zip,Z   31,1000,false,-144528.761,-42219.553,-144228.756,-42219.556,-144528.756,-41819.550,-144228.753,-41819.554,地籍図,法第14条1項地図,P-F,,,,,,
46201-3400-408.zip,Z   32,1000,false,-144528.756,-41819.550,-144228.753,-41819.554,-144528.754,-41419.545,-144228.752,-41419.548,地籍図,法第14条1項地図,P-F,,,,,,
46201-3400-408.zip,Z   33,1000,false,-144528.754,-41419.545,-144228.752,-41419.548,-144528.753,-41019.539,-144228.753,-41019.542,地籍図,法第14条1項地図,P-F,,,,,,
46201-3400-408.zip,Z   34,1000,false,-144528.753,-41019.539,-144228.753,-41019.542,-144528.753,-40619.533,-144228.754,-40619.535,地籍図,法第14条1項地図,P-F,,,,,,
46201-3400-408.zip,Z   35,1000,false,-144528.753,-40619.533,-144228.754,-40619.535,-144528.751,-40219.526,-144228.752,-40219.529,地籍図,法第14条1項地図,P-F,,,,,,
46201-3400-408.zip,Z   43,1000,false,-144828.757,-41419.543,-144528.754,-41419.545,-144828.755,-41019.537,-144528.753,-41019.539,地籍図,法第14条1項地図,P-F,,,,,,
46201-3400-408.zip,Z   44,1000,false,-144828.755,-41019.537,-144528.753,-41019.539,-144828.753,-40619.531,-144528.753,-40619.533,地籍図,法第14条1項地図,P-F,,,,,,
46201-3400-408.zip,U   41,1000,false,-143328.744,-42219.567,-143028.740,-42219.570,-143328.743,-41819.564,-143028.740,-41819.567,地籍図,法第14条1項地図,P-F,,,,,,
46201-3400-408.zip,U   42,1000,false,-143328.743,-41819.564,-143028.740,-41819.567,-143328.745,-41419.558,-143028.742,-41419.562,地籍図,法第14条1項地図,P-F,,,,,,
46201-3400-408.zip,U   43,1000,false,-143328.745,-41419.558,-143028.742,-41419.562,-143328.749,-41019.552,-143028.746,-41019.556,地籍図,法第14条1項地図,P-F,,,,,,
46201-3400-409.zip,N   32,1000,false,-141528.703,-43819.607,-141228.696,-43819.612,-141528.705,-43419.604,-141228.698,-43419.609,地籍図,法第14条1項地図,P-F,,,,,,
46201-3400-409.zip,N   33,1000,false,-141528.705,-43419.604,-141228.698,-43419.609,-141528.707,-43019.601,-141228.700,-43019.606,地籍図,法第14条1項地図,P-F,,,,,,
46201-3400-409.zip,N   34,1000,false,-141528.707,-43019.601,-141228.700,-43019.606,-141528.711,-42619.597,-141228.706,-42619.601,地籍図,法第14条1項地図,P-F,,,,,,
46201-3400-409.zip,N   42,1000,false,-141828.709,-43819.602,-141528.703,-43819.607,-141828.711,-43419.599,-141528.705,-43419.604,地籍図,法第14条1項地図,P-F,,,,,,
46201-3400-409.zip,N   43,1000,false,-141828.711,-43419.599,-141528.705,-43419.604,-141828.713,-43019.596,-141528.707,-43019.601,地籍図,法第14条1項地図,P-F,,,,,,
46201-3400-409.zip,N   44,1000,false,-141828.713,-43019.596,-141528.707,-43019.601,-141828.717,-42619.592,-141528.711,-42619.597,地籍図,法第14条1項地図,P-F,,,,,,
46201-3400-409.zip,N   52,1000,false,-142128.717,-43819.596,-141828.709,-43819.602,-142128.719,-43419.593,-141828.711,-43419.599,地籍図,法第14条1項地図,P-F,,,,,,
46201-3400-409.zip,N   53,1000,false,-142128.719,-43419.593,-141828.711,-43419.599,-142128.721,-43019.591,-141828.713,-43019.596,地籍図,法第14条1項地図,P-F,,,,,,
46201-3400-41.zip,070-1031,,true,-9.853,672.110,0.139,849.452,-260.926,686.056,-250.820,864.078,旧土地台帳附属地図,地図に準ずる図面,P-F,,,,,,
46201-3400-41.zip,070-1032,,true,-260.037,1497.884,-275.642,1259.542,40.756,1473.687,23.613,1238.432,旧土地台帳附属地図,地図に準ずる図面,P-F,,,,,,
46201-3400-41.zip,070-1033,,true,10.642,1999.877,-131.140,2106.931,-140.846,1799.217,-282.971,1906.768,旧土地台帳附属地図,地図に準ずる図面,P-F,,,,,,
46201-3400-41.zip,070-1034,,true,-255.819,2572.473,-175.767,2413.826,-31.261,2685.722,48.792,2526.394,旧土地台帳附属地図,地図に準ずる図面,P-F,,,,,,
46201-3400-41.zip,070-1035,,true,-715.856,17.683,-571.104,120.688,-861.640,222.618,-716.259,325.790,旧土地台帳附属地図,地図に準ずる図面,P-F,,,,,,
46201-3400-41.zip,070-1036,,true,-727.859,617.981,-574.636,707.979,-855.302,834.709,-701.496,924.918,旧土地台帳附属地図,地図に準ずる図面,P-F,,,,,,
46201-3400-41.zip,070-1037,,true,-654.234,1476.280,-830.988,1458.733,-629.393,1226.049,-806.851,1208.662,旧土地台帳附属地図,地図に準ずる図面,P-F,,,,,,
46201-3400-41.zip,070-1038,,true,-855.760,1937.655,-738.433,1804.145,-666.843,2103.673,-549.339,1969.558,旧土地台帳附属地図,地図に準ずる図面,P-F,,,,,,
46201-3400-41.zip,070-1039,,true,-608.227,2474.263,-601.760,2651.844,-859.487,2483.306,-852.844,2661.529,旧土地台帳附属地図,地図に準ずる図面,P-F,,,,,,
46201-3400-41.zip,070-1040,,true,-1300.645,293.374,-1441.556,182.504,-1145.870,94.947,-1285.777,-15.474,旧土地台帳附属地図,地図に準ずる図面,P-F,,,,,,
46201-3400-41.zip,070-1041,,true,-1153.376,762.802,-1262.577,905.155,-1353.485,610.334,-1462.339,751.608,旧土地台帳附属地図,地図に準ずる図面,P-F,,,,,,
46201-3400-41.zip,070-1042,,true,-94.563,293.499,-240.319,189.014,51.434,88.575,-93.302,-15.696,旧土地台帳附属地図,地図に準ずる図面,P-F,,,,,,
46201-3400-410.zip,G   40,2500,false,-140628.681,-45219.625,-139878.661,-45219.637,-140628.684,-44219.625,-139878.671,-44219.635,地籍図,法第14条1項地図,P-F,,,,,,
46201-3400-410.zip,M   20,2500,false,-141378.700,-45219.611,-140628.681,-45219.625,-141378.699,-44219.611,-140628.684,-44219.625,地籍図,法第14条1項地図,P-F,,,,,,
46201-3400-410.zip,M   40,2500,false,-142128.713,-45219.599,-141378.700,-45219.611,-142128.715,-44219.598,-141378.699,-44219.611,地籍図,法第14条1項地図,P-F,,,,,,
46201-3400-410.zip,N   10,2500,false,-141378.699,-44219.611,-140628.684,-44219.625,-141378.703,-43219.605,-140628.687,-43219.616,地籍図,法第14条1項地図,P-F,,,,,,
46201-3400-410.zip,N   20,2500,false,-141378.703,-43219.605,-140628.687,-43219.616,-141378.715,-42219.593,-140628.701,-42219.603,地籍図,法第14条1項地図,P-F,,,,,,
46201-3400-410.zip,N   30,2500,false,-142128.715,-44219.598,-141378.699,-44219.611,-142128.720,-43219.592,-141378.703,-43219.605,地籍図,法第14条1項地図,P-F,,,,,,
46201-3400-410.zip,N   40,2500,false,-142128.720,-43219.592,-141378.703,-43219.605,-142128.727,-42219.583,-141378.715,-42219.593,地籍図,法第14条1項地図,P-F,,,,,,
46201-3400-410.zip,S   20,2500,false,-142878.726,-45219.590,-142128.713,-45219.599,-142878.733,-44219.585,-142128.715,-44219.598,地籍図,法第14条1項地図,P-F,,,,,,
46201-3400-410.zip,T   10,2500,false,-142878.733,-44219.585,-142128.715,-44219.598,-142878.737,-43219.579,-142128.720,-43219.592,地籍図,法第14条1項地図,P-F,,,,,,
46201-3400-411.zip,N   34,1000,false,-141528.707,-43019.601,-141228.700,-43019.606,-141528.711,-42619.597,-141228.706,-42619.601,土地改良所在図,法第14条1項地図,P-F,,,,,,
46201-3400-411.zip,N   35,1000,false,-141528.711,-42619.597,-141228.706,-42619.601,-141528.718,-42219.591,-141228.713,-42219.595,土地改良所在図,法第14条1項地図,P-F,,,,,,
46201-3400-412.zip,2074,600,false,100000.000,100000.000,99899.438,99749.451,100303.444,99878.207,100202.882,99627.658,旧土地台帳附属地図,地図に準ずる図面,P-F,,,,,,
46201-3400-412.zip,2121,600,false,99991.939,100508.208,99986.000,100238.296,100318.834,100501.015,100312.895,100231.104,旧土地台帳附属地図,地図に準ずる図面,P-F,,,,,,
46201-3400-412.zip,2153,600,false,100091.278,100843.762,100348.804,100924.806,99993.124,101155.656,100250.649,101236.700,旧土地台帳附属地図,地図に準ずる図面,P-F,,,,,,
46201-3400-412.zip,2154,600,false,100148.592,100716.932,100221.358,100976.918,99833.718,100805.061,99906.485,101065.046,旧土地台帳附属地図,地図に準ずる図面,P-F,,,,,,
46201-3400-413.zip,C1  14-3,500,false,-145428.783,-43019.550,-145278.781,-43019.551,-145428.780,-42819.550,-145278.778,-42819.551,地籍図,法第14条1項地図,P-F,,,,,,
46201-3400-413.zip,C1  14-4,500,false,-145428.780,-42819.550,-145278.778,-42819.551,-145428.777,-42619.549,-145278.775,-42619.550,地籍図,法第14条1項地図,P-F,,,,,,
46201-3400-413.zip,C1  15-3,500,false,-145428.777,-42619.549,-145278.775,-42619.550,-145428.775,-42419.547,-145278.773,-42419.548,地籍図,法第14条1項地図,P-F,,,,,,
46201-3400-413.zip,C1  15-4,500,false,-145428.775,-42419.547,-145278.773,-42419.548,-145428.772,-42219.546,-145278.770,-42219.547,地籍図,法第14条1項地図,P-F,,,,,,
46201-3400-413.zip,C1  24-1,500,false,-145578.785,-43019.549,-145428.783,-43019.550,-145578.782,-42819.550,-145428.780,-42819.550,地籍図,法第14条1項地図,P-F,,,,,,
46201-3400-413.zip,C1  24-2,500,false,-145578.782,-42819.550,-145428.780,-42819.550,-145578.779,-42619.548,-145428.777,-42619.549,地籍図,法第14条1項地図,P-F,,,,,,
46201-3400-413.zip,C1  24-3,500,false,-145728.786,-43019.549,-145578.785,-43019.549,-145728.783,-42819.549,-145578.782,-42819.550,地籍図,法第14条1項地図,P-F,,,,,,
46201-3400-413.zip,C1  24-4,500,false,-145728.783,-42819.549,-145578.782,-42819.550,-145728.780,-42619.548,-145578.779,-42619.548,地籍図,法第14条1項地図,P-F,,,,,,
46201-3400-413.zip,C1  25-1,500,false,-145578.779,-42619.548,-145428.777,-42619.549,-145578.776,-42419.546,-145428.775,-42419.547,地籍図,法第14条1項地図,P-F,,,,,,
46201-3400-413.zip,C1  25-2,500,false,-145578.776,-42419.546,-145428.775,-42419.547,-145578.773,-42219.545,-145428.772,-42219.546,地籍図,法第14条1項地図,P-F,,,,,,
46201-3400-413.zip,C1  25-3,500,false,-145728.780,-42619.548,-145578.779,-42619.548,-145728.778,-42419.546,-145578.776,-42419.546,地籍図,法第14条1項地図,P-F,,,,,,
46201-3400-413.zip,C1  25-4,500,false,-145728.778,-42419.546,-145578.776,-42419.546,-145728.775,-42219.544,-145578.773,-42219.545,地籍図,法第14条1項地図,P-F,,,,,,
46201-3400-413.zip,C1  34-2,500,false,-145878.784,-42819.549,-145728.783,-42819.549,-145878.782,-42619.547,-145728.780,-42619.548,地籍図,法第14条1項地図,P-F,,,,,,
46201-3400-413.zip,C1  34-4,500,false,-146028.786,-42819.549,-145878.784,-42819.549,-146028.783,-42619.547,-145878.782,-42619.547,地籍図,法第14条1項地図,P-F,,,,,,
46201-3400-413.zip,C1  35-1,500,false,-145878.782,-42619.547,-145728.780,-42619.548,-145878.779,-42419.545,-145728.778,-42419.546,地籍図,法第14条1項地図,P-F,,,,,,
46201-3400-413.zip,C1  35-2,500,false,-145878.779,-42419.545,-145728.778,-42419.546,-145878.776,-42219.544,-145728.775,-42219.544,地籍図,法第14条1項地図,P-F,,,,,,
46201-3400-413.zip,C1  35-3,500,false,-146028.783,-42619.547,-145878.782,-42619.547,-146028.780,-42419.545,-145878.779,-42419.545,地籍図,法第14条1項地図,P-F,,,,,,
46201-3400-413.zip,C1  35-4,500,false,-146028.780,-42419.545,-145878.779,-42419.545,-146028.777,-42219.543,-145878.776,-42219.544,地籍図,法第14条1項地図,P-F,,,,,,
46201-3400-413.zip,C1  45-1,500,false,-146178.784,-42619.546,-146028.783,-42619.547,-146178.781,-42419.544,-146028.780,-42419.545,地籍図,法第14条1項地図,P-F,,,,,,
46201-3400-413.zip,C1  45-2,500,false,-146178.781,-42419.544,-146028.780,-42419.545,-146178.779,-42219.542,-146028.777,-42219.543,地籍図,法第14条1項地図,P-F,,,,,,
46201-3400-413.zip,C1  45-3,500,false,-146328.786,-42619.546,-146178.784,-42619.546,-146328.783,-42419.544,-146178.781,-42419.544,地籍図,法第14条1項地図,P-F,,,,,,
46201-3400-413.zip,C1  45-4,500,false,-146328.783,-42419.544,-146178.781,-42419.544,-146328.780,-42219.542,-146178.779,-42219.542,地籍図,法第14条1項地図,P-F,,,,,,
46201-3400-413.zip,C1  55-2,500,false,-146478.784,-42419.543,-146328.783,-42419.544,-146478.781,-42219.541,-146328.780,-42219.542,地籍図,法第14条1項地図,P-F,,,,,,
46201-3400-413.zip,C1  55-4,500,false,-146628.784,-42419.541,-146478.784,-42419.543,-146628.781,-42219.539,-146478.781,-42219.541,地籍図,法第14条1項地図,P-F,,,,,,
46201-3400-413.zip,D1  11-1,500,false,-145278.770,-42219.547,-145128.768,-42219.548,-145278.767,-42019.545,-145128.766,-42019.547,地籍図,法第14条1項地図,P-F,,,,,,
46201-3400-413.zip,D1  11-2,500,false,-145278.767,-42019.545,-145128.766,-42019.547,-145278.765,-41819.544,-145128.763,-41819.545,地籍図,法第14条1項地図,P-F,,,,,,
46201-3400-413.zip,D1  11-3,500,false,-145428.772,-42219.546,-145278.770,-42219.547,-145428.769,-42019.544,-145278.767,-42019.545,地籍図,法第14条1項地図,P-F,,,,,,
46201-3400-413.zip,D1  11-4,500,false,-145428.769,-42019.544,-145278.767,-42019.545,-145428.767,-41819.543,-145278.765,-41819.544,地籍図,法第14条1項地図,P-F,,,,,,
46201-3400-413.zip,D1  12-1,500,false,-145278.765,-41819.544,-145128.763,-41819.545,-145278.763,-41619.542,-145128.761,-41619.543,地籍図,法第14条1項地図,P-F,,,,,,
46201-3400-413.zip,D1  12-3,500,false,-145428.767,-41819.543,-145278.765,-41819.544,-145428.764,-41619.541,-145278.763,-41619.542,地籍図,法第14条1項地図,P-F,,,,,,
46201-3400-413.zip,D1  12-4,500,false,-145428.764,-41619.541,-145278.763,-41619.542,-145428.762,-41419.538,-145278.761,-41419.539,地籍図,法第14条1項地図,P-F,,,,,,
46201-3400-413.zip,D1  21-1,500,false,-145578.773,-42219.545,-145428.772,-42219.546,-145578.771,-42019.543,-145428.769,-42019.544,地籍図,法第14条1項地図,P-F,,,,,,
46201-3400-413.zip,D1  21-2,500,false,-145578.771,-42019.543,-145428.769,-42019.544,-145578.768,-41819.542,-145428.767,-41819.543,地籍図,法第14条1項地図,P-F,,,,,,
46201-3400-413.zip,D1  21-3,500,false,-145728.775,-42219.544,-145578.773,-42219.545,-145728.772,-42019.542,-145578.771,-42019.543,地籍図,法第14条1項地図,P-F,,,,,,
46201-3400-413.zip,D1  21-4,500,false,-145728.772,-42019.542,-145578.771,-42019.543,-145728.769,-41819.541,-145578.768,-41819.542,地籍図,法第14条1項地図,P-F,,,,,,
46201-3400-413.zip,D1  22-1,500,false,-145578.768,-41819.542,-145428.767,-41819.543,-145578.766,-41619.540,-145428.764,-41619.541,地籍図,法第14条1項地図,P-F,,,,,,
46201-3400-413.zip,D1  22-2,500,false,-145578.766,-41619.540,-145428.764,-41619.541,-145578.763,-41419.537,-145428.762,-41419.538,地籍図,法第14条1項地図,P-F,,,,,,
46201-3400-413.zip,D1  22-3,500,false,-145728.769,-41819.541,-145578.768,-41819.542,-145728.767,-41619.539,-145578.766,-41619.540,地籍図,法第14条1項地図,P-F,,,,,,
46201-3400-413.zip,D1  22-4,500,false,-145728.767,-41619.539,-145578.766,-41619.540,-145728.765,-41419.536,-145578.763,-41419.537,地籍図,法第14条1項地図,P-F,,,,,,
46201-3400-413.zip,D1  31-1,500,false,-145878.776,-42219.544,-145728.775,-42219.544,-145878.773,-42019.542,-145728.772,-42019.542,地籍図,法第14条1項地図,P-F,,,,,,
46201-3400-413.zip,D1  31-2,500,false,-145878.773,-42019.542,-145728.772,-42019.542,-145878.771,-41819.540,-145728.769,-41819.541,地籍図,法第14条1項地図,P-F,,,,,,
46201-3400-413.zip,D1  31-3,500,false,-146028.777,-42219.543,-145878.776,-42219.544,-146028.775,-42019.541,-145878.773,-42019.542,地籍図,法第14条1項地図,P-F,,,,,,
46201-3400-413.zip,D1  31-4,500,false,-146028.775,-42019.541,-145878.773,-42019.542,-146028.772,-41819.539,-145878.771,-41819.540,地籍図,法第14条1項地図,P-F,,,,,,
46201-3400-413.zip,D1  32-1,500,false,-145878.771,-41819.540,-145728.769,-41819.541,-145878.768,-41619.538,-145728.767,-41619.539,地籍図,法第14条1項地図,P-F,,,,,,
46201-3400-413.zip,D1  32-2,500,false,-145878.768,-41619.538,-145728.767,-41619.539,-145878.766,-41419.535,-145728.765,-41419.536,地籍図,法第14条1項地図,P-F,,,,,,
46201-3400-413.zip,D1  32-3,500,false,-146028.772,-41819.539,-145878.771,-41819.540,-146028.769,-41619.537,-145878.768,-41619.538,地籍図,法第14条1項地図,P-F,,,,,,
46201-3400-413.zip,D1  32-4,500,false,-146028.769,-41619.537,-145878.768,-41619.538,-146028.767,-41419.534,-145878.766,-41419.535,地籍図,法第14条1項地図,P-F,,,,,,
46201-3400-413.zip,D1  41-1,500,false,-146178.779,-42219.542,-146028.777,-42219.543,-146178.776,-42019.540,-146028.775,-42019.541,地籍図,法第14条1項地図,P-F,,,,,,
46201-3400-413.zip,D1  41-3,500,false,-146328.780,-42219.542,-146178.779,-42219.542,-146328.777,-42019.539,-146178.776,-42019.540,地籍図,法第14条1項地図,P-F,,,,,,
46201-3400-413.zip,D1  41-4,500,false,-146328.777,-42019.539,-146178.776,-42019.540,-146328.774,-41819.537,-146178.773,-41819.538,地籍図,法第14条1項地図,P-F,,,,,,
46201-3400-413.zip,D1  51-1,500,false,-146478.781,-42219.541,-146328.780,-42219.542,-146478.778,-42019.538,-146328.777,-42019.539,地籍図,法第14条1項地図,P-F,,,,,,
46201-3400-413.zip,D1  51-2,500,false,-146478.778,-42019.538,-146328.777,-42019.539,-146478.775,-41819.536,-146328.774,-41819.537,地籍図,法第14条1項地図,P-F,,,,,,
46201-3400-413.zip,D1  51-3,500,false,-146628.781,-42219.539,-146478.781,-42219.541,-146628.779,-42019.537,-146478.778,-42019.538,地籍図,法第14条1項地図,P-F,,,,,,
46201-3400-413.zip,G1  15-2,500,false,-146778.784,-42419.539,-146628.784,-42419.541,-146778.782,-42219.537,-146628.781,-42219.539,地籍図,法第14条1項地図,P-F,,,,,,
46201-3400-413.zip,H1  11-1,500,false,-146778.782,-42219.537,-146628.781,-42219.539,-146778.779,-42019.535,-146628.779,-42019.537,地籍図,法第14条1項地図,P-F,,,,,,
46201-3400-414.zip,T5  51-1,500,false,-143625.000,-43750.000,-143500.000,-43750.000,-143625.000,-43575.000,-143500.000,-43575.000,地籍図,法第14条1項地図,P-F,,,,,,
46201-3400-414.zip,T5  51-2,500,false,-143625.000,-43575.000,-143500.000,-43575.000,-143625.000,-43400.000,-143500.000,-43400.000,地籍図,法第14条1項地図,P-F,,,,,,
46201-3400-414.zip,T5  52-1,500,false,-143625.000,-43400.000,-143500.000,-43400.000,-143625.000,-43225.000,-143500.000,-43225.000,地籍図,法第14条1項地図,P-F,,,,,,
46201-3400-414.zip,T5  51-4,500,false,-143750.000,-43575.000,-143625.000,-43575.000,-143750.000,-43400.000,-143625.000,-43400.000,地籍図,法第14条1項地図,P-F,,,,,,
46201-3400-415.zip,A   53,1000,false,-139128.652,-47419.682,-138828.647,-47419.686,-139128.651,-47019.671,-138828.645,-47019.674,地籍図,法第14条1項地図,P-F,,,,,,
46201-3400-415.zip,A   54,1000,false,-139128.651,-47019.671,-138828.645,-47019.674,-139128.651,-46619.659,-138828.644,-46619.662,地籍図,法第14条1項地図,P-F,,,,,,
46201-3400-415.zip,A   55,1000,false,-139128.651,-46619.659,-138828.644,-46619.662,-139128.650,-46219.651,-138828.644,-46219.653,地籍図,法第14条1項地図,P-F,,,,,,
46201-3400-415.zip,B   51,1000,false,-139128.650,-46219.651,-138828.644,-46219.653,-139128.650,-45819.646,-138828.643,-45819.648,地籍図,法第14条1項地図,P-F,,,,,,
46201-3400-415.zip,F   13,1000,false,-139428.659,-47419.678,-139128.652,-47419.682,-139428.658,-47019.667,-139128.651,-47019.671,地籍図,法第14条1項地図,P-F,,,,,,
46201-3400-415.zip,F   14,1000,false,-139428.658,-47019.667,-139128.651,-47019.671,-139428.658,-46619.656,-139128.651,-46619.659,地籍図,法第14条1項地図,P-F,,,,,,
46201-3400-415.zip,F   15,1000,false,-139428.658,-46619.656,-139128.651,-46619.659,-139428.657,-46219.648,-139128.650,-46219.651,地籍図,法第14条1項地図,P-F,,,,,,
46201-3400-415.zip,F   23,1000,false,-139728.666,-47419.674,-139428.659,-47419.678,-139728.665,-47019.663,-139428.658,-47019.667,地籍図,法第14条1項地図,P-F,,,,,,
46201-3400-415.zip,F   24,1000,false,-139728.665,-47019.663,-139428.658,-47019.667,-139728.665,-46619.653,-139428.658,-46619.656,地籍図,法第14条1項地図,P-F,,,,,,
46201-3400-415.zip,F   25,1000,false,-139728.665,-46619.653,-139428.658,-46619.656,-139728.663,-46219.646,-139428.657,-46219.648,地籍図,法第14条1項地図,P-F,,,,,,
46201-3400-415.zip,F   33,1000,false,-140028.672,-47419.670,-139728.666,-47419.674,-140028.672,-47019.660,-139728.665,-47019.663,地籍図,法第14条1項地図,P-F,,,,,,
46201-3400-415.zip,F   34,1000,false,-140028.672,-47019.660,-139728.665,-47019.663,-140028.671,-46619.650,-139728.665,-46619.653,地籍図,法第14条1項地図,P-F,,,,,,
46201-3400-415.zip,F   35,1000,false,-140028.671,-46619.650,-139728.665,-46619.653,-140028.670,-46219.643,-139728.663,-46219.646,地籍図,法第14条1項地図,P-F,,,,,,
46201-3400-415.zip,F   43,1000,false,-140328.679,-47419.665,-140028.672,-47419.670,-140328.678,-47019.655,-140028.672,-47019.660,地籍図,法第14条1項地図,P-F,,,,,,
46201-3400-415.zip,F   44,1000,false,-140328.678,-47019.655,-140028.672,-47019.660,-140328.678,-46619.645,-140028.671,-46619.650,地籍図,法第14条1項地図,P-F,,,,,,
46201-3400-415.zip,F   45,1000,false,-140328.678,-46619.645,-140028.671,-46619.650,-140328.677,-46219.638,-140028.670,-46219.643,地籍図,法第14条1項地図,P-F,,,,,,
46201-3400-415.zip,F   53,1000,false,-140628.685,-47419.661,-140328.679,-47419.665,-140628.685,-47019.650,-140328.678,-47019.655,地籍図,法第14条1項地図,P-F,,,,,,
46201-3400-415.zip,F   54,1000,false,-140628.685,-47019.650,-140328.678,-47019.655,-140628.685,-46619.640,-140328.678,-46619.645,地籍図,法第14条1項地図,P-F,,,,,,
46201-3400-415.zip,F   55,1000,false,-140628.685,-46619.640,-140328.678,-46619.645,-140628.684,-46219.633,-140328.677,-46219.638,地籍図,法第14条1項地図,P-F,,,,,,
46201-3400-415.zip,G   11,1000,false,-139428.657,-46219.648,-139128.650,-46219.651,-139428.656,-45819.644,-139128.650,-45819.646,地籍図,法第14条1項地図,P-F,,,,,,
46201-3400-415.zip,G   21,1000,false,-139728.663,-46219.646,-139428.657,-46219.648,-139728.662,-45819.643,-139428.656,-45819.644,地籍図,法第14条1項地図,P-F,,,,,,
46201-3400-415.zip,G   22,1000,false,-139728.662,-45819.643,-139428.656,-45819.644,-139728.660,-45419.639,-139428.654,-45419.640,地籍図,法第14条1項地図,P-F,,,,,,
46201-3400-415.zip,G   31,1000,false,-140028.670,-46219.643,-139728.663,-46219.646,-140028.668,-45819.640,-139728.662,-45819.643,地籍図,法第14条1項地図,P-F,,,,,,
46201-3400-415.zip,G   32,1000,false,-140028.668,-45819.640,-139728.662,-45819.643,-140028.665,-45419.637,-139728.660,-45419.639,地籍図,法第14条1項地図,P-F,,,,,,
46201-3400-415.zip,G   33,1000,false,-140028.665,-45419.637,-139728.660,-45419.639,-140028.666,-45019.636,-139728.660,-45019.637,地籍図,法第14条1項地図,P-F,,,,,,
46201-3400-415.zip,G   41,1000,false,-140328.677,-46219.638,-140028.670,-46219.643,-140328.675,-45819.635,-140028.668,-45819.640,地籍図,法第14条1項地図,P-F,,,,,,
46201-3400-415.zip,G   51,1000,false,-140628.684,-46219.633,-140328.677,-46219.638,-140628.683,-45819.630,-140328.675,-45819.635,地籍図,法第14条1項地図,P-F,,,,,,
46201-3400-415.zip,G   42,1000,false,-140328.675,-45819.635,-140028.668,-45819.640,-140328.674,-45419.632,-140028.665,-45419.637,地籍図,法第14条1項地図,P-F,,,,,,
46201-3400-415.zip,G   43,1000,false,-140328.674,-45419.632,-140028.665,-45419.637,-140328.674,-45019.630,-140028.666,-45019.636,地籍図,法第14条1項地図,P-F,,,,,,
46201-3400-415.zip,G   52,1000,false,-140628.683,-45819.630,-140328.675,-45819.635,-140628.682,-45419.627,-140328.674,-45419.632,地籍図,法第14条1項地図,P-F,,,,,,
46201-3400-415.zip,G   53,1000,false,-140628.682,-45419.627,-140328.674,-45419.632,-140628.682,-45019.625,-140328.674,-45019.630,地籍図,法第14条1項地図,P-F,,,,,,
46201-3400-415.zip,L   14,1000,false,-140928.691,-47019.646,-140628.685,-47019.650,-140928.691,-46619.635,-140628.685,-46619.640,地籍図,法第14条1項地図,P-F,,,,,,
46201-3400-415.zip,L   15,1000,false,-140928.691,-46619.635,-140628.685,-46619.640,-140928.691,-46219.628,-140628.684,-46219.633,地籍図,法第14条1項地図,P-F,,,,,,
46201-3400-415.zip,L   25,1000,false,-141228.696,-46619.631,-140928.691,-46619.635,-141228.696,-46219.624,-140928.691,-46219.628,地籍図,法第14条1項地図,P-F,,,,,,
46201-3400-415.zip,M   23,1000,false,-141228.696,-45419.616,-140928.690,-45419.621,-141228.696,-45019.614,-140928.690,-45019.620,地籍図,法第14条1項地図,P-F,,,,,,
46201-3400-415.zip,M   24,1000,false,-141228.696,-45019.614,-140928.690,-45019.620,-141228.696,-44619.614,-140928.689,-44619.620,地籍図,法第14条1項地図,P-F,,,,,,
46201-3400-415.zip,M   31,1000,false,-141528.700,-46219.619,-141228.696,-46219.624,-141528.701,-45819.614,-141228.696,-45819.620,地籍図,法第14条1項地図,P-F,,,,,,
46201-3400-415.zip,M   32,1000,false,-141528.701,-45819.614,-141228.696,-45819.620,-141528.702,-45419.610,-141228.696,-45419.616,地籍図,法第14条1項地図,P-F,,,,,,
46201-3400-415.zip,M   33,1000,false,-141528.702,-45419.610,-141228.696,-45419.616,-141528.703,-45019.608,-141228.696,-45019.614,地籍図,法第14条1項地図,P-F,,,,,,
46201-3400-415.zip,M   34,1000,false,-141528.703,-45019.608,-141228.696,-45019.614,-141528.702,-44619.608,-141228.696,-44619.614,地籍図,法第14条1項地図,P-F,,,,,,
46201-3400-415.zip,M   41,1000,false,-141828.704,-46219.614,-141528.700,-46219.619,-141828.706,-45819.609,-141528.701,-45819.614,地籍図,法第14条1項地図,P-F,,,,,,
46201-3400-415.zip,L   45,1000,false,-141828.704,-46619.622,-141528.700,-46619.627,-141828.704,-46219.614,-141528.700,-46219.619,地籍図,法第14条1項地図,P-F,,,,,,
46201-3400-415.zip,M   42,1000,false,-141828.706,-45819.609,-141528.701,-45819.614,-141828.709,-45419.605,-141528.702,-45419.610,地籍図,法第14条1項地図,P-F,,,,,,
46201-3400-415.zip,M   43,1000,false,-141828.709,-45419.605,-141528.702,-45419.610,-141828.709,-45019.603,-141528.703,-45019.608,地籍図,法第14条1項地図,P-F,,,,,,
46201-3400-415.zip,M   44,1000,false,-141828.709,-45019.603,-141528.703,-45019.608,-141828.709,-44619.603,-141528.702,-44619.608,地籍図,法第14条1項地図,P-F,,,,,,
46201-3400-415.zip,M   51,1000,false,-142128.707,-46219.608,-141828.704,-46219.614,-142128.709,-45819.605,-141828.706,-45819.609,地籍図,法第14条1項地図,P-F,,,,,,
46201-3400-415.zip,M   52,1000,false,-142128.709,-45819.605,-141828.706,-45819.609,-142128.712,-45419.601,-141828.709,-45419.605,地籍図,法第14条1項地図,P-F,,,,,,
46201-3400-415.zip,M   53,1000,false,-142128.712,-45419.601,-141828.709,-45419.605,-142128.714,-45019.599,-141828.709,-45019.603,地籍図,法第14条1項地図,P-F,,,,,,
46201-3400-415.zip,M   54,1000,false,-142128.714,-45019.599,-141828.709,-45019.603,-142128.714,-44619.598,-141828.709,-44619.603,地籍図,法第14条1項地図,P-F,,,,,,
46201-3400-415.zip,S   12,1000,false,-142428.712,-45819.600,-142128.709,-45819.605,-142428.715,-45419.597,-142128.712,-45419.601,地籍図,法第14条1項地図,P-F,,,,,,
46201-3400-415.zip,S   13,1000,false,-142428.715,-45419.597,-142128.712,-45419.601,-142428.718,-45019.595,-142128.714,-45019.599,地籍図,法第14条1項地図,P-F,,,,,,
46201-3400-415.zip,S   23,1000,false,-142728.719,-45419.593,-142428.715,-45419.597,-142728.722,-45019.591,-142428.718,-45019.595,地籍図,法第14条1項地図,P-F,,,,,,
46201-3400-416.zip,C1  32-3,500,false,-146028.799,-43819.542,-145878.798,-43819.543,-146028.796,-43619.543,-145878.796,-43619.544,土地改良所在図,法第14条1項地図,P-F,,,,,,
46201-3400-416.zip,C1  32-4,500,false,-146028.796,-43619.543,-145878.796,-43619.544,-146028.794,-43419.545,-145878.793,-43419.546,土地改良所在図,法第14条1項地図,P-F,,,,,,
46201-3400-416.zip,C1  33-1,500,false,-145878.793,-43419.546,-145728.792,-43419.547,-145878.790,-43219.547,-145728.789,-43219.548,土地改良所在図,法第14条1項地図,P-F,,,,,,
46201-3400-416.zip,C1  33-2,500,false,-145878.790,-43219.547,-145728.789,-43219.548,-145878.787,-43019.549,-145728.786,-43019.549,土地改良所在図,法第14条1項地図,P-F,,,,,,
46201-3400-416.zip,C1  33-3,500,false,-146028.794,-43419.545,-145878.793,-43419.546,-146028.791,-43219.547,-145878.790,-43219.547,土地改良所在図,法第14条1項地図,P-F,,,,,,
46201-3400-417.zip,C1  35,1000,false,-146028.783,-42619.547,-145728.780,-42619.548,-146028.777,-42219.543,-145728.775,-42219.544,土地改良所在図,法第14条1項地図,P-F,,,,,,
46201-3400-417.zip,C1  45,1000,false,-146328.786,-42619.546,-146028.783,-42619.547,-146328.780,-42219.542,-146028.777,-42219.543,土地改良所在図,法第14条1項地図,P-F,,,,,,
46201-3400-417.zip,C1  55,1000,false,-146628.787,-42619.543,-146328.786,-42619.546,-146628.781,-42219.539,-146328.780,-42219.542,土地改良所在図,法第14条1項地図,P-F,,,,,,
46201-3400-418.zip,S   14,1000,false,-142428.718,-45019.595,-142128.714,-45019.599,-142428.720,-44619.594,-142128.714,-44619.598,土地改良所在図,法第14条1項地図,P-F,,,,,,
46201-3400-418.zip,S   15,1000,false,-142428.720,-44619.594,-142128.714,-44619.598,-142428.722,-44219.593,-142128.715,-44219.598,土地改良所在図,法第14条1項地図,P-F,,,,,,
46201-3400-418.zip,S   24,1000,false,-142728.722,-45019.591,-142428.718,-45019.595,-142728.726,-44619.589,-142428.720,-44619.594,土地改良所在図,法第14条1項地図,P-F,,,,,,
46201-3400-418.zip,S   25,1000,false,-142728.726,-44619.589,-142428.720,-44619.594,-142728.729,-44219.587,-142428.722,-44219.593,土地改良所在図,法第14条1項地図,P-F,,,,,,
46201-3400-418.zip,S   34,1000,false,-143028.733,-45019.586,-142728.722,-45019.591,-143028.735,-44619.584,-142728.726,-44619.589,土地改良所在図,法第14条1項地図,P-F,,,,,,
46201-3400-418.zip,S   35,1000,false,-143028.735,-44619.584,-142728.726,-44619.589,-143028.737,-44219.583,-142728.729,-44219.587,土地改良所在図,法第14条1項地図,P-F,,,,,,
46201-3400-419.zip,S   33-2,500,false,-142878.726,-45219.590,-142728.721,-45219.592,-142878.727,-45019.589,-142728.722,-45019.591,土地改良所在図,法第14条1項地図,P-F,,,,,,
46201-3400-419.zip,S   34-1,500,false,-142878.727,-45019.589,-142728.722,-45019.591,-142878.729,-44819.588,-142728.724,-44819.590,土地改良所在図,法第14条1項地図,P-F,,,,,,
46201-3400-419.zip,S   34-3,500,false,-143028.733,-45019.586,-142878.727,-45019.589,-143028.734,-44819.585,-142878.729,-44819.588,土地改良所在図,法第14条1項地図,P-F,,,,,,
46201-3400-419.zip,S   34-4,500,false,-143028.734,-44819.585,-142878.729,-44819.588,-143028.735,-44619.584,-142878.730,-44619.587,土地改良所在図,法第14条1項地図,P-F,,,,,,
46201-3400-419.zip,S   44-2,500,false,-143178.739,-44819.583,-143028.734,-44819.585,-143178.740,-44619.582,-143028.735,-44619.584,土地改良所在図,法第14条1項地図,P-F,,,,,,
46201-3400-419.zip,S   45-1,500,false,-143178.740,-44619.582,-143028.735,-44619.584,-143178.740,-44419.581,-143028.736,-44419.584,土地改良所在図,法第14条1項地図,P-F,,,,,,
46201-3400-419.zip,S   45-3,500,false,-143328.744,-44619.579,-143178.740,-44619.582,-143328.745,-44419.579,-143178.740,-44419.581,土地改良所在図,法第14条1項地図,P-F,,,,,,
46201-3400-42.zip,070-969,,true,1588.810,2601.888,1690.131,2748.430,1382.212,2745.443,1484.235,2892.191,旧土地台帳附属地図,地図に準ずる図面,P-F,,,,,,
46201-3400-420.zip,M   52-1,500,false,-141978.708,-45819.607,-141828.706,-45819.609,-141978.709,-45619.605,-141828.708,-45619.607,土地改良所在図,法第14条1項地図,P-F,,,,,,
46201-3400-420.zip,M   52-2,500,false,-141978.709,-45619.605,-141828.708,-45619.607,-141978.710,-45419.603,-141828.709,-45419.605,土地改良所在図,法第14条1項地図,P-F,,,,,,
46201-3400-420.zip,M   52-3,500,false,-142128.709,-45819.605,-141978.708,-45819.607,-142128.711,-45619.603,-141978.709,-45619.605,土地改良所在図,法第14条1項地図,P-F,,,,,,
46201-3400-420.zip,M   52-4,500,false,-142128.711,-45619.603,-141978.709,-45619.605,-142128.712,-45419.601,-141978.710,-45419.603,土地改良所在図,法第14条1項地図,P-F,,,,,,
46201-3400-420.zip,S   12-2,500,false,-142278.712,-45619.601,-142128.711,-45619.603,-142278.714,-45419.599,-142128.712,-45419.601,土地改良所在図,法第14条1項地図,P-F,,,,,,
46201-3400-420.zip,S   13-1,500,false,-142278.714,-45419.599,-142128.712,-45419.601,-142278.715,-45219.598,-142128.713,-45219.599,土地改良所在図,法第14条1項地図,P-F,,,,,,
46201-3400-420.zip,S   13-3,500,false,-142428.715,-45419.597,-142278.714,-45419.599,-142428.717,-45219.596,-142278.715,-45219.598,土地改良所在図,法第14条1項地図,P-F,,,,,,
46201-3400-421.zip,M   53,1000,false,-142128.712,-45419.601,-141828.709,-45419.605,-142128.714,-45019.599,-141828.709,-45019.603,地籍図,法第14条1項地図,P-F,,,,,,
46201-3400-421.zip,M   54,1000,false,-142128.714,-45019.599,-141828.709,-45019.603,-142128.714,-44619.598,-141828.709,-44619.603,地籍図,法第14条1項地図,P-F,,,,,,
46201-3400-421.zip,M   44,1000,false,-141828.709,-45019.603,-141528.703,-45019.608,-141828.709,-44619.603,-141528.702,-44619.608,地籍図,法第14条1項地図,P-F,,,,,,
46201-3400-421.zip,M   55,1000,false,-142128.714,-44619.598,-141828.709,-44619.603,-142128.715,-44219.598,-141828.708,-44219.603,地籍図,法第14条1項地図,P-F,,,,,,
46201-3400-421.zip,S   13,1000,false,-142428.715,-45419.597,-142128.712,-45419.601,-142428.718,-45019.595,-142128.714,-45019.599,地籍図,法第14条1項地図,P-F,,,,,,
46201-3400-421.zip,S   14,1000,false,-142428.718,-45019.595,-142128.714,-45019.599,-142428.720,-44619.594,-142128.714,-44619.598,地籍図,法第14条1項地図,P-F,,,,,,
46201-3400-421.zip,S   15,1000,false,-142428.720,-44619.594,-142128.714,-44619.598,-142428.722,-44219.593,-142128.715,-44219.598,地籍図,法第14条1項地図,P-F,,,,,,
46201-3400-421.zip,S   24,1000,false,-142728.722,-45019.591,-142428.718,-45019.595,-142728.726,-44619.589,-142428.720,-44619.594,地籍図,法第14条1項地図,P-F,,,,,,
46201-3400-421.zip,S   25,1000,false,-142728.726,-44619.589,-142428.720,-44619.594,-142728.729,-44219.587,-142428.722,-44219.593,地籍図,法第14条1項地図,P-F,,,,,,
46201-3400-421.zip,S   34,1000,false,-143028.733,-45019.586,-142728.722,-45019.591,-143028.735,-44619.584,-142728.726,-44619.589,地籍図,法第14条1項地図,P-F,,,,,,
46201-3400-421.zip,S   35,1000,false,-143028.735,-44619.584,-142728.726,-44619.589,-143028.737,-44219.583,-142728.729,-44219.587,地籍図,法第14条1項地図,P-F,,,,,,
46201-3400-421.zip,S   45,1000,false,-143328.744,-44619.579,-143028.735,-44619.584,-143328.745,-44219.578,-143028.737,-44219.583,地籍図,法第14条1項地図,P-F,,,,,,
46201-3400-421.zip,T   11,1000,false,-142428.722,-44219.593,-142128.715,-44219.598,-142428.724,-43819.590,-142128.717,-43819.596,地籍図,法第14条1項地図,P-F,,,,,,
46201-3400-421.zip,T   12,1000,false,-142428.724,-43819.590,-142128.717,-43819.596,-142428.726,-43419.588,-142128.719,-43419.593,地籍図,法第14条1項地図,P-F,,,,,,
46201-3400-421.zip,T   21,1000,false,-142728.729,-44219.587,-142428.722,-44219.593,-142728.732,-43819.585,-142428.724,-43819.590,地籍図,法第14条1項地図,P-F,,,,,,
46201-3400-421.zip,T   22,1000,false,-142728.732,-43819.585,-142428.724,-43819.590,-142728.734,-43419.582,-142428.726,-43419.588,地籍図,法第14条1項地図,P-F,,,,,,
46201-3400-421.zip,T   23,1000,false,-142728.734,-43419.582,-142428.726,-43419.588,-142728.736,-43019.580,-142428.728,-43019.585,地籍図,法第14条1項地図,P-F,,,,,,
46201-3400-421.zip,T   31,1000,false,-143028.737,-44219.583,-142728.729,-44219.587,-143028.739,-43819.581,-142728.732,-43819.585,地籍図,法第14条1項地図,P-F,,,,,,
46201-3400-421.zip,T   32,1000,false,-143028.739,-43819.581,-142728.732,-43819.585,-143028.740,-43419.578,-142728.734,-43419.582,地籍図,法第14条1項地図,P-F,,,,,,
46201-3400-421.zip,T   33,1000,false,-143028.740,-43419.578,-142728.734,-43419.582,-143028.741,-43019.576,-142728.736,-43019.580,地籍図,法第14条1項地図,P-F,,,,,,
46201-3400-421.zip,T   53,1000,false,-143628.751,-43419.570,-143328.745,-43419.574,-143628.750,-43019.569,-143328.745,-43019.572,地籍図,法第14条1項地図,P-F,,,,,,
46201-3400-421.zip,T   43,1000,false,-143328.745,-43419.574,-143028.740,-43419.578,-143328.745,-43019.572,-143028.741,-43019.576,地籍図,法第14条1項地図,P-F,,,,,,
46201-3400-421.zip,T   41,1000,false,-143328.745,-44219.578,-143028.737,-44219.583,-143328.745,-43819.576,-143028.739,-43819.581,地籍図,法第14条1項地図,P-F,,,,,,
46201-3400-421.zip,T   42,1000,false,-143328.745,-43819.576,-143028.739,-43819.581,-143328.745,-43419.574,-143028.740,-43419.578,地籍図,法第14条1項地図,P-F,,,,,,
46201-3400-421.zip,T   52,1000,false,-143628.752,-43819.572,-143328.745,-43819.576,-143628.751,-43419.570,-143328.745,-43419.574,地籍図,法第14条1項地図,P-F,,,,,,
46201-3400-422.zip,S   35-2,500,false,-142878.732,-44419.586,-142728.727,-44419.588,-142878.733,-44219.585,-142728.729,-44219.587,地籍図,法第14条1項地図,P-F,,,,,,
46201-3400-422.zip,S   35-3,500,false,-143028.735,-44619.584,-142878.730,-44619.587,-143028.736,-44419.584,-142878.732,-44419.586,地籍図,法第14条1項地図,P-F,,,,,,
46201-3400-422.zip,S   35-4,500,false,-143028.736,-44419.584,-142878.732,-44419.586,-143028.737,-44219.583,-142878.733,-44219.585,地籍図,法第14条1項地図,P-F,,,,,,
46201-3400-422.zip,S   45-1,500,false,-143178.740,-44619.582,-143028.735,-44619.584,-143178.740,-44419.581,-143028.736,-44419.584,地籍図,法第14条1項地図,P-F,,,,,,
46201-3400-422.zip,S   45-2,500,false,-143178.740,-44419.581,-143028.736,-44419.584,-143178.741,-44219.580,-143028.737,-44219.583,地籍図,法第14条1項地図,P-F,,,,,,
46201-3400-422.zip,S   45-3,500,false,-143328.744,-44619.579,-143178.740,-44619.582,-143328.745,-44419.579,-143178.740,-44419.581,地籍図,法第14条1項地図,P-F,,,,,,
46201-3400-422.zip,S   45-4,500,false,-143328.745,-44419.579,-143178.740,-44419.581,-143328.745,-44219.578,-143178.741,-44219.580,地籍図,法第14条1項地図,P-F,,,,,,
46201-3400-422.zip,S   55-2,500,false,-143478.749,-44419.576,-143328.745,-44419.579,-143478.749,-44219.576,-143328.745,-44219.578,地籍図,法第14条1項地図,P-F,,,,,,
46201-3400-422.zip,T   31-1,500,false,-142878.733,-44219.585,-142728.729,-44219.587,-142878.734,-44019.584,-142728.731,-44019.586,地籍図,法第14条1項地図,P-F,,,,,,
46201-3400-422.zip,T   31-3,500,false,-143028.737,-44219.583,-142878.733,-44219.585,-143028.738,-44019.582,-142878.734,-44019.584,地籍図,法第14条1項地図,P-F,,,,,,
46201-3400-422.zip,T   41-3,500,false,-143328.745,-44219.578,-143178.741,-44219.580,-143328.745,-44019.577,-143178.742,-44019.580,地籍図,法第14条1項地図,P-F,,,,,,
46201-3400-422.zip,W   13-1,500,false,-143778.755,-43419.568,-143628.751,-43419.570,-143778.754,-43219.568,-143628.751,-43219.570,地籍図,法第14条1項地図,P-F,,,,,,
46201-3400-422.zip,T   41-1,500,false,-143178.741,-44219.580,-143028.737,-44219.583,-143178.742,-44019.580,-143028.738,-44019.582,地籍図,法第14条1項地図,P-F,,,,,,
46201-3400-422.zip,T   51-1,500,false,-143478.749,-44219.576,-143328.745,-44219.578,-143478.749,-44019.575,-143328.745,-44019.577,地籍図,法第14条1項地図,P-F,,,,,,
46201-3400-422.zip,T   51-4,500,false,-143628.753,-44019.573,-143478.749,-44019.575,-143628.752,-43819.572,-143478.749,-43819.574,地籍図,法第14条1項地図,P-F,,,,,,
46201-3400-422.zip,T   51-2,500,false,-143478.749,-44019.575,-143328.745,-44019.577,-143478.749,-43819.574,-143328.745,-43819.576,地籍図,法第14条1項地図,P-F,,,,,,
46201-3400-422.zip,T   41-4,500,false,-143328.745,-44019.577,-143178.742,-44019.580,-143328.745,-43819.576,-143178.742,-43819.578,地籍図,法第14条1項地図,P-F,,,,,,
46201-3400-422.zip,T   42-3,500,false,-143328.745,-43819.576,-143178.742,-43819.578,-143328.745,-43619.575,-143178.742,-43619.577,地籍図,法第14条1項地図,P-F,,,,,,
46201-3400-422.zip,T   52-1,500,false,-143478.749,-43819.574,-143328.745,-43819.576,-143478.749,-43619.573,-143328.745,-43619.575,地籍図,法第14条1項地図,P-F,,,,,,
46201-3400-422.zip,T   52-3,500,false,-143628.752,-43819.572,-143478.749,-43819.574,-143628.752,-43619.571,-143478.749,-43619.573,地籍図,法第14条1項地図,P-F,,,,,,
46201-3400-422.zip,T   52-4,500,false,-143628.752,-43619.571,-143478.749,-43619.573,-143628.751,-43419.570,-143478.748,-43419.572,地籍図,法第14条1項地図,P-F,,,,,,
46201-3400-422.zip,T   52-2,500,false,-143478.749,-43619.573,-143328.745,-43619.575,-143478.748,-43419.572,-143328.745,-43419.574,地籍図,法第14条1項地図,P-F,,,,,,
46201-3400-422.zip,W   12-2,500,false,-143778.755,-43619.569,-143628.752,-43619.571,-143778.755,-43419.568,-143628.751,-43419.570,地籍図,法第14条1項地図,P-F,,,,,,
46201-3400-422.zip,T   53-3,500,false,-143628.751,-43419.570,-143478.748,-43419.572,-143628.751,-43219.570,-143478.748,-43219.571,地籍図,法第14条1項地図,P-F,,,,,,
46201-3400-422.zip,T   53-1,500,false,-143478.748,-43419.572,-143328.745,-43419.574,-143478.748,-43219.571,-143328.745,-43219.573,地籍図,法第14条1項地図,P-F,,,,,,
46201-3400-422.zip,T   53-4,500,false,-143628.751,-43219.570,-143478.748,-43219.571,-143628.750,-43019.569,-143478.748,-43019.571,地籍図,法第14条1項地図,P-F,,,,,,
46201-3400-423.zip,603,500,false,2504.991,279.286,2694.752,217.010,2582.256,516.433,2771.850,454.850,土地改良所在図,地図に準ずる図面,P-F,,,,1981,2,10
46201-3400-423.zip,520,600,false,2721.353,694.167,2908.812,888.563,2485.273,921.003,2672.465,1115.339,土地改良所在図,地図に準ずる図面,P-F,,,,1972,3,10
46201-3400-423.zip,521,600,false,2694.365,1325.382,2902.506,1497.414,2485.208,1577.244,2693.586,1749.467,土地改良所在図,地図に準ずる図面,P-F,,,,1972,3,10
46201-3400-423.zip,523,600,false,2734.110,1894.855,2915.334,2095.133,2491.248,2113.976,2672.439,2314.387,土地改良所在図,地図に準ずる図面,P-F,,,,1972,3,10
46201-3400-423.zip,528,600,false,2721.053,2479.656,2879.463,2698.418,2455.774,2671.465,2614.351,2890.198,土地改良所在図,地図に準ずる図面,P-F,,,,,,
46201-3400-424.zip,1986-8-1,500,true,-605.998,284.572,-355.998,284.572,-605.998,584.572,-355.998,584.572,その他,地図に準ずる図面,P-F,,,,,,
46201-3400-424.zip,1986-7-2,500,true,-700.998,39.572,-450.998,39.572,-700.998,339.572,-450.998,339.572,その他,地図に準ずる図面,P-F,,,,,,
46201-3400-424.zip,1986-8-2,500,true,-700.998,284.572,-450.998,284.572,-700.998,584.572,-450.998,584.572,その他,地図に準ずる図面,P-F,,,,,,
46201-3400-424.zip,1986-7-1,500,true,-605.998,39.572,-355.998,39.572,-605.998,339.572,-355.998,339.572,その他,地図に準ずる図面,P-F,,,,,,
46201-3400-424.zip,1986-6-2,500,true,-700.998,-205.421,-450.998,-205.421,-700.998,94.579,-450.998,94.579,その他,地図に準ずる図面,P-F,,,,,,
46201-3400-424.zip,1986-6-1,500,true,-605.998,-205.421,-355.998,-205.421,-605.998,94.579,-355.998,94.579,その他,地図に準ずる図面,P-F,,,,,,
46201-3400-424.zip,1986-5-2,500,true,-700.998,-425.428,-450.998,-425.428,-700.998,-125.428,-450.998,-125.428,その他,地図に準ずる図面,P-F,,,,,,
46201-3400-424.zip,1986-5-1,500,true,-605.998,-425.428,-355.998,-425.428,-605.998,-125.428,-355.998,-125.428,その他,地図に準ずる図面,P-F,,,,,,
46201-3400-424.zip,1986-4,500,true,-900.998,284.572,-650.998,284.572,-900.998,584.572,-650.998,584.572,その他,地図に準ずる図面,P-F,,,,,,
46201-3400-424.zip,1986-3-2,500,true,-1000.998,39.572,-750.998,39.572,-1000.998,339.572,-750.998,339.572,その他,地図に準ずる図面,P-F,,,,,,
46201-3400-424.zip,1986-3-1,500,true,-900.998,39.572,-650.998,39.572,-900.998,339.572,-650.998,339.572,その他,地図に準ずる図面,P-F,,,,,,
46201-3400-424.zip,1986-2-2,500,true,-1000.998,-205.421,-750.998,-205.421,-1000.998,94.579,-750.998,94.579,その他,地図に準ずる図面,P-F,,,,,,
46201-3400-424.zip,1986-2-1,500,true,-900.998,-205.421,-650.998,-205.421,-900.998,94.579,-650.998,94.579,その他,地図に準ずる図面,P-F,,,,,,
46201-3400-424.zip,1986-17,500,true,144.002,39.572,394.002,39.572,144.002,339.572,394.002,339.572,その他,地図に準ずる図面,P-F,,,,,,
46201-3400-424.zip,1986-16,500,true,-130.998,505.927,119.002,505.927,-130.998,805.927,119.002,805.927,その他,地図に準ずる図面,P-F,,,,,,
46201-3400-424.zip,1986-15-2,500,true,-130.998,284.572,119.002,284.572,-130.998,584.572,119.002,584.572,その他,地図に準ずる図面,P-F,,,,,,
46201-3400-424.zip,1986-15-1,500,true,-40.998,284.572,209.002,284.572,-40.998,584.572,209.002,584.572,その他,地図に準ずる図面,P-F,,,,,,
46201-3400-424.zip,1986-14-2,500,true,-130.998,39.572,119.002,39.572,-130.998,339.572,119.002,339.572,その他,地図に準ずる図面,P-F,,,,,,
46201-3400-424.zip,1986-14-1,500,true,-40.998,39.572,209.002,39.572,-40.998,339.572,209.002,339.572,その他,地図に準ずる図面,P-F,,,,,,
46201-3400-424.zip,1986-13,500,true,-320.698,506.064,-70.698,506.064,-320.698,806.064,-70.698,806.064,その他,地図に準ずる図面,P-F,,,,,,
46201-3400-424.zip,1986-12-2,500,true,-405.998,284.572,-155.998,284.572,-405.998,584.572,-155.998,584.572,その他,地図に準ずる図面,P-F,,,,,,
46201-3400-424.zip,1986-12-1,500,true,-310.998,284.572,-60.998,284.572,-310.998,584.572,-60.998,584.572,その他,地図に準ずる図面,P-F,,,,,,
46201-3400-424.zip,1986-11-2,500,true,-405.998,39.572,-155.998,39.572,-405.998,339.572,-155.998,339.572,その他,地図に準ずる図面,P-F,,,,,,
46201-3400-424.zip,1986-11-1,500,true,-310.998,39.572,-60.998,39.572,-310.998,339.572,-60.998,339.572,その他,地図に準ずる図面,P-F,,,,,,
46201-3400-424.zip,1986-10,500,true,-405.998,-205.421,-155.998,-205.421,-405.998,94.579,-155.998,94.579,その他,地図に準ずる図面,P-F,,,,,,
46201-3400-424.zip,1986-1,500,true,-900.998,-425.428,-650.998,-425.428,-900.998,-125.428,-650.998,-125.428,その他,地図に準ずる図面,P-F,,,,,,
46201-3400-424.zip,1986-18,500,true,144.002,284.572,394.002,284.572,144.002,584.572,394.002,584.572,その他,地図に準ずる図面,P-F,,,,,,
46201-3400-424.zip,1986-9,500,true,-405.998,-425.428,-155.998,-425.428,-405.998,-125.428,-155.998,-125.428,その他,地図に準ずる図面,P-F,,,,,,
46201-3400-425.zip,429,1000,false,5706.750,492.292,5525.805,904.339,5207.352,272.688,5025.889,684.656,土地改良所在図,地図に準ずる図面,P-F,,,,1968,10,7
46201-3400-425.zip,438,1000,false,4278.491,5066.514,4526.268,5442.490,3823.008,5367.780,4070.999,5743.158,土地改良所在図,地図に準ずる図面,P-F,,,,1968,10,7
46201-3400-425.zip,439,1000,false,3095.705,232.175,3319.698,622.732,2622.450,503.942,2847.344,894.782,土地改良所在図,地図に準ずる図面,P-F,,,,1968,10,7
46201-3400-425.zip,440,1000,false,3091.102,1487.299,3319.698,1874.956,2620.931,1764.367,2849.896,2152.394,土地改良所在図,地図に準ずる図面,P-F,,,,1968,10,7
46201-3400-425.zip,441,1000,false,3084.906,2638.030,3335.107,3012.184,2631.261,2941.287,2881.905,3315.754,土地改良所在図,地図に準ずる図面,P-F,,,,1968,10,7
46201-3400-425.zip,442,1000,false,3110.057,3936.972,3365.352,4307.662,2660.571,4246.793,2915.955,4616.724,土地改良所在図,地図に準ずる図面,P-F,,,,1968,10,7
46201-3400-425.zip,443,1000,false,3080.249,5133.776,3339.264,5501.188,2633.952,5448.957,2893.881,5816.338,土地改良所在図,地図に準ずる図面,P-F,,,,1968,10,7
46201-3400-425.zip,444,1000,false,1829.351,230.657,2080.518,603.166,1376.969,535.228,1628.373,908.421,土地改良所在図,地図に準ずる図面,P-F,,,,1968,10,7
46201-3400-425.zip,445,1000,false,1775.442,1448.174,2113.538,1744.819,1415.916,1858.741,1754.418,2155.402,土地改良所在図,地図に準ずる図面,P-F,,,,1968,10,7
46201-3400-425.zip,446,1000,false,1821.820,2645.566,2152.260,2951.086,1451.717,3046.535,1782.285,3351.915,土地改良所在図,地図に準ずる図面,P-F,,,,1968,10,7
46201-3400-425.zip,447,1000,false,1806.284,3952.276,2113.128,4281.574,1406.951,4323.967,1713.783,4653.714,土地改良所在図,地図に準ずる図面,P-F,,,,1969,10,7
46201-3400-425.zip,430,1000,false,5738.188,1834.370,5443.365,2175.158,5325.596,1477.342,5030.698,1818.317,土地改良所在図,地図に準ずる図面,P-F,,,,1968,10,7
46201-3400-425.zip,431,1000,false,5536.182,2657.833,5800.000,3022.660,5094.214,2977.310,5357.506,3342.600,土地改良所在図,地図に準ずる図面,P-F,,,,1968,10,7
46201-3400-425.zip,432,1000,false,5535.083,3858.915,5800.000,4222.660,5094.317,4180.732,5359.970,4544.720,土地改良所在図,地図に準ずる図面,P-F,,,,1968,10,7
46201-3400-425.zip,433,1000,false,5511.090,5057.692,5787.214,5413.371,5080.141,5392.495,5356.326,5748.046,土地改良所在図,地図に準ずる図面,P-F,,,,1968,10,10
46201-3400-425.zip,434,1000,false,4315.129,274.100,4600.000,622.660,3892.999,619.869,4177.700,968.323,土地改良所在図,地図に準ずる図面,P-F,,,,1968,10,7
46201-3400-425.zip,435,1000,false,4256.386,1540.520,4526.268,1901.044,3819.414,1867.857,4089.142,2227.860,土地改良所在図,地図に準ずる図面,P-F,,,,1968,10,7
46201-3400-425.zip,436,1000,false,4271.910,2670.640,4524.655,3043.455,3820.753,2976.326,4072.968,3349.041,土地改良所在図,地図に準ずる図面,P-F,,,,1968,10,7
46201-3400-425.zip,437,1000,false,4258.439,3825.734,4513.224,4196.788,3808.831,4134.286,4063.643,4505.708,土地改良所在図,地図に準ずる図面,P-F,,,,1968,10,7
46201-3400-426.zip,1651,600,false,100060.000,100000.000,100062.729,99730.037,100386.957,100003.305,100389.686,99733.341,旧土地台帳附属地図,地図に準ずる図面,P-F,,,,,,
46201-3400-426.zip,1652,600,false,99973.430,100514.974,100085.941,100269.558,100270.658,100651.238,100383.168,100405.822,旧土地台帳附属地図,地図に準ずる図面,P-F,,,,,,
46201-3400-426.zip,1656,600,false,100364.563,100985.520,100277.218,101240.977,100055.174,100879.735,99967.829,101135.192,旧土地台帳附属地図,地図に準ずる図面,P-F,,,,,,
46201-3400-426.zip,1659,600,false,100362.513,101708.424,100154.851,101880.946,100153.568,101456.921,99945.906,101629.443,旧土地台帳附属地図,地図に準ずる図面,P-F,,,,,,
46201-3400-426.zip,1662,600,false,100000.119,102127.210,100270.000,102120.000,100008.851,102454.067,100278.732,102446.858,旧土地台帳附属地図,地図に準ずる図面,P-F,,,,,,
46201-3400-426.zip,1665,600,false,100012.417,102992.925,100005.000,102723.050,100339.268,102983.942,100331.850,102714.067,旧土地台帳附属地図,地図に準ずる図面,P-F,,,,,,
46201-3400-426.zip,1698,600,false,99710.512,99963.939,99452.812,100044.426,99613.033,99651.834,99355.332,99732.321,旧土地台帳附属地図,地図に準ずる図面,P-F,,,,,,
46201-3400-426.zip,1706,600,false,99384.858,100297.914,99654.144,100278.604,99408.244,100624.051,99677.530,100604.741,旧土地台帳附属地図,地図に準ずる図面,P-F,,,,,,
46201-3400-426.zip,1708,600,false,99405.250,100914.501,99674.442,100893.929,99430.165,101240.524,99699.357,101219.953,旧土地台帳附属地図,地図に準ずる図面,P-F,,,,,,
46201-3400-426.zip,1719,600,false,99450.148,101520.000,99690.105,101524.118,99445.000,101819.955,99684.957,101824.073,旧土地台帳附属地図,地図に準ずる図面,P-F,,,,,,
46201-3400-426.zip,1720,600,false,99411.936,102435.372,99388.964,102166.374,99737.724,102407.551,99714.753,102138.553,旧土地台帳附属地図,地図に準ずる図面,P-F,,,,,,
46201-3400-426.zip,1726,600,false,99746.859,102956.944,99519.992,103103.296,99569.610,102682.181,99342.743,102828.533,旧土地台帳附属地図,地図に準ずる図面,P-F,,,,,,
46201-3400-426.zip,1736,600,false,98958.299,100037.578,98719.488,99911.654,99110.807,99748.349,98871.996,99622.426,旧土地台帳附属地図,地図に準ずる図面,P-F,,,,,,
46201-3400-426.zip,1755,600,false,98954.163,100609.476,98709.496,100495.347,99092.387,100313.155,98847.719,100199.026,旧土地台帳附属地図,地図に準ずる図面,P-F,,,,,,
46201-3400-426.zip,1756,600,false,98744.394,100896.446,99014.367,100895.004,98746.140,101223.415,99016.113,101221.974,旧土地台帳附属地図,地図に準ずる図面,P-F,,,,,,
46201-3400-426.zip,1757,600,false,98772.029,101489.500,99040.566,101517.346,98738.304,101814.730,99006.841,101842.576,旧土地台帳附属地図,地図に準ずる図面,P-F,,,,,,
46201-3400-426.zip,1762,600,false,98746.695,102176.017,99010.036,102116.528,98818.744,102494.954,99082.085,102435.465,旧土地台帳附属地図,地図に準ずる図面,P-F,,,,,,
46201-3400-426.zip,1763,600,false,98710.000,102984.074,98791.181,102726.592,99021.842,103082.394,99103.023,102824.912,旧土地台帳附属地図,地図に準ずる図面,P-F,,,,,,
46201-3400-426.zip,1764,600,false,98080.618,99960.974,98096.497,99691.464,98407.026,99980.205,98422.905,99710.695,旧土地台帳附属地図,地図に準ずる図面,P-F,,,,,,
46201-3400-426.zip,1765,600,false,98050.875,100496.234,98111.792,100233.219,98369.417,100570.012,98430.334,100306.997,旧土地台帳附属地図,地図に準ずる図面,P-F,,,,,,
46201-3400-426.zip,1766,600,false,98172.887,100801.534,98396.407,100952.949,97989.506,101072.243,98213.026,101223.658,旧土地台帳附属地図,地図に準ずる図面,P-F,,,,,,
46201-3400-426.zip,1798,600,false,98215.550,101874.229,97963.792,101776.734,98333.628,101569.320,98081.870,101471.825,旧土地台帳附属地図,地図に準ずる図面,P-F,,,,,,
46201-3400-426.zip,1813,600,false,98187.432,102510.988,98023.473,102296.500,98447.202,102312.414,98283.243,102097.926,旧土地台帳附属地図,地図に準ずる図面,P-F,,,,,,
46201-3400-426.zip,1816,600,false,98409.268,102712.574,98434.972,102981.325,98083.779,102743.705,98109.483,103012.455,旧土地台帳附属地図,地図に準ずる図面,P-F,,,,,,
46201-3400-426.zip,1820,600,false,97601.713,99572.621,97812.835,99740.892,97397.916,99828.314,97609.038,99996.586,旧土地台帳附属地図,地図に準ずる図面,P-F,,,,,,
46201-3400-426.zip,1831,600,false,97637.638,100132.489,97809.416,100340.768,97385.388,100340.532,97557.166,100548.811,旧土地台帳附属地図,地図に準ずる図面,P-F,,,,,,
46201-3400-427.zip,079-2363,,true,-613.499,36.250,-435.804,239.250,-859.104,251.578,-681.427,454.442,旧土地台帳附属地図,地図に準ずる図面,P-F,,,,,,
46201-3400-427.zip,079-2364,,true,-509.837,-132.989,-307.987,45.782,-726.423,111.558,-524.435,290.401,旧土地台帳附属地図,地図に準ずる図面,P-F,,,,,,
46201-3400-427.zip,079-2365,,true,-442.024,-321.583,-293.944,-96.114,-714.898,-141.993,-566.733,83.329,旧土地台帳附属地図,地図に準ずる図面,P-F,,,,,,
46201-3400-427.zip,079-2366,,true,-226.385,-96.138,-476.646,4.120,-347.841,-399.391,-598.265,-299.026,旧土地台帳附属地図,地図に準ずる図面,P-F,,,,,,
46201-3400-427.zip,079-2367,,true,-480.550,-163.200,-210.802,-163.457,-480.012,163.432,-210.302,163.098,旧土地台帳附属地図,地図に準ずる図面,P-F,,,,,,
46201-3400-427.zip,079-2368,,true,-406.551,-41.370,-257.227,183.094,-678.548,139.546,-529.108,364.116,旧土地台帳附属地図,地図に準ずる図面,P-F,,,,,,
46201-3400-427.zip,079-2369,,true,-536.578,224.850,-344.339,35.617,-307.197,457.492,-115.119,268.205,旧土地台帳附属地図,地図に準ずる図面,P-F,,,,,,
46201-3400-427.zip,079-2370,,true,-159.875,31.874,-43.341,275.151,-454.536,172.985,-337.851,416.402,旧土地台帳附属地図,地図に準ずる図面,P-F,,,,,,
46201-3400-427.zip,079-2371,,true,-240.529,-193.058,-48.503,-3.611,-469.739,39.698,-277.660,228.983,旧土地台帳附属地図,地図に準ずる図面,P-F,,,,,,
46201-3400-427.zip,079-2372,,true,-248.590,-159.874,21.103,-165.320,-242.013,166.729,27.832,161.242,旧土地台帳附属地図,地図に準ずる図面,P-F,,,,,,
46201-3400-427.zip,079-2373,,true,-53.423,21.761,-59.562,291.478,-380.052,14.627,-386.037,284.232,旧土地台帳附属地図,地図に準ずる図面,P-F,,,,,,
46201-3400-427.zip,079-2374,,true,88.834,-62.428,-34.905,177.222,-201.504,-212.315,-325.229,27.557,旧土地台帳附属地図,地図に準ずる図面,P-F,,,,,,
46201-3400-427.zip,079-2375,,true,87.653,155.614,-161.581,258.797,-37.562,-146.146,-286.681,-42.886,旧土地台帳附属地図,地図に準ずる図面,P-F,,,,,,
46201-3400-427.zip,079-2376,,true,177.721,80.812,-63.687,201.256,31.867,-211.531,-209.609,-90.968,旧土地台帳附属地図,地図に準ずる図面,P-F,,,,,,
46201-3400-427.zip,079-2377,,true,-38.259,310.111,-183.212,537.604,-313.943,134.794,-458.706,362.272,旧土地台帳附属地図,地図に準ずる図面,P-F,,,,,,
46201-3400-427.zip,079-2378,,true,-306.904,238.945,-93.010,403.365,-505.787,498.143,-291.921,662.349,旧土地台帳附属地図,地図に準ずる図面,P-F,,,,,,
46201-3400-428.zip,079-2341,,true,-287.811,-427.130,-289.751,-157.389,-614.436,-429.242,-616.261,-159.576,旧土地台帳附属地図,地図に準ずる図面,P-F,,,,,,
46201-3400-428.zip,079-2342,,true,-374.149,-39.536,-643.820,-40.405,-373.075,-366.166,-642.937,-366.998,旧土地台帳附属地図,地図に準ずる図面,P-F,,,,,,
46201-3400-428.zip,079-2343,,true,-160.005,-147.325,-429.415,-161.572,-143.045,-473.516,-412.385,-487.645,旧土地台帳附属地図,地図に準ずる図面,P-F,,,,,,
46201-3400-428.zip,079-2344,,true,0.593,-347.170,75.928,-88.234,-313.029,-255.903,-237.625,3.132,旧土地台帳附属地図,地図に準ずる図面,P-F,,,,,,
46201-3400-428.zip,079-2345,,true,-27.493,-291.272,196.418,-141.052,-209.485,-20.039,14.575,130.234,旧土地台帳附属地図,地図に準ずる図面,P-F,,,,,,
46201-3400-428.zip,079-2346,,true,84.797,-175.835,199.612,68.342,-210.688,-36.546,-95.800,207.428,旧土地台帳附属地図,地図に準ずる図面,P-F,,,,,,
46201-3400-428.zip,079-2347,,true,28.853,-23.107,-197.740,123.318,-148.667,-297.287,-375.113,-150.776,旧土地台帳附属地図,地図に準ずる図面,P-F,,,,,,
46201-3400-428.zip,079-2348,,true,-448.002,-181.397,-286.988,34.835,-709.985,13.738,-548.765,230.054,旧土地台帳附属地図,地図に準ずる図面,P-F,,,,,,
46201-3400-428.zip,079-2349,,true,-514.336,-224.642,-357.788,-4.921,-780.184,-34.871,-623.587,184.721,旧土地台帳附属地図,地図に準ずる図面,P-F,,,,,,
46201-3400-428.zip,079-2350,,true,-471.115,-297.746,-365.175,-49.796,-771.501,-169.366,-665.396,78.679,旧土地台帳附属地図,地図に準ずる図面,P-F,,,,,,
46201-3400-428.zip,079-2351,,true,-580.825,-411.914,-430.654,-187.969,-852.125,-230.021,-701.837,-5.972,旧土地台帳附属地図,地図に準ずる図面,P-F,,,,,,
46201-3400-428.zip,079-2352,,true,-750.997,-242.654,-880.861,-479.129,-464.822,-400.187,-594.797,-636.469,旧土地台帳附属地図,地図に準ずる図面,P-F,,,,,,
46201-3400-428.zip,079-2353,,true,-787.157,-405.307,-658.616,-168.328,-1074.265,-249.561,-945.618,-12.466,旧土地台帳附属地図,地図に準ずる図面,P-F,,,,,,
46201-3400-428.zip,079-2354,,true,-1017.502,-226.007,-767.299,-125.197,-1139.315,77.101,-889.091,177.756,旧土地台帳附属地図,地図に準ずる図面,P-F,,,,,,
46201-3400-428.zip,079-2355,,true,-678.198,16.453,-820.412,245.667,-955.917,-155.551,-1097.993,73.659,旧土地台帳附属地図,地図に準ずる図面,P-F,,,,,,
46201-3400-428.zip,079-2356,,true,-882.347,-136.314,-681.819,-316.738,-663.623,106.323,-463.254,-74.163,旧土地台帳附属地図,地図に準ずる図面,P-F,,,,,,
46201-3400-428.zip,079-2357,,true,-536.130,-38.241,-470.241,223.180,-852.898,41.580,-786.898,303.129,旧土地台帳附属地図,地図に準ずる図面,P-F,,,,,,
46201-3400-428.zip,079-2358,,true,-329.730,-131.970,-130.898,50.324,-550.285,109.005,-351.433,291.163,旧土地台帳附属地図,地図に準ずる図面,P-F,,,,,,
46201-3400-428.zip,079-2359,,true,-215.187,-7.781,-57.801,211.106,-480.400,182.942,-322.885,401.877,旧土地台帳附属地図,地図に準ずる図面,P-F,,,,,,
46201-3400-428.zip,079-2360,,true,-34.536,-99.570,85.859,141.820,-326.733,46.491,-206.236,287.745,旧土地台帳附属地図,地図に準ずる図面,P-F,,,,,,
46201-3400-428.zip,079-2361,,true,9.135,-32.435,242.502,102.856,-154.473,250.312,78.938,385.452,旧土地台帳附属地図,地図に準ずる図面,P-F,,,,,,
46201-3400-428.zip,079-2362,,true,-36.486,143.547,93.396,379.968,-322.648,301.105,-192.687,537.352,旧土地台帳附属地図,地図に準ずる図面,P-F,,,,,,
46201-3400-428.zip,079-2379,,true,-208.629,744.337,-436.685,888.400,-383.020,468.112,-611.217,612.309,旧土地台帳附属地図,地図に準ずる図面,P-F,,,,,,
46201-3400-428.zip,079-2380,,true,-443.447,394.472,-229.090,558.165,-641.531,654.281,-427.113,817.830,旧土地台帳附属地図,地図に準ずる図面,P-F,,,,,,
46201-3400-428.zip,079-2381,,true,-679.457,360.190,-433.721,249.026,-544.535,657.737,-298.932,546.466,旧土地台帳附属地図,地図に準ずる図面,P-F,,,,,,
46201-3400-428.zip,079-2382,,true,-600.039,179.357,-427.047,386.330,-850.707,388.888,-677.535,595.959,旧土地台帳附属地図,地図に準ずる図面,P-F,,,,,,
46201-3400-428.zip,079-2383,,true,-848.589,143.367,-578.841,143.443,-848.399,470.075,-578.765,469.999,旧土地台帳附属地図,地図に準ずる図面,P-F,,,,,,
46201-3400-429.zip,130-186,,true,-247.792,-302.563,293.001,-304.783,-244.874,350.929,295.772,349.243,旧土地台帳附属地図,地図に準ずる図面,P-F,,,,,,
46201-3400-43.zip,166-1,500,false,-165050.000,-47250.000,-164925.000,-47250.000,-165050.000,-47075.000,-164925.000,-47075.000,土地区画整理所在図,法第14条1項地図,P-F,,,,,,
46201-3400-43.zip,166-2,500,false,-165050.000,-47075.000,-164925.000,-47075.000,-165050.000,-46900.000,-164925.000,-46900.000,土地区画整理所在図,法第14条1項地図,P-F,,,,,,
46201-3400-43.zip,166-3,500,false,-165175.000,-47250.000,-165050.000,-47250.000,-165175.000,-47075.000,-165050.000,-47075.000,土地区画整理所在図,法第14条1項地図,P-F,,,,,,
46201-3400-43.zip,166-4,500,false,-165175.000,-47075.000,-165050.000,-47075.000,-165175.000,-46900.000,-165050.000,-46900.000,土地区画整理所在図,法第14条1項地図,P-F,,,,,,
46201-3400-43.zip,166-5,500,false,-165300.000,-47250.000,-165175.000,-47250.000,-165300.000,-47075.000,-165175.000,-47075.000,土地区画整理所在図,法第14条1項地図,P-F,,,,,,
46201-3400-43.zip,166-6,500,false,-165300.000,-47075.000,-165175.000,-47075.000,-165300.000,-46900.000,-165175.000,-46900.000,土地区画整理所在図,法第14条1項地図,P-F,,,,,,
46201-3400-430.zip,083-2155,,true,-252.738,229.739,-214.383,53.927,-18.316,280.789,20.008,104.932,旧土地台帳附属地図,地図に準ずる図面,P-F,,,,,,
46201-3400-430.zip,083-2156,,true,-242.006,849.471,-233.610,669.720,-2.347,860.577,6.051,680.788,旧土地台帳附属地図,地図に準ずる図面,P-F,,,,,,
46201-3400-430.zip,083-2157,,true,-238.989,1453.900,-237.817,1273.957,0.922,1455.374,2.095,1275.393,旧土地台帳附属地図,地図に準ずる図面,P-F,,,,,,
46201-3400-430.zip,083-2158,,true,-161.725,1846.961,4.997,1914.570,-251.802,2069.325,-85.045,2136.948,旧土地台帳附属地図,地図に準ずる図面,P-F,,,,,,
46201-3400-430.zip,083-2159,,true,-237.919,2655.235,-238.997,2475.330,1.992,2653.709,0.914,2473.766,旧土地台帳附属地図,地図に準ずる図面,P-F,,,,,,
46201-3400-430.zip,083-2160,,true,-840.472,251.770,-835.801,71.884,-600.634,257.909,-595.961,77.947,旧土地台帳附属地図,地図に準ずる図面,P-F,,,,,,
46201-3400-430.zip,083-2161,,true,-836.238,857.548,-841.278,677.710,-596.417,850.788,-601.420,670.911,旧土地台帳附属地図,地図に準ずる図面,P-F,,,,,,
46201-3400-430.zip,083-2162,,true,-838.404,1454.566,-838.369,1274.658,-598.488,1454.525,-598.452,1274.578,旧土地台帳附属地図,地図に準ずる図面,P-F,,,,,,
46201-3400-430.zip,083-2163,,true,-617.716,1904.848,-627.924,2084.467,-857.289,1891.323,-867.463,2071.020,旧土地台帳附属地図,地図に準ずる図面,P-F,,,,,,
46201-3400-430.zip,083-2164,,true,-843.341,2647.434,-831.657,2467.867,-603.884,2662.876,-592.238,2483.306,旧土地台帳附属地図,地図に準ずる図面,P-F,,,,,,
46201-3400-430.zip,083-2165,,true,-1450.583,266.128,-1449.821,86.183,-1210.630,267.004,-1209.906,87.020,旧土地台帳附属地図,地図に準ずる図面,P-F,,,,,,
46201-3400-430.zip,083-2166,,true,-1205.559,693.171,-1215.283,872.855,-1445.168,680.293,-1454.856,860.017,旧土地台帳附属地図,地図に準ずる図面,P-F,,,,,,
46201-3400-430.zip,083-2167A,,true,-1439.879,1452.634,-1436.621,1272.716,-1200.000,1456.888,-1196.742,1276.933,旧土地台帳附属地図,地図に準ずる図面,P-F,,,,,,
46201-3400-430.zip,083-2167B,,true,-1439.879,2052.634,-1436.621,1872.716,-1200.000,2056.888,-1196.742,1876.933,旧土地台帳附属地図,地図に準ずる図面,P-F,,,,,,
46201-3400-430.zip,083-2168,,true,-1226.398,2492.728,-1216.515,2672.403,-1465.982,2506.045,-1456.059,2685.757,旧土地台帳附属地図,地図に準ずる図面,P-F,,,,,,
46201-3400-430.zip,083-2169,,true,-2038.733,254.310,-2038.202,74.364,-1798.779,254.879,-1798.286,74.895,旧土地台帳附属地図,地図に準ずる図面,P-F,,,,,,
46201-3400-430.zip,083-2170,,true,-1804.184,695.320,-1816.952,874.814,-2043.499,678.335,-2056.269,857.866,旧土地台帳附属地図,地図に準ずる図面,P-F,,,,,,
46201-3400-430.zip,083-2171,,true,-2040.343,1451.961,-2035.982,1272.067,-1800.495,1457.686,-1796.133,1277.754,旧土地台帳附属地図,地図に準ずる図面,P-F,,,,,,
46201-3400-430.zip,083-2172,,true,-2037.010,2056.473,-2040.194,1876.592,-1797.095,2052.137,-1800.318,1872.219,旧土地台帳附属地図,地図に準ずる図面,P-F,,,,,,
46201-3400-430.zip,083-2173,,true,-1823.294,2496.618,-1820.012,2676.497,-2063.207,2501.084,-2059.886,2681.000,旧土地台帳附属地図,地図に準ずる図面,P-F,,,,,,
46201-3400-430.zip,083-2174,,true,-2416.277,107.049,-2430.039,286.469,-2655.542,88.875,-2669.263,268.260,旧土地台帳附属地図,地図に準ずる図面,P-F,,,,,,
46201-3400-430.zip,083-2175,,true,-2412.039,684.212,-2408.507,864.124,-2651.945,689.062,-2648.335,869.011,旧土地台帳附属地図,地図に準ずる図面,P-F,,,,,,
46201-3400-430.zip,083-2176,,true,-2421.050,1299.819,-2423.139,1479.753,-2660.990,1297.173,-2663.041,1477.147,旧土地台帳附属地図,地図に準ずる図面,P-F,,,,,,
46201-3400-430.zip,083-2177,,true,-2413.182,1882.673,-2407.257,2062.484,-2653.004,1890.665,-2647.039,2070.513,旧土地台帳附属地図,地図に準ずる図面,P-F,,,,,,
46201-3400-430.zip,083-2178,,true,-2423.471,2496.489,-2420.006,2676.403,-2663.380,2501.200,-2659.875,2681.151,旧土地台帳附属地図,地図に準ずる図面,P-F,,,,,,
46201-3400-430.zip,083-2179,,true,-3243.407,275.001,-3256.369,95.521,-3004.082,257.627,-3017.085,78.113,旧土地台帳附属地図,地図に準ずる図面,P-F,,,,,,
46201-3400-430.zip,083-2180,,true,-3019.854,701.479,-3024.595,881.325,-3259.690,695.246,-3264.393,875.131,旧土地台帳附属地図,地図に準ずる図面,P-F,,,,,,
46201-3400-430.zip,083-2181,,true,-3238.635,1454.446,-3238.330,1274.500,-2998.681,1454.713,-2998.452,1274.728,旧土地台帳附属地図,地図に準ずる図面,P-F,,,,,,
46201-3400-430.zip,083-2182,,true,-3239.885,2052.632,-3236.655,1872.752,-3000.006,2056.851,-2996.774,1876.895,旧土地台帳附属地図,地図に準ずる図面,P-F,,,,,,
46201-3400-430.zip,083-2183,,true,-3024.653,2494.872,-3018.391,2674.671,-3264.458,2503.325,-3258.117,2683.198,旧土地台帳附属地図,地図に準ずる図面,P-F,,,,,,
46201-3400-430.zip,083-2184A,,true,-3617.559,105.046,-3628.114,284.683,-3857.105,91.060,-3867.624,270.737,旧土地台帳附属地図,地図に準ずる図面,P-F,,,,,,
46201-3400-430.zip,083-2184B,,true,-3617.559,705.046,-3628.114,884.683,-3857.105,691.060,-3867.624,870.737,旧土地台帳附属地図,地図に準ずる図面,P-F,,,,,,
46201-3400-430.zip,083-2185,,true,-3620.978,1299.962,-3623.237,1479.857,-3860.915,1297.002,-3863.135,1476.973,旧土地台帳附属地図,地図に準ずる図面,P-F,,,,,,
46201-3400-430.zip,083-2186,,true,-3616.098,1907.457,-3630.435,2086.831,-3855.254,1888.379,-3869.595,2067.792,旧土地台帳附属地図,地図に準ずる図面,P-F,,,,,,
46201-3400-430.zip,083-2187,,true,-3620.948,2499.967,-3623.275,2679.899,-3860.884,2496.953,-3863.211,2676.923,旧土地台帳附属地図,地図に準ずる図面,P-F,,,,,,
46201-3400-430.zip,083-2188,,true,-4434.794,259.354,-4442.876,79.627,-4195.086,248.486,-4203.208,68.722,旧土地台帳附属地図,地図に準ずる図面,P-F,,,,,,
46201-3400-430.zip,083-2189,,true,-4442.733,705.003,-4275.671,638.240,-4353.654,927.769,-4186.535,860.942,旧土地台帳附属地図,地図に準ずる図面,P-F,,,,,,
46201-3400-431.zip,083-2190,,true,-178.162,52.062,-4.124,97.799,-239.055,284.122,-64.980,329.868,旧土地台帳附属地図,地図に準ずる図面,P-F,,,,,,
46201-3400-431.zip,083-2191,,true,-22.132,698.313,-21.710,878.259,-262.047,698.951,-261.663,878.898,旧土地台帳附属地図,地図に準ずる図面,P-F,,,,,,
46201-3400-431.zip,083-2192,,true,-212.370,1271.396,-32.558,1264.435,-202.998,1511.168,-23.149,1504.167,旧土地台帳附属地図,地図に準ずる図面,P-F,,,,,,
46201-3400-431.zip,083-2193,,true,-240.555,2051.699,-235.732,1871.817,-0.683,2057.992,4.103,1878.070,旧土地台帳附属地図,地図に準ずる図面,P-F,,,,,,
46201-3400-431.zip,083-2194,,true,-26.877,2492.138,-15.971,2671.754,-266.382,2506.821,-255.435,2686.473,旧土地台帳附属地図,地図に準ずる図面,P-F,,,,,,
46201-3400-431.zip,083-2195,,true,-621.283,99.428,-622.650,279.332,-861.193,97.643,-862.560,277.585,旧土地台帳附属地図,地図に準ずる図面,P-F,,,,,,
46201-3400-431.zip,083-2196,,true,-809.332,669.093,-629.395,667.270,-806.813,909.034,-626.837,907.211,旧土地台帳附属地図,地図に準ずる図面,P-F,,,,,,
46201-3400-431.zip,083-2197,,true,-852.021,1431.108,-815.640,1254.878,-617.041,1479.527,-580.652,1303.259,旧土地台帳附属地図,地図に準ずる図面,P-F,,,,,,
46201-3400-431.zip,083-2198,,true,-621.439,1899.158,-622.398,2079.064,-861.391,1897.968,-862.311,2077.913,旧土地台帳附属地図,地図に準ずる図面,P-F,,,,,,
46201-3400-431.zip,083-2199,,true,-861.034,2603.101,-786.913,2439.129,-642.324,2701.813,-568.257,2537.775,旧土地台帳附属地図,地図に準ずる図面,P-F,,,,,,
46201-3400-431.zip,083-2200,,true,-1199.898,147.946,-1271.307,313.118,-1420.150,52.821,-1491.574,218.027,旧土地台帳附属地図,地図に準ずる図面,P-F,,,,,,
46201-3400-431.zip,083-2201,,true,-1219.942,701.432,-1224.700,881.316,-1459.777,695.177,-1464.536,875.099,旧土地台帳附属地図,地図に準ずる図面,P-F,,,,,,
46201-3400-431.zip,083-2202,,true,-1222.341,1297.957,-1221.264,1477.862,-1462.253,1299.431,-1461.176,1479.374,旧土地台帳附属地図,地図に準ずる図面,P-F,,,,,,
46201-3400-431.zip,083-2203,,true,-1254.035,2086.177,-1433.956,2083.128,-1250.110,1846.254,-1430.069,1843.244,旧土地台帳附属地図,地図に準ずる図面,P-F,,,,,,
46201-3400-431.zip,083-2204,,true,-1329.908,2443.136,-1184.118,2548.553,-1470.394,2637.666,-1324.552,2743.074,旧土地台帳附属地図,地図に準ずる図面,P-F,,,,,,
46201-3400-431.zip,083-2205,,true,-1819.814,101.487,-1824.605,281.332,-2059.687,95.237,-2064.403,275.122,旧土地台帳附属地図,地図に準ずる図面,P-F,,,,,,
46201-3400-431.zip,083-2206,,true,-1796.763,777.832,-1903.326,922.833,-1990.201,635.846,-2096.756,780.900,旧土地台帳附属地図,地図に準ずる図面,P-F,,,,,,
46201-3400-431.zip,083-2207,,true,-1862.746,1491.720,-2041.849,1474.707,-1840.096,1252.876,-2019.233,1235.821,旧土地台帳附属地図,地図に準ずる図面,P-F,,,,,,
46201-3400-431.zip,083-2208,,true,-2040.609,2051.526,-2035.609,1871.649,-1800.784,2058.155,-1795.745,1878.241,旧土地台帳附属地図,地図に準ずる図面,P-F,,,,,,
46201-3400-431.zip,083-2209,,true,-1820.463,2500.711,-1823.980,2680.585,-2060.374,2496.110,-2063.853,2676.061,旧土地台帳附属地図,地図に準ずる図面,P-F,,,,,,
46201-3400-431.zip,083-2210,,true,-2577.050,51.632,-2403.420,98.894,-2640.015,283.099,-2466.359,330.407,旧土地台帳附属地図,地図に準ずる図面,P-F,,,,,,
46201-3400-432.zip,031-4-1,,false,729.019,165.752,595.996,400.392,444.872,4.662,311.848,239.302,旧土地台帳附属地図,地図に準ずる図面,P-F,,,,,,
46201-3400-432.zip,031-5,,false,315.143,68.949,314.762,338.660,-11.527,68.682,-11.717,338.393,旧土地台帳附属地図,地図に準ずる図面,P-F,,,,,,
46201-3400-432.zip,031-1,,false,470.317,354.131,200.568,355.731,468.412,27.156,198.663,28.871,旧土地台帳附属地図,地図に準ずる図面,P-F,,,,,,
46201-3400-432.zip,031-4-2,600,false,660.694,-95.242,527.671,139.398,376.547,-256.333,243.523,-21.693,旧土地台帳附属地図,地図に準ずる図面,P-F,,,,,,
46201-3400-433.zip,094-31,500,false,-165128.862,-46419.311,-164928.858,-46419.311,-165128.866,-46169.317,-164928.862,-46169.316,土地区画整理所在図,法第14条1項地図（国調法19-5指定）,P-F,,,,2000,3,9
46201-3400-433.zip,094-32,500,false,-165328.866,-46469.311,-165128.862,-46469.310,-165328.869,-46219.316,-165128.865,-46219.316,土地区画整理所在図,法第14条1項地図（国調法19-5指定）,P-F,,,,2000,3,9
46201-3400-433.zip,094-33,500,false,-165528.869,-46519.311,-165328.865,-46519.310,-165528.872,-46269.316,-165328.868,-46269.315,土地区画整理所在図,法第14条1項地図（国調法19-5指定）,P-F,,,,2000,3,9
46201-3400-434.zip,168-2701,500,false,-165128.862,-46419.311,-164928.858,-46419.311,-165128.866,-46169.317,-164928.862,-46169.316,土地区画整理所在図,法第14条1項地図（国調法19-5指定）,P-F,,,,2000,3,9
46201-3400-434.zip,168-2702,500,false,-165178.862,-46519.310,-164978.858,-46519.309,-165178.865,-46269.315,-164978.862,-46269.314,土地区画整理所在図,法第14条1項地図（国調法19-5指定）,P-F,,,,2000,3,9
46201-3400-434.zip,168-2706,500,false,-165178.860,-46669.307,-164978.856,-46669.306,-165178.863,-46419.312,-164978.859,-46419.311,土地区画整理所在図,法第14条1項地図（国調法19-5指定）,P-F,,,,2000,3,9
46201-3400-434.zip,168-2707,500,false,-165178.858,-46769.305,-164978.854,-46769.304,-165178.862,-46519.310,-164978.858,-46519.309,土地区画整理所在図,法第14条1項地図（国調法19-5指定）,P-F,,,,2000,3,9
46201-3400-434.zip,168-2708,500,false,-165278.861,-46769.305,-165078.856,-46769.304,-165278.864,-46519.310,-165078.860,-46519.309,土地区画整理所在図,法第14条1項地図（国調法19-5指定）,P-F,,,,2000,3,9
46201-3400-434.zip,168-2709,500,false,-165278.859,-46869.303,-165078.855,-46869.303,-165278.863,-46619.308,-165078.858,-46619.307,土地区画整理所在図,法第14条1項地図（国調法19-5指定）,P-F,,,,2000,3,9
46201-3400-434.zip,168-2710,500,false,-165128.856,-46869.303,-164928.852,-46869.303,-165128.860,-46619.307,-164928.855,-46619.307,土地区画整理所在図,法第14条1項地図（国調法19-5指定）,P-F,,,,2000,3,9
46201-3400-434.zip,168-2711,500,false,-165278.858,-46969.301,-165078.854,-46969.301,-165278.861,-46719.306,-165078.857,-46719.305,土地区画整理所在図,法第14条1項地図（国調法19-5指定）,P-F,,,,2000,3,9
46201-3400-434.zip,168-2712,500,false,-165178.856,-46969.301,-164978.852,-46969.301,-165178.859,-46719.306,-164978.855,-46719.305,土地区画整理所在図,法第14条1項地図（国調法19-5指定）,P-F,,,,2000,3,9
46201-3400-434.zip,168-2713,500,false,-165078.853,-47019.300,-164878.849,-47019.300,-165078.856,-46769.304,-164878.853,-46769.304,土地区画整理所在図,法第14条1項地図（国調法19-5指定）,P-F,,,,2000,3,9
46201-3400-434.zip,168-2714,500,false,-164978.850,-47119.298,-164778.846,-47119.299,-164978.853,-46869.303,-164778.850,-46869.303,土地区画整理所在図,法第14条1項地図（国調法19-5指定）,P-F,,,,2000,3,9
46201-3400-434.zip,168-2715,500,false,-165078.852,-47069.299,-164878.849,-47069.299,-165078.856,-46819.304,-164878.852,-46819.303,土地区画整理所在図,法第14条1項地図（国調法19-5指定）,P-F,,,,2000,3,9
46201-3400-434.zip,168-2716,500,false,-165228.855,-47069.299,-165028.851,-47069.299,-165228.859,-46819.304,-165028.855,-46819.303,土地区画整理所在図,法第14条1項地図（国調法19-5指定）,P-F,,,,2000,3,9
46201-3400-434.zip,168-2717,500,false,-164978.849,-47169.297,-164778.846,-47169.298,-164978.852,-46919.302,-164778.849,-46919.302,土地区画整理所在図,法第14条1項地図（国調法19-5指定）,P-F,,,,2000,3,9
46201-3400-434.zip,168-2718,500,false,-165178.854,-47119.298,-164978.850,-47119.298,-165178.857,-46869.303,-164978.853,-46869.303,土地区画整理所在図,法第14条1項地図（国調法19-5指定）,P-F,,,,2000,3,9
46201-3400-434.zip,168-2719,500,false,-165378.859,-47019.300,-165178.855,-47019.300,-165378.863,-46769.305,-165178.858,-46769.305,土地区画整理所在図,法第14条1項地図（国調法19-5指定）,P-F,,,,2000,3,9
46201-3400-434.zip,168-2720,500,false,-165378.860,-46919.302,-165178.856,-46919.302,-165378.864,-46669.307,-165178.860,-46669.307,土地区画整理所在図,法第14条1項地図（国調法19-5指定）,P-F,,,,2000,3,9
46201-3400-434.zip,168-2721,500,false,-165378.862,-46819.304,-165178.858,-46819.304,-165378.865,-46569.309,-165178.861,-46569.309,土地区画整理所在図,法第14条1項地図（国調法19-5指定）,P-F,,,,2000,3,9
46201-3400-434.zip,168-2722,500,false,-165478.865,-46769.305,-165278.861,-46769.305,-165478.868,-46519.311,-165278.864,-46519.310,土地区画整理所在図,法第14条1項地図（国調法19-5指定）,P-F,,,,2000,3,9
46201-3400-434.zip,168-2723,500,false,-165578.867,-46719.306,-165378.863,-46719.306,-165578.871,-46469.312,-165378.867,-46469.311,土地区画整理所在図,法第14条1項地図（国調法19-5指定）,P-F,,,,2000,3,9
46201-3400-434.zip,168-2724,500,false,-165428.864,-46719.306,-165228.860,-46719.306,-165428.868,-46469.312,-165228.864,-46469.311,土地区画整理所在図,法第14条1項地図（国調法19-5指定）,P-F,,,,2000,3,9
46201-3400-434.zip,168-2725,500,false,-165478.866,-46669.307,-165278.862,-46669.307,-165478.869,-46419.313,-165278.865,-46419.312,土地区画整理所在図,法第14条1項地図（国調法19-5指定）,P-F,,,,2000,3,9
46201-3400-434.zip,168-2726,500,false,-165578.869,-46619.309,-165378.865,-46619.308,-165578.872,-46369.314,-165378.868,-46369.313,土地区画整理所在図,法第14条1項地図（国調法19-5指定）,P-F,,,,2000,3,9
46201-3400-434.zip,168-2727,500,false,-165628.869,-46669.308,-165428.865,-46669.307,-165628.873,-46419.313,-165428.868,-46419.313,土地区画整理所在図,法第14条1項地図（国調法19-5指定）,P-F,,,,2000,3,9
46201-3400-434.zip,168-2704,500,false,-165428.866,-46569.309,-165228.862,-46569.309,-165428.870,-46319.315,-165228.866,-46319.314,土地区画整理所在図,法第14条1項地図（国調法19-5指定）,P-F,,,,2000,3,9
46201-3400-434.zip,168-2703,500,false,-165328.865,-46519.310,-165128.861,-46519.309,-165328.868,-46269.315,-165128.865,-46269.314,土地区画整理所在図,法第14条1項地図（国調法19-5指定）,P-F,,,,2000,3,9
46201-3400-434.zip,168-2705,500,false,-165328.863,-46669.307,-165128.859,-46669.306,-165328.866,-46419.312,-165128.862,-46419.311,土地区画整理所在図,法第14条1項地図（国調法19-5指定）,P-F,,,,2000,3,9
46201-3400-435.zip,077-1,,true,120.867,248.509,373.509,342.350,7.177,554.720,259.932,648.598,旧土地台帳附属地図,地図に準ずる図面,P-F,,,,,,
46201-3400-435.zip,077-2,,true,228.210,242.654,433.798,416.848,17.021,491.867,222.800,666.174,旧土地台帳附属地図,地図に準ずる図面,P-F,,,,,,
46201-3400-435.zip,077-3,,true,143.043,477.209,370.844,333.152,317.770,753.282,545.609,609.073,旧土地台帳附属地図,地図に準ずる図面,P-F,,,,,,
46201-3400-435.zip,077-4,,true,274.731,165.268,467.517,353.520,46.512,398.935,239.374,587.302,旧土地台帳附属地図,地図に準ずる図面,P-F,,,,,,
46201-3400-435.zip,077-5,,true,439.890,605.574,200.621,481.482,590.156,315.480,350.812,191.502,旧土地台帳附属地図,地図に準ずる図面,P-F,,,,,,
46201-3400-435.zip,077-6,,true,465.691,164.967,666.478,344.685,247.834,408.312,448.698,588.144,旧土地台帳附属地図,地図に準ずる図面,P-F,,,,,,
46201-3400-435.zip,077-7,,true,515.759,111.015,565.974,375.963,194.804,172.014,245.096,437.038,旧土地台帳附属地図,地図に準ずる図面,P-F,,,,,,
46201-3400-435.zip,077-8,,true,552.119,588.621,322.489,447.499,722.997,310.186,493.330,169.139,旧土地台帳附属地図,地図に準ずる図面,P-F,,,,,,
46201-3400-435.zip,077-9,,true,589.307,100.656,737.364,325.980,316.358,280.069,464.491,505.507,旧土地台帳附属地図,地図に準ずる図面,P-F,,,,,,
46201-3400-435.zip,077-10,,true,547.965,370.435,428.788,128.500,841.031,225.998,721.778,-15.937,旧土地台帳附属地図,地図に準ずる図面,P-F,,,,,,
46201-3400-435.zip,077-11,,true,528.618,472.714,571.709,206.509,851.135,524.950,894.188,258.630,旧土地台帳附属地図,地図に準ずる図面,P-F,,,,,,
46201-3400-435.zip,077-12,,true,482.208,602.763,540.997,339.606,801.106,673.972,859.818,410.662,旧土地台帳附属地図,地図に準ずる図面,P-F,,,,,,
46201-3400-435.zip,077-13,,true,329.860,594.246,423.967,341.605,636.070,708.242,730.101,455.410,旧土地台帳附属地図,地図に準ずる図面,P-F,,,,,,
46201-3400-435.zip,077-14,,true,358.390,839.137,179.853,637.016,603.183,622.728,424.570,420.683,旧土地台帳附属地図,地図に準ずる図面,P-F,,,,,,
46201-3400-435.zip,077-15,,true,680.593,829.452,473.633,1002.350,471.043,578.829,264.083,751.766,旧土地台帳附属地図,地図に準ずる図面,P-F,,,,,,
46201-3400-435.zip,077-16,,true,737.098,318.740,1006.580,307.653,750.585,645.182,1020.143,634.057,旧土地台帳附属地図,地図に準ずる図面,P-F,,,,,,
46201-3400-435.zip,077-17,,true,800.139,300.870,1056.819,218.307,900.304,611.843,1157.060,529.128,旧土地台帳附属地図,地図に準ずる図面,P-F,,,,,,
46201-3400-435.zip,077-18,,true,933.647,177.110,853.484,434.590,621.645,80.107,541.559,337.663,旧土地台帳附属地図,地図に準ずる図面,P-F,,,,,,
46201-3400-435.zip,077-19,,true,986.627,835.654,716.917,831.539,991.542,508.984,721.832,504.907,旧土地台帳附属地図,地図に準ずる図面,P-F,,,,,,
46201-3400-435.zip,077-20,,true,1017.915,1021.184,750.262,1054.141,978.024,696.991,710.257,729.909,旧土地台帳附属地図,地図に準ずる図面,P-F,,,,,,
46201-3400-435.zip,077-22,,true,828.613,755.110,1091.770,696.398,899.822,1073.969,1163.093,1015.143,旧土地台帳附属地図,地図に準ずる図面,P-F,,,,,,
46201-3400-436.zip,A   11-1,500,false,-151778.799,-42969.501,-151653.797,-42969.502,-151778.801,-42794.499,-151653.799,-42794.500,土地区画整理所在図,法第14条1項地図,P-F,,,,2006,6,9
46201-3400-436.zip,A   11-3,500,false,-151903.801,-42969.500,-151778.799,-42969.501,-151903.803,-42794.498,-151778.801,-42794.499,土地区画整理所在図,法第14条1項地図,P-F,,,,2006,6,9
46201-3400-436.zip,A   11-4,500,false,-151903.803,-42794.498,-151778.801,-42794.499,-151903.807,-42619.495,-151778.805,-42619.496,土地区画整理所在図,法第14条1項地図,P-F,,,,2006,6,9
46201-3400-436.zip,A   12-3,500,false,-151903.807,-42619.495,-151778.805,-42619.496,-151903.810,-42444.492,-151778.809,-42444.493,土地区画整理所在図,法第14条1項地図,P-F,,,,2006,6,9
46201-3400-436.zip,A   21-1,500,false,-152028.802,-42969.500,-151903.801,-42969.500,-152028.805,-42794.498,-151903.803,-42794.498,土地区画整理所在図,法第14条1項地図,P-F,,,,2006,6,9
46201-3400-436.zip,A   21-2,500,false,-152028.805,-42794.498,-151903.803,-42794.498,-152028.808,-42619.494,-151903.807,-42619.495,土地区画整理所在図,法第14条1項地図,P-F,,,,2006,6,9
46201-3400-436.zip,A   21-3,500,false,-152153.804,-42969.499,-152028.802,-42969.500,-152153.806,-42794.497,-152028.805,-42794.498,土地区画整理所在図,法第14条1項地図,P-F,,,,2006,6,9
46201-3400-436.zip,A   21-4,500,false,-152153.806,-42794.497,-152028.805,-42794.498,-152153.810,-42619.494,-152028.808,-42619.494,土地区画整理所在図,法第14条1項地図,P-F,,,,2006,6,9
46201-3400-436.zip,A   22-1,500,false,-152028.808,-42619.494,-151903.807,-42619.495,-152028.811,-42444.491,-151903.810,-42444.492,土地区画整理所在図,法第14条1項地図,P-F,,,,2006,6,9
46201-3400-436.zip,A   22-2,500,false,-152028.811,-42444.491,-151903.810,-42444.492,-152028.815,-42269.488,-151903.813,-42269.489,土地区画整理所在図,法第14条1項地図,P-F,,,,2006,6,9
46201-3400-436.zip,A   22-3,500,false,-152153.810,-42619.494,-152028.808,-42619.494,-152153.813,-42444.490,-152028.811,-42444.491,土地区画整理所在図,法第14条1項地図,P-F,,,,2006,6,9
46201-3400-436.zip,A   22-4,500,false,-152153.813,-42444.490,-152028.811,-42444.491,-152153.816,-42269.488,-152028.815,-42269.488,土地区画整理所在図,法第14条1項地図,P-F,,,,2006,6,9
46201-3400-437.zip,077-49,,true,1229.423,1075.868,1078.470,1299.248,958.836,892.911,807.922,1116.520,旧土地台帳附属地図,地図に準ずる図面,P-F,,,,,,
46201-3400-437.zip,077-50,,true,1200.165,984.185,958.572,1103.781,1055.080,691.538,813.563,811.135,旧土地台帳附属地図,地図に準ずる図面,P-F,,,,,,
46201-3400-437.zip,077-51,,true,1109.835,898.793,851.897,820.040,1205.276,586.334,947.186,507.734,旧土地台帳附属地図,地図に準ずる図面,P-F,,,,,,
46201-3400-437.zip,077-27,,true,364.849,211.642,616.081,113.916,483.493,515.948,734.649,418.107,旧土地台帳附属地図,地図に準ずる図面,P-F,,,,,,
46201-3400-437.zip,077-48,,true,1072.927,1113.547,1220.527,1338.947,799.826,1292.694,947.464,1517.980,旧土地台帳附属地図,地図に準ずる図面,P-F,,,,,,
46201-3400-437.zip,077-28,,true,444.565,421.628,646.077,242.519,661.545,665.849,863.133,486.436,旧土地台帳附属地図,地図に準ずる図面,P-F,,,,,,
46201-3400-437.zip,077-29,,true,439.732,372.624,642.119,194.392,655.797,617.608,858.070,439.299,旧土地台帳附属地図,地図に準ずる図面,P-F,,,,,,
46201-3400-437.zip,077-30,,true,174.003,374.463,443.561,367.148,182.690,701.019,452.477,693.628,旧土地台帳附属地図,地図に準ずる図面,P-F,,,,,,
46201-3400-437.zip,077-31,,true,360.461,354.479,584.147,204.022,542.960,625.408,766.570,474.761,旧土地台帳附属地図,地図に準ずる図面,P-F,,,,,,
46201-3400-437.zip,077-23,,true,105.673,317.388,362.925,398.199,7.947,629.009,265.198,709.781,旧土地台帳附属地図,地図に準ずる図面,P-F,,,,,,
46201-3400-437.zip,077-24,,true,185.059,86.545,440.978,171.356,82.151,396.527,338.336,481.338,旧土地台帳附属地図,地図に準ずる図面,P-F,,,,,,
46201-3400-437.zip,077-25,,true,346.409,486.305,146.003,305.977,564.723,243.303,364.240,63.127,旧土地台帳附属地図,地図に準ずる図面,P-F,,,,,,
46201-3400-437.zip,077-26,,true,269.737,107.000,519.902,6.378,391.543,410.124,641.823,309.235,旧土地台帳附属地図,地図に準ずる図面,P-F,,,,,,
46201-3400-437.zip,077-33,,true,303.862,389.900,573.496,397.291,294.870,716.494,564.657,723.733,旧土地台帳附属地図,地図に準ずる図面,P-F,,,,,,
46201-3400-437.zip,077-34,,true,426.822,467.801,695.161,494.928,394.171,792.832,662.395,819.807,旧土地台帳附属地図,地図に準ずる図面,P-F,,,,,,
46201-3400-437.zip,077-35,,true,549.553,455.195,816.140,496.114,500.252,778.055,766.724,818.898,旧土地台帳附属地図,地図に準ずる図面,P-F,,,,,,
46201-3400-437.zip,077-36,,true,566.291,608.451,755.534,800.513,333.537,837.661,523.009,1029.799,旧土地台帳附属地図,地図に準ずる図面,P-F,,,,,,
46201-3400-437.zip,077-37,,true,336.964,965.703,540.151,788.537,551.658,1211.982,754.883,1034.473,旧土地台帳附属地図,地図に準ずる図面,P-F,,,,,,
46201-3400-437.zip,077-38,,true,492.687,1074.036,370.500,1314.448,201.374,926.322,79.378,1166.658,旧土地台帳附属地図,地図に準ずる図面,P-F,,,,,,
46201-3400-437.zip,077-39,,true,411.575,1397.506,253.650,1178.926,676.409,1206.205,518.217,987.663,旧土地台帳附属地図,地図に準ずる図面,P-F,,,,,,
46201-3400-437.zip,077-40,,true,687.838,1334.433,418.928,1313.554,712.832,1008.677,443.960,988.027,旧土地台帳附属地図,地図に準ずる図面,P-F,,,,,,
46201-3400-437.zip,077-41,,true,735.616,772.871,985.248,874.751,612.096,1075.272,861.956,1177.113,旧土地台帳附属地図,地図に準ずる図面,P-F,,,,,,
46201-3400-437.zip,077-42,,true,633.721,708.495,849.482,870.077,438.039,969.938,653.800,1131.482,旧土地台帳附属地図,地図に準ずる図面,P-F,,,,,,
46201-3400-437.zip,077-43,,true,923.813,738.437,710.871,903.791,723.635,480.385,510.579,645.892,旧土地台帳附属地図,地図に準ずる図面,P-F,,,,,,
46201-3400-437.zip,077-44,,true,786.293,673.020,1055.737,683.003,774.444,999.500,1043.850,1009.330,旧土地台帳附属地図,地図に準ずる図面,P-F,,,,,,
46201-3400-437.zip,077-45,,true,606.794,1249.096,592.812,979.804,933.007,1232.217,918.872,962.735,旧土地台帳附属地図,地図に準ずる図面,P-F,,,,,,
46201-3400-437.zip,077-46,,true,680.333,1126.885,918.382,1253.186,527.437,1415.531,765.563,1541.718,旧土地台帳附属地図,地図に準ずる図面,P-F,,,,,,
46201-3400-437.zip,077-47,,true,992.387,1281.161,731.402,1349.170,910.129,965.083,649.030,1033.168,旧土地台帳附属地図,地図に準ずる図面,P-F,,,,,,
46201-3400-438.zip,121-71,500,true,2820.776,9618.765,2924.046,9417.482,3062.509,9741.522,3165.651,9540.637,旧土地台帳附属地図,地図に準ずる図面,P-F,,,,1973,3,5
46201-3400-438.zip,121-72,500,true,2796.688,10196.895,2910.425,10001.490,3030.811,10333.858,3144.743,10139.121,旧土地台帳附属地図,地図に準ずる図面,P-F,,,,1973,3,5
46201-3400-438.zip,121-73,500,true,2977.747,10942.689,2784.507,10826.115,3117.721,10710.170,2924.590,10593.662,旧土地台帳附属地図,地図に準ずる図面,P-F,,,,1973,3,5
46201-3400-438.zip,121-75,,true,2823.510,12023.898,2940.879,11830.844,3055.760,12164.562,3172.960,11971.479,旧土地台帳附属地図,地図に準ずる図面,P-F,,,,1973,3,5
46201-3400-438.zip,121-76,500,true,2216.392,9637.980,2313.094,9433.400,2461.763,9753.667,2558.389,9549.613,旧土地台帳附属地図,地図に準ずる図面,P-F,,,,1973,3,5
46201-3400-438.zip,121-77,500,true,2232.362,10229.478,2327.708,10024.370,2478.655,10344.159,2574.153,10138.876,旧土地台帳附属地図,地図に準ずる図面,P-F,,,,1973,3,5
46201-3400-438.zip,121-74,500,true,2814.274,11430.721,2930.220,11236.032,3046.379,11566.672,3159.237,11370.964,旧土地台帳附属地図,地図に準ずる図面,P-F,,,,1973,3,5
46201-3400-439.zip,119-11,,true,-144.654,100.573,125.970,100.344,-144.387,427.624,126.618,427.319,旧土地台帳附属地図,地図に準ずる図面,P-F,,,,,,
46201-3400-439.zip,119-12,,true,-149.954,241.790,120.742,240.316,-148.001,568.453,122.810,566.979,旧土地台帳附属地図,地図に準ずる図面,P-F,,,,,,
46201-3400-439.zip,119-15,,true,-403.136,-411.560,-132.524,-414.181,-399.814,-84.907,-129.013,-87.606,旧土地台帳附属地図,地図に準ずる図面,P-F,,,,,,
46201-3400-439.zip,119-17,,true,-86.686,-232.194,149.047,-99.566,-246.914,52.361,-10.747,185.151,旧土地台帳附属地図,地図に準ずる図面,P-F,,,,,,
46201-3400-439.zip,119-18,,true,-124.425,-150.727,146.117,-152.585,-121.981,175.819,148.714,173.998,旧土地台帳附属地図,地図に準ずる図面,P-F,,,,,,
46201-3400-439.zip,119-22,,true,-285.961,-260.407,-89.761,-73.901,-510.692,-23.639,-314.517,162.949,旧土地台帳附属地図,地図に準ずる図面,P-F,,,,,,
46201-3400-439.zip,119-23,,true,-396.209,68.529,-125.586,67.422,-394.969,395.235,-123.890,394.049,旧土地台帳附属地図,地図に準ずる図面,P-F,,,,,,
46201-3400-439.zip,119-23-1,,true,-392.618,333.011,-152.639,330.454,-389.102,632.723,-149.238,630.091,旧土地台帳附属地図,地図に準ずる図面,P-F,,,,,,
46201-3400-439.zip,119-695-2,500,false,-406.023,555.140,-206.094,555.774,-406.213,805.298,-206.347,805.614,その他,地図に準ずる図面,P-F,,,,1984,8,16
46201-3400-439.zip,119-19,,true,56.027,313.612,-124.637,112.276,299.175,95.570,118.284,-106.075,旧土地台帳附属地図,地図に準ずる図面,P-F,,,,,,
46201-3400-439.zip,119-22-1,600,false,-435.676,-307.003,-238.355,-121.681,-659.157,-69.052,-461.836,116.269,旧土地台帳附属地図,地図に準ずる図面,P-F,,,,,,
46201-3400-44.zip,092-215,,false,1715.493,60.310,1980.517,110.069,1655.333,381.303,1920.434,430.947,旧土地台帳附属地図,地図に準ずる図面,P-F,,,,,,
46201-3400-44.zip,092-216,,false,1551.145,16.124,1784.813,150.769,1387.734,299.245,1621.554,433.891,旧土地台帳附属地図,地図に準ずる図面,P-F,,,,,,
46201-3400-44.zip,092-217,,false,1409.936,430.417,1163.124,321.870,1541.267,131.331,1294.379,22.937,旧土地台帳附属地図,地図に準ずる図面,P-F,,,,,,
46201-3400-44.zip,092-218,,false,1296.092,253.567,1106.544,445.401,1063.681,24.128,874.248,215.924,旧土地台帳附属地図,地図に準ずる図面,P-F,,,,,,
46201-3400-44.zip,092-219,,false,670.412,355.875,709.121,88.946,993.881,402.967,1032.438,135.923,旧土地台帳附属地図,地図に準ずる図面,P-F,,,,,,
46201-3400-44.zip,092-220,,false,732.690,388.618,464.275,414.793,700.953,63.624,432.462,89.837,旧土地台帳附属地図,地図に準ずる図面,P-F,,,,,,
46201-3400-44.zip,092-221,,false,1925.388,910.819,1655.678,907.428,1929.617,583.882,1659.754,580.720,旧土地台帳附属地図,地図に準ずる図面,P-F,,,,,,
46201-3400-44.zip,092-222,,false,1399.633,611.867,1669.039,599.637,1414.606,938.080,1684.012,925.736,旧土地台帳附属地図,地図に準ずる図面,P-F,,,,,,
46201-3400-44.zip,092-223,,false,1403.925,899.173,1134.367,907.936,1393.447,572.427,1123.737,581.380,旧土地台帳附属地図,地図に準ずる図面,P-F,,,,,,
46201-3400-44.zip,092-224,,false,1153.303,925.529,883.630,929.910,1148.274,598.630,878.487,603.126,旧土地台帳附属地図,地図に準ずる図面,P-F,,,,,,
46201-3400-44.zip,092-225,,false,676.936,903.784,672.060,634.111,1003.530,897.649,998.501,628.015,旧土地台帳附属地図,地図に準ずる図面,P-F,,,,,,
46201-3400-44.zip,092-226,,false,743.682,921.209,481.782,985.407,666.072,603.644,404.020,667.957,旧土地台帳附属地図,地図に準ずる図面,P-F,,,,,,
46201-3400-44.zip,092-227,,false,1929.716,1426.965,1660.234,1438.014,1916.229,1100.638,1646.747,1111.763,旧土地台帳附属地図,地図に準ずる図面,P-F,,,,,,
46201-3400-44.zip,092-228,,false,1644.275,1471.242,1378.146,1427.808,1697.081,1148.497,1430.762,1105.367,旧土地台帳附属地図,地図に準ずる図面,P-F,,,,,,
46201-3400-44.zip,092-229,,false,1368.015,1493.331,1110.230,1414.197,1463.684,1181.024,1205.899,1102.043,旧土地台帳附属地図,地図に準ずる図面,P-F,,,,,,
46201-3400-44.zip,092-230,,false,1224.807,1324.722,996.549,1468.245,1051.032,1047.887,822.737,1191.563,旧土地台帳附属地図,地図に準ずる図面,P-F,,,,,,
46201-3400-44.zip,092-231,,false,616.966,1375.914,636.702,1106.927,942.722,1399.612,962.267,1130.625,旧土地台帳附属地図,地図に準ずる図面,P-F,,,,,,
46201-3400-44.zip,092-232,,false,678.712,1323.847,437.615,1444.739,532.332,1031.543,291.273,1152.587,旧土地台帳附属地図,地図に準ずる図面,P-F,,,,,,
46201-3400-44.zip,092-233,,false,1878.715,1982.448,1617.653,1914.783,1960.516,1666.180,1699.416,1598.743,旧土地台帳附属地図,地図に準ずる図面,P-F,,,,,,
46201-3400-44.zip,092-234,,false,1405.980,1689.907,1675.538,1699.813,1393.788,2016.616,1663.422,2026.369,旧土地台帳附属地図,地図に準ずる図面,P-F,,,,,,
46201-3400-44.zip,092-235,,false,1203.207,2028.187,1049.739,1806.483,1471.660,1842.221,1318.116,1620.593,旧土地台帳附属地図,地図に準ずる図面,P-F,,,,,,
46201-3400-44.zip,092-236,,false,823.312,1903.105,860.155,1635.986,1147.201,1948.025,1183.815,1680.639,旧土地台帳附属地図,地図に準ずる図面,P-F,,,,,,
46201-3400-44.zip,092-237,,false,885.285,1942.771,626.014,2016.876,795.559,1628.865,536.250,1702.970,旧土地台帳附属地図,地図に準ずる図面,P-F,,,,,,
46201-3400-44.zip,092-238,,false,494.647,2010.189,248.711,1899.546,628.873,1712.094,382.709,1601.603,旧土地台帳附属地図,地図に準ずる図面,P-F,,,,,,
46201-3400-44.zip,092-239,,false,1605.161,2358.226,1691.953,2102.955,1914.420,2463.268,2001.097,2207.845,旧土地台帳附属地図,地図に準ずる図面,P-F,,,,,,
46201-3400-44.zip,092-240,,false,1609.133,2460.921,1339.728,2475.170,1592.026,2134.479,1322.544,2148.843,旧土地台帳附属地図,地図に準ずる図面,P-F,,,,,,
46201-3400-44.zip,092-241,,false,1023.534,2280.579,1249.886,2134.084,1201.080,2554.671,1427.395,2407.986,旧土地台帳附属地図,地図に準ずる図面,P-F,,,,,,
46201-3400-44.zip,092-242,,false,1106.523,2512.142,837.346,2494.844,1127.669,2185.929,858.378,2168.822,旧土地台帳附属地図,地図に準ずる図面,P-F,,,,,,
46201-3400-44.zip,092-243,,false,918.384,2300.135,810.522,2547.252,619.031,2169.566,511.246,2416.759,旧土地台帳附属地図,地図に準ずる図面,P-F,,,,,,
46201-3400-44.zip,092-244,,false,620.425,2441.383,358.258,2504.553,544.111,2123.590,281.791,2186.836,旧土地台帳附属地図,地図に準ずる図面,P-F,,,,,,
46201-3400-44.zip,092-203,,false,404.739,2365.423,256.034,2590.328,132.247,2185.439,-16.381,2410.458,旧土地台帳附属地図,地図に準ずる図面,P-F,,,,,,
46201-3400-440.zip,119-1,,true,-279.424,530.950,-35.515,413.791,-137.905,825.629,106.398,708.410,旧土地台帳附属地図,地図に準ずる図面,P-F,,,,,,
46201-3400-440.zip,119-3,,true,-309.237,574.512,-38.651,574.554,-309.375,901.525,-38.408,901.643,旧土地台帳附属地図,地図に準ずる図面,P-F,,,,,,
46201-3400-440.zip,119-25,,true,-629.007,125.549,-188.643,-188.879,-249.012,657.671,192.017,342.863,旧土地台帳附属地図,地図に準ずる図面,P-F,,,,,,
46201-3400-440.zip,119-28,,true,184.716,197.970,155.160,466.861,-140.228,162.280,-169.822,431.512,旧土地台帳附属地図,地図に準ずる図面,P-F,,,,,,
46201-3400-440.zip,119-29,,true,325.234,180.757,327.020,451.299,-1.618,182.970,0.093,453.817,旧土地台帳附属地図,地図に準ずる図面,P-F,,,,,,
46201-3400-440.zip,119-39,,true,-56.201,20.294,214.305,18.890,-54.550,347.150,216.337,345.820,旧土地台帳附属地図,地図に準ずる図面,P-F,,,,,,
46201-3400-440.zip,119-40,,true,-124.966,-35.102,145.574,-37.101,-122.570,291.940,148.389,289.899,旧土地台帳附属地図,地図に準ずる図面,P-F,,,,,,
46201-3400-440.zip,119-42,,true,-414.882,-184.695,126.202,-188.637,-410.257,469.316,131.664,465.290,旧土地台帳附属地図,地図に準ずる図面,P-F,,,,,,
46201-3400-440.zip,119-43,,true,-124.143,-151.126,146.439,-152.656,-122.306,175.996,148.656,174.425,旧土地台帳附属地図,地図に準ずる図面,P-F,,,,,,
46201-3400-440.zip,119-44,,true,-184.383,-95.041,86.198,-96.825,-182.332,232.041,88.667,230.292,旧土地台帳附属地図,地図に準ずる図面,P-F,,,,,,
46201-3400-440.zip,119-94-2,,true,279.101,376.210,548.438,393.633,258.092,702.394,527.493,720.012,旧土地台帳附属地図,地図に準ずる図面,P-F,,,,,,
46201-3400-440.zip,119-95,,true,-13.898,286.849,527.260,282.925,-9.164,941.009,532.756,937.079,旧土地台帳附属地図,地図に準ずる図面,P-F,,,,,,
46201-3400-440.zip,119-97-2,,true,-110.793,351.217,159.055,354.028,-114.067,678.061,155.817,681.063,旧土地台帳附属地図,地図に準ずる図面,P-F,,,,,,
46201-3400-440.zip,119-98,,true,271.294,256.629,363.733,510.936,-36.027,368.284,56.435,622.988,旧土地台帳附属地図,地図に準ずる図面,P-F,,,,,,
46201-3400-440.zip,119-99,,true,-117.469,442.392,153.118,442.583,-117.718,769.367,153.250,769.672,旧土地台帳附属地図,地図に準ずる図面,P-F,,,,,,
46201-3400-440.zip,119-100,,true,-209.281,496.583,331.803,492.918,-204.943,1150.594,336.903,1146.999,旧土地台帳附属地図,地図に準ずる図面,P-F,,,,,,
46201-3400-440.zip,119-101,,true,-183.237,815.921,357.779,813.031,-179.929,1469.637,361.926,1467.050,旧土地台帳附属地図,地図に準ずる図面,P-F,,,,,,
46201-3400-440.zip,119-102,,true,96.977,802.281,367.592,799.905,99.767,1129.320,370.764,1127.056,旧土地台帳附属地図,地図に準ずる図面,P-F,,,,,,
46201-3400-440.zip,119-133,,true,192.120,1750.401,74.694,1506.622,486.650,1608.576,369.093,1364.438,旧土地台帳附属地図,地図に準ずる図面,P-F,,,,,,
46201-3400-441.zip,119-73,,true,-124.482,-150.837,146.096,-152.996,-121.914,176.204,149.083,174.041,旧土地台帳附属地図,地図に準ずる図面,P-F,,,,,,
46201-3400-441.zip,119-80,,true,-210.045,-41.889,60.540,-43.293,-208.451,285.162,62.555,283.829,旧土地台帳附属地図,地図に準ずる図面,P-F,,,,,,
46201-3400-441.zip,119-84,,true,-265.431,-101.475,275.741,-102.544,-264.284,552.473,277.879,551.705,旧土地台帳附属地図,地図に準ずる図面,P-F,,,,,,
46201-3400-441.zip,119-85,,true,-37.811,94.083,503.359,92.331,-35.881,748.029,506.052,746.580,旧土地台帳附属地図,地図に準ずる図面,P-F,,,,,,
46201-3400-441.zip,119-87,,true,-154.358,26.579,116.261,24.621,-152.100,353.547,118.901,351.776,旧土地台帳附属地図,地図に準ずる図面,P-F,,,,,,
46201-3400-441.zip,119-88,,true,-83.637,201.899,186.903,199.706,-81.085,528.941,189.914,526.860,旧土地台帳附属地図,地図に準ずる図面,P-F,,,,,,
46201-3400-441.zip,119-115,,true,44.429,469.857,315.014,468.830,45.627,796.906,316.631,795.955,旧土地台帳附属地図,地図に準ずる図面,P-F,,,,,,
46201-3400-441.zip,119-116,,true,-68.536,372.378,202.004,370.299,-66.097,699.496,204.863,697.451,旧土地台帳附属地図,地図に準ずる図面,P-F,,,,,,
46201-3400-441.zip,119-117,,true,248.391,271.790,519.014,270.950,249.345,598.877,520.349,598.074,旧土地台帳附属地図,地図に準ずる図面,P-F,,,,,,
46201-3400-441.zip,119-118,,true,410.190,288.742,680.811,287.452,411.708,615.828,682.711,614.574,旧土地台帳附属地図,地図に準ずる図面,P-F,,,,,,
46201-3400-441.zip,119-119,,true,422.962,402.631,693.548,401.488,424.371,729.720,695.300,728.577,旧土地台帳附属地図,地図に準ずる図面,P-F,,,,,,
46201-3400-441.zip,119-120,,true,292.082,482.536,562.630,481.779,292.971,809.585,563.900,808.904,旧土地台帳附属地図,地図に準ずる図面,P-F,,,,,,
46201-3400-441.zip,119-121,,true,295.603,382.619,566.143,380.495,298.068,709.660,569.028,707.610,旧土地台帳附属地図,地図に準ずる図面,P-F,,,,,,
46201-3400-442.zip,051-17121,,true,263.583,545.005,533.402,543.360,265.653,871.782,535.550,870.327,旧土地台帳附属地図,地図に準ずる図面,P-F,,,,,,
46201-3400-442.zip,051-17131,,true,-543.167,453.165,-273.654,463.502,-555.332,779.952,-285.627,790.257,旧土地台帳附属地図,地図に準ずる図面,P-F,,,,,,
46201-3400-442.zip,051-17132,,false,-619.259,497.283,-350.045,513.623,-638.776,823.827,-369.366,840.103,旧土地台帳附属地図,地図に準ずる図面,P-F,,,,,,
46201-3400-442.zip,051-171-4,,true,224.294,699.856,494.194,700.123,224.142,1026.755,494.080,1027.174,旧土地台帳附属地図,地図に準ずる図面,P-F,,,,,,
46201-3400-442.zip,051-171-5,,true,24.499,835.494,294.432,837.308,22.463,1162.349,292.471,1164.354,旧土地台帳附属地図,地図に準ずる図面,P-F,,,,,,
46201-3400-442.zip,051-171-6,,true,86.096,541.786,356.056,538.705,89.933,868.663,359.896,865.734,旧土地台帳附属地図,地図に準ずる図面,P-F,,,,,,
46201-3400-442.zip,051-17181,,true,-40.836,486.469,228.525,468.795,-19.218,812.615,250.192,795.090,旧土地台帳附属地図,地図に準ずる図面,P-F,,,,,,
46201-3400-442.zip,051-17182,,true,-5.936,352.634,264.009,356.813,-10.760,679.535,259.032,683.826,旧土地台帳附属地図,地図に準ずる図面,P-F,,,,,,
46201-3400-442.zip,051-171-9,,true,-195.206,461.101,74.555,450.307,-181.988,787.732,87.779,777.090,旧土地台帳附属地図,地図に準ずる図面,P-F,,,,,,
46201-3400-442.zip,051-171-11,,true,-444.037,304.238,-175.942,273.045,-406.091,628.814,-137.935,597.805,旧土地台帳附属地図,地図に準ずる図面,P-F,,,,,,
46201-3400-442.zip,051-171-12,,true,260.488,368.836,528.070,333.537,303.379,692.947,570.939,657.766,旧土地台帳附属地図,地図に準ずる図面,P-F,,,,,,
46201-3400-442.zip,051-17113B,,true,-250.278,1575.697,9.878,1503.969,-163.205,1890.787,96.981,1819.169,旧土地台帳附属地図,地図に準ずる図面,P-F,,,,,,
46201-3400-442.zip,051-171-14,,true,174.988,241.767,444.566,253.303,161.222,568.375,430.837,579.951,旧土地台帳附属地図,地図に準ずる図面,P-F,,,,,,
46201-3400-442.zip,051-17115A,,true,255.650,191.960,521.752,146.834,310.539,514.217,576.622,469.210,旧土地台帳附属地図,地図に準ずる図面,P-F,,,,,,
46201-3400-442.zip,051-171-16,,true,160.764,141.989,430.210,126.979,179.200,468.367,448.652,453.471,旧土地台帳附属地図,地図に準ずる図面,P-F,,,,,,
46201-3400-442.zip,051-171-17,,true,106.387,24.605,376.198,27.438,103.181,351.452,373.029,354.399,旧土地台帳附属地図,地図に準ずる図面,P-F,,,,,,
46201-3400-442.zip,051-171-18,,true,-81.225,208.212,184.993,164.007,-27.445,530.656,238.785,486.526,旧土地台帳附属地図,地図に準ずる図面,P-F,,,,,,
46201-3400-442.zip,051-171-19,,true,-242.116,334.020,26.279,362.135,-276.007,659.234,-7.578,687.390,旧土地台帳附属地図,地図に準ずる図面,P-F,,,,,,
46201-3400-442.zip,051-171-20,,true,-255.349,240.420,14.417,234.791,-248.415,567.284,21.429,561.768,旧土地台帳附属地図,地図に準ずる図面,P-F,,,,,,
46201-3400-442.zip,051-171-22,,true,-121.616,-152.971,148.315,-150.447,-124.565,173.880,145.442,176.596,旧土地台帳附属地図,地図に準ずる図面,P-F,,,,,,
46201-3400-442.zip,051-171-23,,true,39.553,-197.455,309.022,-181.507,20.414,128.847,289.953,144.913,旧土地台帳附属地図,地図に準ずる図面,P-F,,,,,,
46201-3400-442.zip,051-171-24,,true,2.187,-71.132,271.760,-84.629,18.666,255.361,288.359,241.972,旧土地台帳附属地図,地図に準ずる図面,P-F,,,,,,
46201-3400-442.zip,051-171-25,,true,-134.275,73.584,134.362,47.401,-102.420,398.899,166.347,372.856,旧土地台帳附属地図,地図に準ずる図面,P-F,,,,,,
46201-3400-442.zip,051-613,,true,-190.871,2199.458,2.137,2088.932,-51.882,2442.906,142.086,2332.263,旧土地台帳附属地図,地図に準ずる図面,P-F,,,,1981,10,8
46201-3400-442.zip,051-17122,,true,10.151,637.905,279.727,645.012,1.533,964.804,271.110,971.910,旧土地台帳附属地図,地図に準ずる図面,P-F,,,,,,
46201-3400-442.zip,051-17113A,,true,101.029,458.472,370.135,438.277,125.685,784.440,394.799,764.359,旧土地台帳附属地図,地図に準ずる図面,P-F,,,,,,
46201-3400-443.zip,1,500,false,-149428.767,-43719.522,-149228.768,-43719.522,-149428.770,-43469.520,-149228.772,-43469.521,その他,地図に準ずる図面,P-F,1995,6,1,1995,2,20
46201-3400-443.zip,2,500,false,-149628.760,-44219.522,-149428.763,-44219.522,-149628.760,-43969.524,-149428.763,-43969.523,その他,地図に準ずる図面,P-F,1995,6,1,1995,2,20
46201-3400-443.zip,3,500,false,-149628.760,-43969.524,-149428.763,-43969.523,-149628.765,-43719.522,-149428.767,-43719.522,その他,地図に準ずる図面,P-F,1995,6,1,1995,2,20
46201-3400-443.zip,4,500,false,-149628.765,-43719.522,-149428.767,-43719.522,-149628.769,-43469.520,-149428.770,-43469.520,その他,地図に準ずる図面,P-F,1995,6,1,1995,2,20
46201-3400-444.zip,072-1,,true,67.593,-1518.860,336.240,-1544.047,98.018,-1193.687,366.741,-1218.881,旧土地台帳附属地図,地図に準ずる図面,P-F,,,,,,
46201-3400-444.zip,072-2A,,true,-73.049,-1393.767,194.605,-1359.310,-114.803,-1069.737,152.965,-1035.265,旧土地台帳附属地図,地図に準ずる図面,P-F,,,,,,
46201-3400-444.zip,072-2B,,true,342.285,-1350.208,358.124,-1080.810,16.138,-1331.072,31.983,-1061.560,旧土地台帳附属地図,地図に準ずる図面,P-F,,,,,,
46201-3400-444.zip,072-3,,true,-38.009,-1589.447,231.386,-1605.328,-18.742,-1263.384,250.687,-1279.342,旧土地台帳附属地図,地図に準ずる図面,P-F,,,,,,
46201-3400-444.zip,072-4B,,true,-274.054,-1741.020,-4.950,-1760.729,-250.206,-1415.336,18.933,-1435.086,旧土地台帳附属地図,地図に準ずる図面,P-F,,,,,,
46201-3400-444.zip,072-5A,,true,-379.646,-1167.328,-158.199,-1321.624,-192.948,-899.267,28.562,-1053.607,旧土地台帳附属地図,地図に準ずる図面,P-F,,,,,,
46201-3400-444.zip,072-5B,,true,-215.835,-1377.409,5.612,-1531.705,-29.137,-1109.348,192.373,-1263.688,旧土地台帳附属地図,地図に準ずる図面,P-F,,,,,,
46201-3400-444.zip,072-9A,,true,-148.790,-747.776,-129.121,-478.668,-474.562,-724.054,-454.919,-454.791,旧土地台帳附属地図,地図に準ずる図面,P-F,,,,,,
46201-3400-444.zip,072-9B,,true,119.718,-670.723,139.387,-401.615,-206.054,-647.001,-186.411,-377.738,旧土地台帳附属地図,地図に準ずる図面,P-F,,,,,,
46201-3400-444.zip,072-10,,true,247.608,-335.467,63.791,-137.889,8.423,-557.963,-175.365,-360.305,旧土地台帳附属地図,地図に準ずる図面,P-F,,,,,,
46201-3400-444.zip,072-11,,true,-24.862,-290.588,239.542,-344.783,40.718,29.393,305.122,-24.802,旧土地台帳附属地図,地図に準ずる図面,P-F,,,,,,
46201-3400-444.zip,072-12,,true,-204.936,-198.328,61.332,-242.462,-151.444,123.934,114.812,79.724,旧土地台帳附属地図,地図に準ずる図面,P-F,,,,,,
46201-3400-444.zip,072-13,,true,-408.181,-109.194,-140.388,-143.162,-367.098,214.805,-99.263,180.870,旧土地台帳附属地図,地図に準ずる図面,P-F,,,,,,
46201-3400-444.zip,072-16B,,true,-700.718,142.468,-434.178,100.005,-649.247,465.097,-382.688,422.515,旧土地台帳附属地図,地図に準ずる図面,P-F,,,,,,
46201-3400-444.zip,072-17,,true,-750.075,107.849,-480.186,110.276,-753.058,434.467,-483.093,436.933,旧土地台帳附属地図,地図に準ずる図面,P-F,,,,,,
46201-3400-444.zip,072-18,,true,-1116.308,110.108,-848.323,78.331,-1077.886,434.510,-809.826,402.724,旧土地台帳附属地図,地図に準ずる図面,P-F,,,,,,
46201-3400-444.zip,072-23,,true,-288.123,50.283,-18.980,30.592,-264.336,376.009,4.883,356.312,旧土地台帳附属地図,地図に準ずる図面,P-F,,,,,,
46201-3400-444.zip,072-24,,true,183.177,222.064,288.454,470.588,-117.787,349.095,-12.580,597.359,旧土地台帳附属地図,地図に準ずる図面,P-F,,,,,,
46201-3400-444.zip,072-25,,true,310.481,406.657,579.747,424.600,288.279,732.612,557.205,750.494,旧土地台帳附属地図,地図に準ずる図面,P-F,,,,,,
46201-3400-444.zip,072-26,,true,168.501,283.737,435.489,244.194,215.974,606.979,482.650,567.406,旧土地台帳附属地図,地図に準ずる図面,P-F,,,,,,
46201-3400-444.zip,072-27,,true,72.084,115.032,341.402,132.778,50.196,440.971,319.248,458.701,旧土地台帳附属地図,地図に準ずる図面,P-F,,,,,,
46201-3400-444.zip,072-28,,true,-114.967,-27.321,154.374,-44.707,-94.342,298.699,174.619,281.339,旧土地台帳附属地図,地図に準ずる図面,P-F,,,,,,
46201-3400-444.zip,072-29,,true,-135.290,-140.508,133.574,-163.704,-107.683,184.995,160.878,161.827,旧土地台帳附属地図,地図に準ずる図面,P-F,,,,,,
46201-3400-444.zip,072-30,,true,41.003,-27.030,310.567,-40.517,56.875,299.255,326.135,285.784,旧土地台帳附属地図,地図に準ずる図面,P-F,,,,,,
46201-3400-444.zip,072-31,,true,609.486,218.077,681.503,478.153,294.533,304.790,366.468,564.573,旧土地台帳附属地図,地図に準ずる図面,P-F,,,,,,
46201-3400-444.zip,072-32,,true,512.486,34.774,599.211,290.321,202.921,139.329,289.559,394.503,旧土地台帳附属地図,地図に準ずる図面,P-F,,,,,,
46201-3400-444.zip,072-33,,true,370.582,-113.884,636.668,-159.331,425.142,208.199,690.815,162.824,旧土地台帳附属地図,地図に準ずる図面,P-F,,,,,,
46201-3400-444.zip,072-34,,true,301.959,-224.124,545.362,-340.660,442.640,70.743,685.614,-45.630,旧土地台帳附属地図,地図に準ずる図面,P-F,,,,,,
46201-3400-444.zip,072-35,,true,202.051,-184.748,471.197,-164.069,176.619,140.970,445.387,161.583,旧土地台帳附属地図,地図に準ずる図面,P-F,,,,,,
46201-3400-444.zip,072-36,,true,95.158,-416.749,362.372,-454.472,140.427,-93.191,407.366,-130.952,旧土地台帳附属地図,地図に準ずる図面,P-F,,,,,,
46201-3400-444.zip,072-37,,true,-14.943,-646.388,254.488,-661.640,3.118,-320.218,272.240,-335.529,旧土地台帳附属地図,地図に準ずる図面,P-F,,,,,,
46201-3400-444.zip,072-38,,true,-202.292,-806.663,66.141,-834.394,-169.095,-481.684,99.027,-509.460,旧土地台帳附属地図,地図に準ずる図面,P-F,,,,,,
46201-3400-444.zip,072-4A,,true,-222.734,-1755.095,46.637,-1770.729,-203.819,-1429.087,65.588,-1444.761,旧土地台帳附属地図,地図に準ずる図面,P-F,,,,,,
46201-3400-444.zip,072-8B,,true,-318.929,-1036.419,-49.582,-1053.699,-298.038,-710.456,-28.651,-727.701,旧土地台帳附属地図,地図に準ずる図面,P-F,,,,,,
46201-3400-444.zip,072-21,,true,-582.132,717.918,-737.563,497.358,-315.082,529.909,-470.515,309.212,旧土地台帳附属地図,地図に準ずる図面,P-F,,,,,,
46201-3400-444.zip,072-22,,true,-214.600,325.829,-90.126,565.270,-504.443,476.506,-379.901,715.997,旧土地台帳附属地図,地図に準ずる図面,P-F,,,,,,
46201-3400-444.zip,072-15,,true,-545.962,367.582,-765.963,211.294,-356.801,101.204,-576.909,-55.066,旧土地台帳附属地図,地図に準ずる図面,P-F,,,,,,
46201-3400-444.zip,072-20A,,true,-999.934,324.399,-731.410,351.248,-1032.413,649.488,-763.773,676.310,旧土地台帳附属地図,地図に準ずる図面,P-F,,,,,,
46201-3400-444.zip,072-20B,,true,-572.621,265.479,-499.402,525.218,-887.067,354.145,-813.780,613.984,旧土地台帳附属地図,地図に準ずる図面,P-F,,,,,,
46201-3400-444.zip,072-8A,,true,-190.739,-985.515,-188.380,-715.625,-517.358,-982.682,-515.037,-712.753,旧土地台帳附属地図,地図に準ずる図面,P-F,,,,,,
46201-3400-444.zip,072-14A,,true,-377.285,27.242,-612.512,-105.177,-217.078,-257.488,-452.409,-389.879,旧土地台帳附属地図,地図に準ずる図面,P-F,,,,,,
46201-3400-444.zip,072-14B,,true,-521.443,-186.711,-251.505,-186.558,-521.557,139.997,-251.543,140.073,旧土地台帳附属地図,地図に準ずる図面,P-F,,,,,,
46201-3400-444.zip,072-16A,,true,-554.056,217.453,-288.524,169.068,-495.488,538.867,-229.956,490.481,旧土地台帳附属地図,地図に準ずる図面,P-F,,,,,,
46201-3400-444.zip,072-7,600,true,-16.531,-1051.265,237.924,-961.384,-125.328,-743.325,129.127,-653.444,旧土地台帳附属地図,地図に準ずる図面,P-F,,,,,,
46201-3400-445.zip,031-43,600,false,18403.785,33688.388,18459.680,33410.918,18726.471,33741.663,18781.228,33477.410,旧土地台帳附属地図,地図に準ずる図面,P-F,,,,1969,12,10
46201-3400-445.zip,031-44,600,false,18442.658,34054.070,18709.345,34016.142,18493.765,34386.787,18760.570,34345.985,旧土地台帳附属地図,地図に準ずる図面,P-F,,,,1969,12,10
46201-3400-446.zip,072-66,,true,-501.943,-284.176,-231.824,-281.760,-505.344,42.704,-235.566,44.927,旧土地台帳附属地図,地図に準ずる図面,P-F,,,,,,
46201-3400-446.zip,072-67,,true,-657.952,-280.285,-387.863,-284.965,-652.663,46.875,-382.962,41.706,旧土地台帳附属地図,地図に準ずる図面,P-F,,,,,,
46201-3400-446.zip,072-68,,true,-802.264,-399.002,-532.306,-409.645,-789.818,-72.074,-520.219,-83.162,旧土地台帳附属地図,地図に準ずる図面,P-F,,,,,,
46201-3400-446.zip,072-69,,true,-825.034,-280.730,-554.928,-275.002,-832.534,46.045,-562.767,51.613,旧土地台帳附属地図,地図に準ずる図面,P-F,,,,,,
46201-3400-446.zip,072-70,,true,-895.514,-593.003,-625.796,-607.910,-877.864,-266.391,-608.547,-281.658,旧土地台帳附属地図,地図に準ずる図面,P-F,,,,,,
46201-3400-446.zip,072-71,,true,-794.869,-528.049,-526.998,-564.638,-750.546,-204.052,-483.049,-240.860,旧土地台帳附属地図,地図に準ずる図面,P-F,,,,,,
46201-3400-446.zip,072-72A,,true,-807.142,-736.760,-536.897,-727.647,-818.284,-410.240,-548.382,-401.140,旧土地台帳附属地図,地図に準ずる図面,P-F,,,,,,
46201-3400-446.zip,072-72B,,true,-688.427,-684.515,-418.182,-675.402,-699.569,-357.995,-429.667,-348.895,旧土地台帳附属地図,地図に準ずる図面,P-F,,,,,,
46201-3400-446.zip,072-73,,true,-537.457,-492.464,-267.201,-484.972,-546.656,-165.923,-276.707,-158.363,旧土地台帳附属地図,地図に準ずる図面,P-F,,,,,,
46201-3400-446.zip,072-74,,true,-497.901,-607.305,-227.603,-610.832,-493.760,-280.585,-223.767,-284.108,旧土地台帳附属地図,地図に準ずる図面,P-F,,,,,,
46201-3400-446.zip,072-75A,,true,-673.703,-620.328,-403.345,-621.319,-672.598,-293.621,-402.583,-294.611,旧土地台帳附属地図,地図に準ずる図面,P-F,,,,,,
46201-3400-446.zip,072-75B,,true,-734.284,-936.373,-463.926,-937.364,-733.179,-609.666,-463.164,-610.656,旧土地台帳附属地図,地図に準ずる図面,P-F,,,,,,
46201-3400-446.zip,072-64B,,true,-252.480,-452.246,15.553,-485.849,-212.472,-127.959,55.254,-161.563,旧土地台帳附属地図,地図に準ずる図面,P-F,,,,,,
46201-3400-446.zip,072-64A,,true,-366.985,-373.315,-96.857,-372.191,-368.989,-46.575,-99.164,-45.491,旧土地台帳附属地図,地図に準ずる図面,P-F,,,,,,
46201-3400-446.zip,072-65B,,true,-385.973,-414.684,-116.536,-394.825,-410.544,-88.749,-141.438,-69.067,旧土地台帳附属地図,地図に準ずる図面,P-F,,,,,,
46201-3400-446.zip,072-42A,,true,-790.535,937.495,-725.359,675.581,-473.646,1016.846,-408.589,755.256,旧土地台帳附属地図,地図に準ずる図面,P-F,,,,,,
46201-3400-446.zip,072-42B,,true,-774.390,772.613,-709.214,510.699,-457.501,851.964,-392.444,590.374,旧土地台帳附属地図,地図に準ずる図面,P-F,,,,,,
46201-3400-446.zip,072-43,,true,-766.351,458.599,-496.502,461.527,-770.280,785.325,-500.660,788.175,旧土地台帳附属地図,地図に準ずる図面,P-F,,,,,,
46201-3400-446.zip,072-44,,true,-632.364,555.215,-373.135,480.199,-541.973,869.174,-282.974,794.187,旧土地台帳附属地図,地図に準ずる図面,P-F,,,,,,
46201-3400-446.zip,072-45,,true,-507.958,640.734,-239.450,613.336,-475.192,965.798,-206.991,938.394,旧土地台帳附属地図,地図に準ずる図面,P-F,,,,,,
46201-3400-446.zip,072-46,,true,-431.204,704.834,-161.355,702.054,-428.306,1031.530,-158.801,1028.717,旧土地台帳附属地図,地図に準ずる図面,P-F,,,,,,
46201-3400-446.zip,072-48,,true,-456.424,297.499,-186.874,311.276,-473.542,623.760,-204.294,637.485,旧土地台帳附属地図,地図に準ずる図面,P-F,,,,,,
46201-3400-446.zip,072-49,,true,-647.212,427.679,-378.599,401.341,-615.700,752.867,-347.355,726.518,旧土地台帳附属地図,地図に準ずる図面,P-F,,,,,,
46201-3400-446.zip,072-50,,true,-656.608,201.099,-393.290,142.026,-585.492,519.973,-322.489,460.892,旧土地台帳附属地図,地図に準ずる図面,P-F,,,,,,
46201-3400-446.zip,072-51,,true,-613.818,12.013,-346.085,-23.602,-571.334,336.062,-303.881,300.369,旧土地台帳附属地図,地図に準ずる図面,P-F,,,,,,
46201-3400-446.zip,072-52,,true,-469.793,-38.247,-201.081,-63.150,-440.108,287.111,-171.745,262.165,旧土地台帳附属地図,地図に準ずる図面,P-F,,,,,,
46201-3400-446.zip,072-53-1,,true,-317.104,0.665,-55.512,-65.793,-237.072,317.421,24.205,250.965,旧土地台帳附属地図,地図に準ずる図面,P-F,,,,,,
46201-3400-446.zip,072-54A,,true,-235.625,187.140,33.847,202.386,-254.457,513.348,14.715,528.502,旧土地台帳附属地図,地図に準ずる図面,P-F,,,,,,
46201-3400-446.zip,072-54B,,true,-336.449,-58.952,-66.977,-43.706,-355.281,267.256,-86.109,282.410,旧土地台帳附属地図,地図に準ずる図面,P-F,,,,,,
46201-3400-446.zip,072-55,,true,-423.854,149.345,-153.807,142.650,-416.343,476.005,-146.602,469.279,旧土地台帳附属地図,地図に準ずる図面,P-F,,,,,,
46201-3400-446.zip,072-56,,true,-266.492,243.790,3.155,255.483,-281.043,570.137,-11.738,581.816,旧土地台帳附属地図,地図に準ずる図面,P-F,,,,,,
46201-3400-446.zip,072-57,,true,-64.752,285.177,205.035,299.502,-82.568,611.704,186.894,625.706,旧土地台帳附属地図,地図に準ずる図面,P-F,,,,,,
46201-3400-446.zip,072-58,,true,126.359,475.465,224.336,727.200,-178.596,593.741,-80.388,845.019,旧土地台帳附属地図,地図に準ずる図面,P-F,,,,,,
46201-3400-446.zip,072-59A,,true,214.142,231.696,65.789,457.487,-58.601,51.770,-206.734,277.296,旧土地台帳附属地図,地図に準ずる図面,P-F,,,,,,
46201-3400-446.zip,072-59B,,true,-151.365,-66.383,118.782,-69.714,-147.941,260.345,121.862,256.979,旧土地台帳附属地図,地図に準ずる図面,P-F,,,,,,
46201-3400-446.zip,072-60,,true,359.873,141.813,203.000,361.724,93.865,-48.455,-62.507,171.347,旧土地台帳附属地図,地図に準ずる図面,P-F,,,,,,
46201-3400-446.zip,072-39,,true,-771.218,224.540,-508.914,161.115,-694.856,542.161,-432.848,478.808,旧土地台帳附属地図,地図に準ずる図面,P-F,,,,,,
46201-3400-446.zip,072-40,,true,-924.795,153.716,-674.000,54.078,-804.623,457.520,-554.112,357.994,旧土地台帳附属地図,地図に準ずる図面,P-F,,,,,,
46201-3400-446.zip,072-41A,,true,-763.381,165.462,-507.899,78.537,-658.544,474.897,-403.363,388.035,旧土地台帳附属地図,地図に準ずる図面,P-F,,,,,,
46201-3400-446.zip,072-41B,,true,-749.676,267.338,-494.194,180.413,-644.839,576.773,-389.658,489.911,旧土地台帳附属地図,地図に準ずる図面,P-F,,,,,,
46201-3400-446.zip,072-61A,,true,180.983,-73.506,102.551,184.986,-131.892,-168.879,-209.871,89.433,旧土地台帳附属地図,地図に準ずる図面,P-F,,,,,,
46201-3400-446.zip,072-61B,,true,-137.809,-226.596,131.210,-202.136,-167.846,99.111,100.905,123.163,旧土地台帳附属地図,地図に準ずる図面,P-F,,,,,,
46201-3400-446.zip,072-47,,true,26.277,705.091,79.703,969.729,-293.917,769.620,-240.626,1033.975,旧土地台帳附属地図,地図に準ずる図面,P-F,,,,,,
46201-3400-446.zip,072-62,,true,195.569,-223.566,164.731,44.836,-129.295,-261.318,-159.749,6.745,旧土地台帳附属地図,地図に準ずる図面,P-F,,,,,,
46201-3400-446.zip,072-63,,true,-247.336,-247.834,22.599,-237.570,-260.130,79.080,9.518,88.875,旧土地台帳附属地図,地図に準ずる図面,P-F,,,,,,
46201-3400-446.zip,072-65A,,true,-547.038,-380.967,-277.601,-361.108,-571.609,-55.032,-302.503,-35.350,旧土地台帳附属地図,地図に準ずる図面,P-F,,,,,,
46201-3400-448.zip,110-245,1000,false,28846.768,8763.128,29292.044,8699.249,28922.784,9296.603,29368.321,9232.750,旧土地台帳附属地図,地図に準ずる図面,P-F,,,,,,
46201-3400-448.zip,110-243,1000,false,28923.953,9287.534,29371.503,9242.257,28977.557,9823.597,29424.830,9778.731,旧土地台帳附属地図,地図に準ずる図面,P-F,,,,,,
46201-3400-448.zip,110-247,1000,false,27851.331,9695.959,28287.642,9587.469,27980.946,10218.885,28417.227,10110.272,旧土地台帳附属地図,地図に準ずる図面,P-F,,,,,,
46201-3400-448.zip,110-248,1000,false,28047.779,8727.597,28497.454,8722.254,28053.531,9266.109,28503.339,9261.336,旧土地台帳附属地図,地図に準ずる図面,P-F,,,,,,
46201-3400-449.zip,078-513,,true,358.372,-484.994,628.574,-483.160,355.816,-158.138,626.513,-156.303,旧土地台帳附属地図,地図に準ずる図面,P-F,,,,,,
46201-3400-449.zip,078-514,,true,448.365,-197.265,718.573,-192.871,442.939,129.436,713.299,133.832,旧土地台帳附属地図,地図に準ずる図面,P-F,,,,,,
46201-3400-449.zip,078-515,,true,385.086,-82.052,655.237,-79.040,381.096,244.783,651.704,247.801,旧土地台帳附属地図,地図に準ずる図面,P-F,,,,,,
46201-3400-449.zip,078-516,,true,406.508,65.891,676.666,68.562,403.285,392.665,673.671,395.377,旧土地台帳附属地図,地図に準ずる図面,P-F,,,,,,
46201-3400-449.zip,078-517,,true,384.538,185.884,654.695,188.259,381.258,512.651,651.909,515.145,旧土地台帳附属地図,地図に準ずる図面,P-F,,,,,,
46201-3400-449.zip,078-518,,true,299.313,87.391,569.513,89.415,296.779,414.168,567.131,416.193,旧土地台帳附属地図,地図に準ずる図面,P-F,,,,,,
46201-3400-449.zip,078-519,,true,261.638,200.242,531.835,202.498,258.668,527.164,529.284,529.386,旧土地台帳附属地図,地図に準ずる図面,P-F,,,,,,
46201-3400-449.zip,078-520A,,true,17.934,167.536,288.130,170.495,14.367,494.309,284.754,497.233,旧土地台帳附属地図,地図に準ずる図面,P-F,,,,,,
46201-3400-449.zip,078-521A,,true,310.762,-229.303,580.872,-225.968,306.413,97.529,577.056,100.873,旧土地台帳附属地図,地図に準ずる図面,P-F,,,,,,
46201-3400-449.zip,078-521B,,true,250.535,-385.884,520.645,-382.549,246.186,-59.052,516.829,-55.708,旧土地台帳附属地図,地図に準ずる図面,P-F,,,,,,
46201-3400-449.zip,078-522,,true,169.181,-457.595,439.400,-456.707,168.119,-130.795,438.567,-129.942,旧土地台帳附属地図,地図に準ずる図面,P-F,,,,,,
46201-3400-449.zip,078-523A,,true,64.793,-525.220,334.943,-522.194,60.863,-198.307,331.510,-195.390,旧土地台帳附属地図,地図に準ずる図面,P-F,,,,,,
46201-3400-449.zip,078-523B,,true,95.133,-353.427,365.283,-350.401,91.203,-26.514,361.850,-23.597,旧土地台帳附属地図,地図に準ずる図面,P-F,,,,,,
46201-3400-449.zip,078-524A,,true,-72.764,-246.307,197.461,-245.426,-73.815,80.463,196.602,81.309,旧土地台帳附属地図,地図に準ずる図面,P-F,,,,,,
46201-3400-449.zip,078-524B,,true,-80.097,-485.256,190.128,-484.375,-81.148,-158.486,189.269,-157.640,旧土地台帳附属地図,地図に準ずる図面,P-F,,,,,,
46201-3400-449.zip,078-529,,true,-120.818,-153.558,149.433,-149.343,-125.916,173.151,144.449,177.368,旧土地台帳附属地図,地図に準ずる図面,P-F,,,,,,
46201-3400-449.zip,078-509-2,500,false,218.415,-685.114,418.230,-685.020,218.289,-435.290,418.199,-435.258,その他,地図に準ずる図面,P-F,,,,1991,11,5
46201-3400-449.zip,078-252,1000,false,-45.135,-251.291,387.548,-373.389,103.136,272.645,535.645,150.399,その他,地図に準ずる図面,P-F,,,,,,
46201-3400-449.zip,078-511,,true,387.313,-569.116,657.515,-567.628,385.186,-242.263,655.921,-240.770,旧土地台帳附属地図,地図に準ずる図面,P-F,,,,,,
46201-3400-449.zip,078-512A,,true,487.080,-367.505,757.277,-365.361,484.411,-40.809,754.798,-38.548,旧土地台帳附属地図,地図に準ずる図面,P-F,,,,,,
46201-3400-449.zip,078-512B,,true,496.780,-375.390,766.977,-373.246,494.111,-48.694,764.498,-46.433,旧土地台帳附属地図,地図に準ずる図面,P-F,,,,,,
46201-3400-45.zip,092-245,,false,1395.341,406.914,1185.257,237.788,1600.015,152.291,1389.893,-16.644,旧土地台帳附属地図,地図に準ずる図面,P-F,,,,,,
46201-3400-45.zip,092-246,,false,1001.026,339.690,1038.288,72.570,1324.839,385.143,1361.986,117.795,旧土地台帳附属地図,地図に準ずる図面,P-F,,,,,,
46201-3400-45.zip,092-247,,false,1039.087,359.727,769.834,374.510,1021.066,33.591,751.774,48.488,旧土地台帳附属地図,地図に準ずる図面,P-F,,,,,,
46201-3400-45.zip,092-248,,false,629.447,70.578,897.824,97.972,595.957,395.838,864.486,423.156,旧土地台帳附属地図,地図に準ずる図面,P-F,,,,,,
46201-3400-45.zip,092-249,,false,648.860,133.777,627.029,402.573,323.295,107.488,301.654,376.322,旧土地台帳附属地図,地図に準ずる図面,P-F,,,,,,
46201-3400-45.zip,092-250,,false,364.451,355.431,101.332,414.143,293.242,36.686,30.085,95.474,旧土地台帳附属地図,地図に準ずる図面,P-F,,,,,,
46201-3400-45.zip,092-251,,false,1271.719,456.830,1541.391,451.915,1277.548,783.881,1547.373,778.662,旧土地台帳附属地図,地図に準ずる図面,P-F,,,,,,
46201-3400-45.zip,092-252,,false,983.039,658.642,1090.938,411.563,1282.429,789.287,1390.252,542.132,旧土地台帳附属地図,地図に準ずる図面,P-F,,,,,,
46201-3400-45.zip,092-253,,false,751.267,531.565,987.069,400.768,909.802,817.621,1145.603,686.518,旧土地台帳附属地図,地図に準ずる図面,P-F,,,,,,
46201-3400-45.zip,092-254,,false,544.378,563.642,788.828,450.066,682.148,859.909,926.598,746.066,旧土地台帳附属地図,地図に準ずる図面,P-F,,,,,,
46201-3400-45.zip,092-255,,false,346.585,533.523,610.504,477.669,414.289,853.526,678.170,797.328,旧土地台帳附属地図,地図に準ずる図面,P-F,,,,,,
46201-3400-45.zip,092-256,,false,392.770,541.889,397.876,811.485,66.176,548.137,71.396,817.733,旧土地台帳附属地図,地図に準ずる図面,P-F,,,,,,
46201-3400-45.zip,092-257,,false,1218.239,892.045,1477.967,819.617,1305.945,1207.133,1565.788,1134.438,旧土地台帳附属地図,地図に準ずる図面,P-F,,,,,,
46201-3400-45.zip,092-258,,false,1192.655,832.038,1363.077,1040.903,939.594,1038.655,1110.245,1247.481,旧土地台帳附属地図,地図に準ずる図面,P-F,,,,,,
46201-3400-45.zip,092-259,,false,732.752,1087.254,795.922,825.087,1050.735,1163.949,1113.638,901.478,旧土地台帳附属地図,地図に準ずる図面,P-F,,,,,,
46201-3400-45.zip,092-260,,false,530.258,868.011,799.892,863.211,536.240,1194.643,805.950,1189.690,旧土地台帳附属地図,地図に準ずる図面,P-F,,,,,,
46201-3400-45.zip,092-261,,false,468.396,1219.890,235.490,1083.949,633.331,937.454,400.196,801.704,旧土地台帳附属地図,地図に準ずる図面,P-F,,,,,,
46201-3400-45.zip,092-263,,false,173.097,849.956,404.060,989.098,4.238,1130.068,235.505,1269.134,旧土地台帳附属地図,地図に準ずる図面,P-F,,,,,,
46201-3400-45.zip,092-265,,false,933.488,1538.718,953.834,1269.770,1259.587,1563.521,1279.628,1294.383,旧土地台帳附属地図,地図に準ずる図面,P-F,,,,,,
46201-3400-45.zip,092-266,,false,958.258,1590.302,689.995,1562.565,991.633,1265.270,723.371,1237.838,旧土地台帳附属地図,地図に準ずる図面,P-F,,,,,,
46201-3400-45.zip,092-268,,false,542.622,1249.006,805.055,1310.957,467.641,1566.951,730.189,1628.788,旧土地台帳附属地図,地図に準ずる図面,P-F,,,,,,
46201-3400-45.zip,092-269,,false,280.436,1395.542,479.890,1214.109,500.388,1637.553,699.842,1455.816,旧土地台帳附属地図,地図に準ずる図面,P-F,,,,,,
46201-3400-45.zip,092-270,,false,29.851,1480.060,142.284,1234.962,326.841,1616.153,439.084,1370.865,旧土地台帳附属地図,地図に準ずる図面,P-F,,,,,,
46201-3400-45.zip,092-271,,false,1472.335,2042.293,1202.662,2046.103,1467.877,1715.242,1198.090,1719.319,旧土地台帳附属地図,地図に準ずる図面,P-F,,,,,,
46201-3400-45.zip,092-262,,false,885.353,1951.408,955.648,1691.108,1200.784,2036.561,1270.964,1776.147,旧土地台帳附属地図,地図に準ずる図面,P-F,,,,,,
46201-3400-45.zip,092-267,,false,622.337,1830.972,807.351,1634.909,859.929,2055.610,1045.058,1859.242,旧土地台帳附属地図,地図に準ずる図面,P-F,,,,,,
46201-3400-45.zip,092-264,,true,1526.965,1298.970,1532.757,1568.605,1200.372,1306.171,1206.277,1575.805,旧土地台帳附属地図,地図に準ずる図面,P-F,,,,,,
46201-3400-450.zip,078-502,,true,-207.013,750.144,63.195,751.186,-208.503,1077.043,62.164,1077.938,旧土地台帳附属地図,地図に準ずる図面,P-F,,,,,,
46201-3400-450.zip,078-503,,true,-328.377,919.050,-58.172,919.050,-328.339,1245.910,-57.943,1245.796,旧土地台帳附属地図,地図に準ずる図面,P-F,,,,,,
46201-3400-450.zip,078-504,,true,-187.648,929.526,82.634,930.440,-189.058,1256.310,81.681,1257.262,旧土地台帳附属地図,地図に準ずる図面,P-F,,,,,,
46201-3400-450.zip,078-525-1,,true,-190.513,1381.239,79.648,1383.063,-193.014,1708.089,77.604,1709.878,旧土地台帳附属地図,地図に準ずる図面,P-F,,,,,,
46201-3400-450.zip,078-525-2,1000,false,481.996,1371.395,480.587,1820.783,-62.579,1370.122,-63.734,1819.447,その他,地図に準ずる図面,P-F,,,,,,
46201-3400-450.zip,078-525-3,,true,443.879,1441.761,445.994,1891.209,-100.625,1444.731,-98.321,1894.051,旧土地台帳附属地図,地図に準ずる図面,P-F,,,,,,
46201-3400-450.zip,078-525-4,1000,false,331.922,1640.020,463.020,2069.928,-188.747,1799.168,-57.645,2228.876,その他,地図に準ずる図面,P-F,,,,,,
46201-3400-450.zip,078-526A,,true,-342.581,1133.168,-72.377,1134.206,-344.073,1460.024,-73.374,1460.950,旧土地台帳附属地図,地図に準ずる図面,P-F,,,,,,
46201-3400-450.zip,078-526B,,true,-220.186,1162.166,50.018,1163.204,-221.678,1489.022,49.021,1489.948,旧土地台帳附属地図,地図に準ずる図面,P-F,,,,,,
46201-3400-450.zip,078-527A,,true,384.710,1034.935,654.907,1037.153,381.854,1361.897,652.509,1363.967,旧土地台帳附属地図,地図に準ずる図面,P-F,,,,,,
46201-3400-450.zip,078-527B,,true,-355.399,1223.428,-85.202,1225.646,-358.255,1550.390,-87.600,1552.460,旧土地台帳附属地図,地図に準ずる図面,P-F,,,,,,
46201-3400-450.zip,078-530,,true,-454.107,1112.483,-183.835,1114.790,-457.211,1439.330,-186.482,1441.640,旧土地台帳附属地図,地図に準ずる図面,P-F,,,,,,
46201-3400-450.zip,078-531,,true,-452.923,916.255,-182.759,917.676,-454.643,1243.034,-184.252,1244.533,旧土地台帳附属地図,地図に準ずる図面,P-F,,,,,,
46201-3400-450.zip,078-532,,true,-478.717,738.567,-208.529,741.592,-482.677,1065.442,-211.994,1068.472,旧土地台帳附属地図,地図に準ずる図面,P-F,,,,,,
46201-3400-450.zip,078-492,,true,-119.755,-154.391,150.330,-148.351,-127.132,172.307,143.187,178.243,旧土地台帳附属地図,地図に準ずる図面,P-F,,,,,,
46201-3400-450.zip,078-493,,true,-117.298,20.304,152.944,21.997,-119.666,347.159,151.073,348.782,旧土地台帳附属地図,地図に準ずる図面,P-F,,,,,,
46201-3400-450.zip,078-494,,true,-67.774,211.739,202.433,211.808,-67.837,538.563,202.484,538.633,旧土地台帳附属地図,地図に準ずる図面,P-F,,,,,,
46201-3400-450.zip,078-495,,true,-270.965,243.524,-0.759,244.552,-272.565,570.384,-1.826,571.450,旧土地台帳附属地図,地図に準ずる図面,P-F,,,,,,
46201-3400-450.zip,078-496,,true,-212.343,481.580,57.823,482.237,-213.226,808.400,57.169,809.059,旧土地台帳附属地図,地図に準ずる図面,P-F,,,,,,
46201-3400-450.zip,078-498,,true,-52.200,484.647,218.027,487.649,-56.072,811.523,214.613,814.453,旧土地台帳附属地図,地図に準ずる図面,P-F,,,,,,
46201-3400-450.zip,078-499,,true,-36.501,684.901,233.705,685.587,-37.339,1011.685,233.057,1012.333,旧土地台帳附属地図,地図に準ずる図面,P-F,,,,,,
46201-3400-450.zip,078-501,,true,-366.597,735.424,-96.355,736.693,-368.123,1062.206,-97.729,1063.399,旧土地台帳附属地図,地図に準ずる図面,P-F,,,,,,
46201-3400-451.zip,134-1212,500,false,-615.877,727.339,-477.010,904.790,-828.344,894.462,-689.949,1071.516,土地区画整理所在図,地図に準ずる図面,P-F,,,,,,
46201-3400-451.zip,134-60,500,false,-764.418,944.917,-542.184,909.059,-720.850,1214.115,-498.553,1178.053,土地区画整理所在図,地図に準ずる図面,P-F,,,,,,
46201-3400-451.zip,134-1213,500,false,-446.426,817.508,-305.949,993.086,-658.754,983.990,-518.585,1159.892,土地区画整理所在図,地図に準ずる図面,P-F,,,,,,
46201-3400-451.zip,134-1214,500,false,-343.141,650.785,-202.561,826.401,-555.629,817.578,-415.447,993.305,土地区画整理所在図,地図に準ずる図面,P-F,,,,,,
46201-3400-451.zip,134-1215,500,false,-428.027,578.518,-288.177,754.726,-641.072,744.697,-501.314,920.942,土地区画整理所在図,地図に準ずる図面,P-F,,,,,,
46201-3400-451.zip,134-1216,500,false,-431.327,369.627,-239.986,487.074,-574.880,598.269,-383.706,715.985,土地区画整理所在図,地図に準ずる図面,P-F,,,,,,
46201-3400-451.zip,134-1217,500,false,-232.024,241.586,-13.852,296.026,-299.424,503.237,-81.394,557.838,土地区画整理所在図,地図に準ずる図面,P-F,,,,,,
46201-3400-451.zip,134-1218,500,false,-348.327,187.267,-130.540,242.954,-417.613,448.457,-199.720,504.370,土地区画整理所在図,地図に準ずる図面,P-F,,,,,,
46201-3400-451.zip,134-1219,500,false,-281.638,-5.163,-63.605,48.934,-349.063,256.183,-131.093,310.530,土地区画整理所在図,地図に準ずる図面,P-F,,,,,,
46201-3400-451.zip,134-1220,500,false,-90.993,36.297,127.255,93.130,-158.486,298.159,59.247,354.828,土地区画整理所在図,地図に準ずる図面,P-F,,,,,,
46201-3400-451.zip,134-1221,500,false,-215.283,-185.372,3.247,-129.408,-281.581,76.789,-63.626,132.704,土地区画整理所在図,地図に準ずる図面,P-F,,,,,,
46201-3400-451.zip,134-1222,500,false,-75.010,-157.891,142.949,-103.392,-142.949,103.392,74.801,158.066,土地区画整理所在図,地図に準ずる図面,P-F,,,,,,
46201-3400-452.zip,142-212,600,false,12983.367,29413.514,13116.853,29179.111,13263.945,29573.628,13397.725,29339.480,旧土地台帳附属地図,地図に準ずる図面,P-F,,,,,,
46201-3400-452.zip,142-216,500,false,12510.455,29504.961,12498.849,29283.714,12780.099,29490.463,12768.074,29269.716,旧土地台帳附属地図,地図に準ずる図面,P-F,,,,,,
46201-3400-452.zip,142-213,600,false,12971.463,30027.799,13129.641,29809.527,13232.801,30217.644,13391.513,29999.480,旧土地台帳附属地図,地図に準ずる図面,P-F,,,,,,
46201-3400-452.zip,142-217,500,false,12421.491,29975.537,12528.555,29776.222,12659.873,30102.660,12765.923,29903.559,旧土地台帳附属地図,地図に準ずる図面,P-F,,,,,,
46201-3400-452.zip,142-214,600,false,12959.197,30659.990,13079.919,30419.101,13247.922,30804.991,13369.001,30564.156,旧土地台帳附属地図,地図に準ずる図面,P-F,,,,,,
46201-3400-452.zip,142-218,500,false,12447.161,30674.323,12507.514,30455.940,12707.112,30746.128,12767.267,30528.217,旧土地台帳附属地図,地図に準ずる図面,P-F,,,,,,
46201-3400-452.zip,142-215,500,false,13003.648,31133.711,13203.756,31027.800,13131.872,31368.782,13329.605,31265.780,旧土地台帳附属地図,地図に準ずる図面,P-F,,,,,,
46201-3400-452.zip,142-219,500,false,12464.529,31269.554,12547.912,31058.883,12716.153,31368.960,12798.917,31158.723,旧土地台帳附属地図,地図に準ずる図面,P-F,,,,,,
46201-3400-453.zip,144-229,600,false,7000.767,31846.263,7106.735,31597.952,7298.182,31973.159,7404.235,31724.843,旧土地台帳附属地図,地図に準ずる図面,P-F,,,,,,
46201-3400-453.zip,144-230,600,false,7016.769,32479.030,7091.375,32220.081,7327.252,32568.808,7402.300,32309.432,旧土地台帳附属地図,地図に準ずる図面,P-F,,,,,,
46201-3400-453.zip,144-231,600,false,7012.556,33083.388,7100.408,32828.710,7317.880,33188.807,7406.032,32934.193,旧土地台帳附属地図,地図に準ずる図面,P-F,,,,,,
46201-3400-453.zip,144-232,600,false,6422.947,31858.522,6518.348,31606.615,6724.907,31973.440,6821.209,31721.306,旧土地台帳附属地図,地図に準ずる図面,P-F,,,,,,
46201-3400-453.zip,144-233,600,false,6418.146,32443.850,6510.567,32190.388,6722.719,32554.250,6814.602,32300.593,旧土地台帳附属地図,地図に準ずる図面,P-F,,,,,,
46201-3400-453.zip,144-234,600,false,6413.038,33071.026,6485.309,32810.657,6724.988,33157.205,6797.290,32897.558,旧土地台帳附属地図,地図に準ずる図面,P-F,,,,,,
46201-3400-454.zip,145-235,500,false,2823.739,30602.756,2926.412,30406.504,3063.353,30727.952,3167.819,30527.443,旧土地台帳附属地図,地図に準ずる図面,P-F,,,,,,
46201-3400-454.zip,145-240,600,false,2211.029,30664.687,2291.216,30407.049,2519.545,30760.768,2600.199,30502.919,旧土地台帳附属地図,地図に準ずる図面,P-F,,,,,,
46201-3400-454.zip,145-236,500,false,2836.523,31267.187,2884.318,31045.737,3100.216,31323.952,3147.737,31102.992,旧土地台帳附属地図,地図に準ずる図面,P-F,,,,,,
46201-3400-454.zip,145-237,500,false,2833.335,31871.181,2914.626,31659.656,3085.060,31968.063,3166.489,31756.968,旧土地台帳附属地図,地図に準ずる図面,P-F,,,,,,
46201-3400-454.zip,145-238,500,false,2810.353,32463.457,2894.461,32252.977,3061.009,32563.304,3144.492,32353.532,旧土地台帳附属地図,地図に準ずる図面,P-F,,,,,,
46201-3400-454.zip,145-239,500,false,2817.579,33057.920,2919.451,32855.683,3058.665,33179.776,3160.389,32978.176,旧土地台帳附属地図,地図に準ずる図面,P-F,,,,,,
46201-3400-454.zip,145-241,1200,false,1700.670,31631.237,1895.496,31127.821,2303.897,31864.792,2499.714,31362.410,旧土地台帳附属地図,地図に準ずる図面,P-F,,,,,,
46201-3400-454.zip,145-242,600,false,2246.466,32490.805,2326.265,32233.446,2554.705,32586.744,2634.984,32329.257,旧土地台帳附属地図,地図に準ずる図面,P-F,,,,,,
46201-3400-455.zip,070-981,,true,-235.109,725.423,-106.671,601.899,-60.168,906.323,68.279,781.991,旧土地台帳附属地図,地図に準ずる図面,P-F,,,,,,
46201-3400-455.zip,070-982,,true,-92.739,1216.311,49.140,1324.254,-244.527,1416.938,-101.953,1524.782,旧土地台帳附属地図,地図に準ずる図面,P-F,,,,,,
46201-3400-455.zip,070-983,,true,-176.833,1839.442,1.361,1840.661,-177.862,2091.017,0.865,2091.665,旧土地台帳附属地図,地図に準ずる図面,P-F,,,,,,
46201-3400-455.zip,070-984,,true,-145.064,2423.680,26.930,2470.286,-210.235,2666.630,-37.607,2712.930,旧土地台帳附属地図,地図に準ずる図面,P-F,,,,,,
46201-3400-455.zip,070-985,,true,-580.159,86.195,-594.702,263.799,-830.990,66.351,-845.006,244.568,旧土地台帳附属地図,地図に準ずる図面,P-F,,,,,,
46201-3400-455.zip,070-986,,true,-828.034,805.589,-790.428,631.366,-582.028,858.054,-544.767,683.252,旧土地台帳附属地図,地図に準ずる図面,P-F,,,,,,
46201-3400-455.zip,070-987,,true,-838.078,1352.388,-736.194,1206.095,-631.218,1495.565,-529.461,1348.584,旧土地台帳附属地図,地図に準ずる図面,P-F,,,,,,
46201-3400-455.zip,070-988,,true,-702.137,1816.154,-553.276,1914.108,-839.893,2026.664,-690.315,2124.492,旧土地台帳附属地図,地図に準ずる図面,P-F,,,,,,
46201-3400-455.zip,070-989,,true,-719.655,2417.555,-559.549,2495.788,-829.513,2643.836,-668.676,2721.870,旧土地台帳附属地図,地図に準ずる図面,P-F,,,,,,
46201-3400-455.zip,070-990,,true,-1453.127,122.714,-1321.775,2.977,-1283.604,308.544,-1151.981,188.198,旧土地台帳附属地図,地図に準ずる図面,P-F,,,,,,
46201-3400-455.zip,070-991,,true,-1321.388,617.687,-1172.669,714.808,-1458.833,828.351,-1309.458,925.582,旧土地台帳附属地図,地図に準ずる図面,P-F,,,,,,
46201-3400-455.zip,070-992,,true,-1244.084,1470.250,-1421.653,1467.958,-1240.855,1218.810,-1419.152,1216.776,旧土地台帳附属地図,地図に準ずる図面,P-F,,,,,,
46201-3400-455.zip,070-993,,true,-1263.747,2080.787,-1438.714,2049.746,-1219.578,1833.274,-1395.189,1802.157,旧土地台帳附属地図,地図に準ずる図面,P-F,,,,,,
46201-3400-455.zip,070-994,,true,-1456.179,2541.293,-1342.503,2404.761,-1262.927,2702.125,-1149.007,2565.003,旧土地台帳附属地図,地図に準ずる図面,P-F,,,,,,
46201-3400-455.zip,070-995,,true,-2054.142,127.384,-1927.115,3.122,-1878.208,307.102,-1750.878,182.278,旧土地台帳附属地図,地図に準ずる図面,P-F,,,,,,
46201-3400-455.zip,070-996,,true,-2046.375,702.415,-1898.064,604.395,-1907.750,912.260,-1758.930,813.766,旧土地台帳附属地図,地図に準ずる図面,P-F,,,,,,
46201-3400-455.zip,070-997,,true,-1917.959,1217.732,-1771.709,1318.532,-2060.619,1424.716,-1913.665,1525.770,旧土地台帳附属地図,地図に準ずる図面,P-F,,,,,,
46201-3400-455.zip,070-998,,true,-1962.432,2085.831,-2071.294,1945.479,-1763.738,1931.650,-1873.231,1790.919,旧土地台帳附属地図,地図に準ずる図面,P-F,,,,,,
46201-3400-455.zip,070-999,,true,-2045.490,2500.440,-1895.884,2404.692,-1910.030,2712.296,-1759.928,2616.050,旧土地台帳附属地図,地図に準ずる図面,P-F,,,,,,
46201-3400-455.zip,070-1000,,true,-2629.705,237.093,-2638.010,59.626,-2378.508,225.575,-2386.999,47.393,旧土地台帳附属地図,地図に準ずる図面,P-F,,,,,,
46201-3400-455.zip,070-1001,,true,-2598.231,642.523,-2420.636,639.349,-2593.720,894.019,-2415.407,890.565,旧土地台帳附属地図,地図に準ずる図面,P-F,,,,,,
46201-3400-455.zip,070-1002,,true,-2459.109,1478.736,-2635.080,1454.022,-2424.168,1229.792,-2600.727,1205.149,旧土地台帳附属地図,地図に準ずる図面,P-F,,,,,,
46201-3400-455.zip,070-1003,,true,-2594.660,1840.134,-2417.091,1842.510,-2597.993,2091.610,-2419.735,2093.729,旧土地台帳附属地図,地図に準ずる図面,P-F,,,,,,
46201-3400-455.zip,070-1004,,true,-2655.191,2534.376,-2534.799,2403.727,-2470.555,2704.861,-2349.782,2573.631,旧土地台帳附属地図,地図に準ずる図面,P-F,,,,,,
46201-3400-455.zip,070-1005,,true,-230.249,236.603,-237.402,59.086,21.042,226.424,13.597,48.271,旧土地台帳附属地図,地図に準ずる図面,P-F,,,,,,
46201-3400-456.zip,092-177,,false,1690.648,359.871,1422.194,384.865,1660.320,34.611,1391.829,59.719,旧土地台帳附属地図,地図に準ずる図面,P-F,,,,,,
46201-3400-456.zip,092-178,,false,1190.124,82.810,1449.128,7.906,1280.916,397.060,1540.035,321.812,旧土地台帳附属地図,地図に準ずる図面,P-F,,,,,,
46201-3400-456.zip,092-183,,false,1261.740,377.622,992.334,389.699,1246.957,51.295,977.551,63.487,旧土地台帳附属地図,地図に準ずる図面,P-F,,,,,,
46201-3400-456.zip,092-184,,false,1049.017,350.271,783.269,396.563,993.124,28.059,727.338,74.503,旧土地台帳附属地図,地図に準ずる図面,P-F,,,,,,
46201-3400-456.zip,092-189,,false,299.381,134.777,550.042,35.373,419.701,438.853,670.476,339.145,旧土地台帳附属地図,地図に準ずる図面,P-F,,,,,,
46201-3400-456.zip,092-191,,false,1422.026,833.688,1374.287,568.283,1743.667,775.699,1695.623,510.561,旧土地台帳附属地図,地図に準ずる図面,P-F,,,,,,
46201-3400-456.zip,092-192,,false,1102.937,776.331,1209.427,528.605,1403.318,905.719,1509.693,657.726,旧土地台帳附属地図,地図に準ずる図面,P-F,,,,,,
46201-3400-456.zip,092-193,,false,1107.590,577.565,1171.027,839.693,789.645,654.298,853.272,916.579,旧土地台帳附属地図,地図に準ずる図面,P-F,,,,,,
46201-3400-456.zip,092-194,,false,864.327,872.167,595.036,886.836,846.458,545.993,577.167,560.775,旧土地台帳附属地図,地図に準ずる図面,P-F,,,,,,
46201-3400-456.zip,092-195,,false,637.494,848.359,380.471,930.007,538.777,536.624,281.640,618.348,旧土地台帳附属地図,地図に準ずる図面,P-F,,,,,,
46201-3400-456.zip,092-196,,false,146.955,596.143,416.552,590.809,153.547,922.813,423.181,917.327,旧土地台帳附属地図,地図に準ずる図面,P-F,,,,,,
46201-3400-456.zip,092-197,,false,1738.458,1196.547,1554.739,1394.096,1499.113,973.738,1315.433,1171.401,旧土地台帳附属地図,地図に準ずる図面,P-F,,,,,,
46201-3400-456.zip,092-198,,false,1412.266,1047.964,1442.594,1315.960,1087.653,1084.807,1118.133,1352.841,旧土地台帳附属地図,地図に準ずる図面,P-F,,,,,,
46201-3400-456.zip,092-199,,false,1144.233,1320.627,874.523,1325.008,1139.166,993.614,869.341,998.186,旧土地台帳附属地図,地図に準ずる図面,P-F,,,,,,
46201-3400-456.zip,092-200,,false,851.304,1369.575,591.118,1298.556,937.220,1054.373,677.034,983.545,旧土地台帳附属地図,地図に準ずる図面,P-F,,,,,,
46201-3400-456.zip,092-201,,false,704.953,1103.299,625.286,1361.008,392.647,1006.449,313.017,1264.272,旧土地台帳附属地図,地図に準ずる図面,P-F,,,,,,
46201-3400-456.zip,092-202,,false,374.954,1052.968,342.569,1320.697,50.608,1013.839,18.375,1281.568,旧土地台帳附属地図,地図に準ずる図面,P-F,,,,,,
46201-3400-456.zip,092-202-1,,false,1330.711,1605.504,1520.411,1413.747,1563.159,1835.629,1752.707,1643.566,旧土地台帳附属地図,地図に準ずる図面,P-F,,,,1983,7,29
46201-3400-456.zip,092-204,,false,1183.850,1486.435,1452.874,1505.866,1160.418,1812.305,1429.443,1831.622,旧土地台帳附属地図,地図に準ずる図面,P-F,,,,,,
46201-3400-456.zip,092-205,,false,958.890,1474.100,1213.741,1562.492,851.447,1782.901,1106.413,1871.293,旧土地台帳附属地図,地図に準ずる図面,P-F,,,,,,
46201-3400-456.zip,092-206,,false,669.763,1544.462,939.283,1553.072,659.400,1871.017,928.996,1879.476,旧土地台帳附属地図,地図に準ずる図面,P-F,,,,,,
46201-3400-456.zip,092-207,,false,427.829,1490.854,686.719,1566.407,335.969,1804.684,595.050,1880.199,旧土地台帳附属地図,地図に準ずる図面,P-F,,,,,,
46201-3400-456.zip,092-208,,false,40.775,1757.387,85.657,1491.486,362.873,1811.755,407.641,1545.779,旧土地台帳附属地図,地図に準ずる図面,P-F,,,,,,
46201-3400-456.zip,092-209,,false,1645.493,1997.532,1647.893,2267.280,1318.442,2000.313,1320.995,2270.176,旧土地台帳附属地図,地図に準ずる図面,P-F,,,,,,
46201-3400-456.zip,092-210,,false,1228.927,2313.629,1043.037,2118.290,1465.490,2088.343,1279.486,1893.118,旧土地台帳附属地図,地図に準ずる図面,P-F,,,,,,
46201-3400-456.zip,092-211,,false,1072.990,2336.790,806.518,2295.108,1123.701,2013.663,857.077,1972.210,旧土地台帳附属地図,地図に準ずる図面,P-F,,,,,,
46201-3400-456.zip,092-212,,false,728.933,1985.761,924.043,2171.804,503.533,2222.211,698.833,2408.253,旧土地台帳附属地図,地図に準ずる図面,P-F,,,,,,
46201-3400-456.zip,092-213,,false,504.806,2346.324,248.507,2262.351,606.838,2035.579,350.348,1951.797,旧土地台帳附属地図,地図に準ずる図面,P-F,,,,,,
46201-3400-456.zip,092-214,,false,241.975,2324.280,-6.513,2219.467,368.848,2023.251,120.284,1918.629,旧土地台帳附属地図,地図に準ずる図面,P-F,,,,,,
46201-3400-456.zip,092-186,,false,862.367,312.761,618.298,427.366,723.416,17.143,479.347,131.824,旧土地台帳附属地図,地図に準ずる図面,P-F,,,,,,
46201-3400-457.zip,092-272,500,false,-103.792,-125.780,121.340,-127.779,-101.219,147.102,123.974,144.816,旧土地台帳附属地図,地図に準ずる図面,P-F,,,,,,
46201-3400-457.zip,092-273,,false,-283.359,169.312,-538.564,83.237,-178.764,-140.039,-434.125,-226.247,旧土地台帳附属地図,地図に準ずる図面,P-F,,,,,,
46201-3400-457.zip,092-274,,false,-892.093,134.882,-905.035,-134.555,-565.317,118.930,-578.676,-150.450,旧土地台帳附属地図,地図に準ずる図面,P-F,,,,,,
46201-3400-457.zip,092-275,,false,-1026.105,172.775,-1295.214,162.872,-1013.775,-153.547,-1283.146,-163.575,旧土地台帳附属地図,地図に準ずる図面,P-F,,,,,,
46201-3400-457.zip,092-276,,false,-1373.177,169.727,-1636.142,229.325,-1445.727,-149.292,-1708.665,-89.232,旧土地台帳附属地図,地図に準ずる図面,P-F,,,,,,
46201-3400-457.zip,092-277,,false,-2027.930,167.410,-2194.199,-44.953,-1770.446,-34.490,-1937.128,-246.577,旧土地台帳附属地図,地図に準ずる図面,P-F,,,,,,
46201-3400-457.zip,092-279,,false,-54.386,297.212,180.072,429.677,-215.294,581.328,19.288,714.038,旧土地台帳附属地図,地図に準ずる図面,P-F,,,,,,
46201-3400-457.zip,092-280,,false,-655.490,566.415,-529.831,327.810,-365.882,718.695,-240.641,479.740,旧土地台帳附属地図,地図に準ずる図面,P-F,,,,,,
46201-3400-457.zip,092-281,500,false,-778.890,492.132,-840.174,708.605,-1041.029,417.784,-1102.291,634.296,旧土地台帳附属地図,地図に準ずる図面,P-F,,,,,,
46201-3400-457.zip,092-282,,false,-1194.782,687.985,-1459.747,637.617,-1134.004,366.475,-1399.032,316.639,旧土地台帳附属地図,地図に準ずる図面,P-F,,,,,,
46201-3400-457.zip,092-283,,false,-1863.185,673.561,-1856.727,404.308,-1536.605,681.259,-1530.522,411.806,旧土地台帳附属地図,地図に準ずる図面,P-F,,,,,,
46201-3400-457.zip,092-284,500,false,-2207.912,488.441,-1982.780,490.318,-2210.085,761.325,-1984.825,763.044,旧土地台帳附属地図,地図に準ずる図面,P-F,,,,,,
46201-3400-457.zip,092-285,,false,160.957,880.449,165.115,1150.165,-166.165,885.704,-161.627,1155.414,旧土地台帳附属地図,地図に準ずる図面,P-F,,,,,,
46201-3400-457.zip,092-286,500,false,-405.008,885.912,-180.094,884.518,-403.491,1158.517,-178.450,1157.027,旧土地台帳附属地図,地図に準ずる図面,P-F,,,,,,
46201-3400-457.zip,092-287,,false,-465.928,910.412,-472.881,1179.651,-792.287,901.579,-799.436,1171.003,旧土地台帳附属地図,地図に準ずる図面,P-F,,,,,,
46201-3400-457.zip,092-288,500,false,-867.359,951.743,-886.286,1176.123,-1139.209,928.954,-1157.949,1153.382,旧土地台帳附属地図,地図に準ずる図面,P-F,,,,,,
46201-3400-457.zip,092-289,500,false,-1277.753,915.347,-1284.821,1140.185,-1550.189,906.687,-1557.137,1131.751,旧土地台帳附属地図,地図に準ずる図面,P-F,,,,,,
46201-3400-457.zip,092-290,,false,-2093.824,1101.059,-1984.752,854.637,-1795.007,1233.519,-1685.826,986.853,旧土地台帳附属地図,地図に準ずる図面,P-F,,,,,,
46201-3400-457.zip,092-291,500,false,-76.249,1418.952,148.675,1419.173,-76.473,1691.439,148.452,1691.501,旧土地台帳附属地図,地図に準ずる図面,P-F,,,,,,
46201-3400-457.zip,092-292,500,false,-366.664,1644.068,-366.030,1418.922,-94.275,1644.481,-93.767,1419.463,旧土地台帳附属地図,地図に準ずる図面,P-F,,,,,,
46201-3400-457.zip,092-293,500,false,-615.775,1417.073,-390.824,1418.115,-617.157,1689.680,-392.142,1690.659,旧土地台帳附属地図,地図に準ずる図面,P-F,,,,,,
46201-3400-457.zip,092-294,500,false,-902.800,1424.632,-677.587,1427.761,-906.380,1697.436,-681.227,1700.247,旧土地台帳附属地図,地図に準ずる図面,P-F,,,,,,
46201-3400-457.zip,092-295,,false,-1350.841,1525.019,-1162.473,1332.308,-1117.222,1753.350,-929.097,1560.561,旧土地台帳附属地図,地図に準ずる図面,P-F,,,,,,
46201-3400-457.zip,092-296,,false,-1448.858,1714.456,-1717.896,1695.988,-1426.707,1388.042,-1695.778,1370.030,旧土地台帳附属地図,地図に準ずる図面,P-F,,,,,,
46201-3400-457.zip,092-297,500,false,-118.915,1914.013,106.098,1913.982,-119.022,2186.556,106.054,2186.493,旧土地台帳附属地図,地図に準ずる図面,P-F,,,,,,
46201-3400-457.zip,092-298,,false,-403.647,1886.389,-134.816,1906.678,-428.067,2212.603,-159.125,2232.443,旧土地台帳附属地図,地図に準ずる図面,P-F,,,,,,
46201-3400-457.zip,092-299,500,false,-723.504,2159.424,-723.668,1934.284,-450.739,2159.211,-450.998,1934.040,旧土地台帳附属地図,地図に準ずる図面,P-F,,,,,,
46201-3400-457.zip,092-300,500,false,-1023.975,2152.080,-1042.809,1927.845,-752.348,2129.208,-771.338,1905.017,旧土地台帳附属地図,地図に準ずる図面,P-F,,,,,,
46201-3400-457.zip,092-278,,false,-1130.829,1928.399,-1151.410,2197.323,-1457.075,1903.890,-1477.048,2172.860,旧土地台帳附属地図,地図に準ずる図面,和-洋紙,,,,,,
46201-3400-458.zip,092-328,,false,132.148,-144.000,171.795,122.742,-191.420,-95.617,-151.240,171.084,旧土地台帳附属地図,地図に準ずる図面,P-F,,,,,,
46201-3400-458.zip,092-329,,false,-351.376,205.394,-553.636,27.606,-135.520,-39.646,-337.954,-217.638,旧土地台帳附属地図,地図に準ずる図面,P-F,,,,,,
46201-3400-458.zip,092-330,500,false,-845.750,-123.306,-620.537,-121.579,-847.696,149.439,-622.452,150.912,旧土地台帳附属地図,地図に準ずる図面,P-F,,,,,,
46201-3400-458.zip,092-331,500,false,-1202.529,-123.374,-977.675,-122.857,-1203.387,149.170,-978.247,149.623,旧土地台帳附属地図,地図に準ずる図面,P-F,,,,,,
46201-3400-458.zip,092-332,500,false,-1528.854,-121.717,-1303.584,-121.313,-1529.293,151.089,-1304.092,151.209,旧土地台帳附属地図,地図に準ずる図面,P-F,,,,,,
46201-3400-458.zip,092-334,500,false,-1830.284,-113.432,-1605.062,-110.994,-1833.191,159.349,-1607.935,161.597,旧土地台帳附属地図,地図に準ずる図面,P-F,,,,,,
46201-3400-458.zip,092-335,,false,-177.597,676.061,-153.191,407.686,147.458,705.716,172.076,437.514,旧土地台帳附属地図,地図に準ずる図面,P-F,,,,,,
46201-3400-458.zip,092-337,,false,-514.967,409.355,-563.409,674.448,-836.081,350.620,-884.571,615.549,旧土地台帳附属地図,地図に準ずる図面,P-F,,,,,,
46201-3400-458.zip,092-338,,false,-855.470,415.416,-945.942,669.540,-1163.812,305.930,-1253.782,560.233,旧土地台帳附属地図,地図に準ずる図面,P-F,,,,,,
46201-3400-458.zip,092-339,,false,-1563.841,492.478,-1429.823,258.683,-1280.773,654.919,-1146.614,421.338,旧土地台帳附属地図,地図に準ずる図面,P-F,,,,,,
46201-3400-458.zip,092-340,500,false,-1873.409,497.379,-1843.033,274.230,-1603.055,534.069,-1572.926,310.855,旧土地台帳附属地図,地図に準ずる図面,P-F,,,,,,
46201-3400-458.zip,092-341,500,false,-152.143,909.067,73.116,910.888,-154.276,1181.919,70.985,1183.517,旧土地台帳附属地図,地図に準ずる図面,P-F,,,,,,
46201-3400-458.zip,092-343,500,false,-384.248,918.183,-159.294,914.688,-380.042,1190.662,-154.995,1187.069,旧土地台帳附属地図,地図に準ずる図面,P-F,,,,,,
46201-3400-458.zip,092-344,500,false,-617.628,905.946,-392.391,905.393,-616.902,1178.712,-391.634,1178.064,旧土地台帳附属地図,地図に準ずる図面,P-F,,,,,,
46201-3400-458.zip,092-345,500,false,-854.620,920.748,-629.417,921.701,-855.636,1193.544,-630.433,1194.338,旧土地台帳附属地図,地図に準ずる図面,P-F,,,,,,
46201-3400-458.zip,092-346,500,false,-1167.020,1104.110,-1123.004,883.541,-899.814,1157.620,-855.861,936.877,旧土地台帳附属地図,地図に準ずる図面,P-F,,,,,,
46201-3400-458.zip,092-347,500,false,-1416.032,915.291,-1190.766,914.434,-1414.762,1188.214,-1189.559,1187.039,旧土地台帳附属地図,地図に準ずる図面,P-F,,,,,,
46201-3400-458.zip,092-348,500,false,-179.970,1392.403,44.974,1390.976,-178.353,1664.972,46.718,1663.481,旧土地台帳附属地図,地図に準ずる図面,P-F,,,,,,
46201-3400-458.zip,092-349,500,false,-442.482,1386.276,-217.350,1388.241,-444.726,1659.128,-219.496,1660.776,旧土地台帳附属地図,地図に準ずる図面,P-F,,,,,,
46201-3400-458.zip,092-350,500,false,-781.517,1570.139,-740.337,1349.088,-513.594,1620.109,-472.529,1398.810,旧土地台帳附属地図,地図に準ずる図面,P-F,,,,,,
46201-3400-458.zip,092-351,500,false,-1081.569,1593.170,-1042.288,1371.291,-812.923,1640.573,-773.784,1418.765,旧土地台帳附属地図,地図に準ずる図面,P-F,,,,,,
46201-3400-458.zip,092-352,500,false,-1375.636,1546.113,-1338.274,1324.235,-1107.010,1591.530,-1069.616,1369.658,旧土地台帳附属地図,地図に準ずる図面,P-F,,,,,,
46201-3400-458.zip,092-354,,false,-1497.936,1289.478,-1345.396,1511.723,-1767.505,1474.398,-1614.837,1696.693,旧土地台帳附属地図,地図に準ずる図面,P-F,,,,,,
46201-3400-458.zip,092-355,,false,-230.427,2063.826,-208.192,1795.302,95.244,2090.778,117.222,1822.118,旧土地台帳附属地図,地図に準ずる図面,P-F,,,,,,
46201-3400-458.zip,092-356,500,false,-483.614,1812.096,-258.379,1812.204,-483.523,2084.988,-258.225,2084.777,旧土地台帳附属地図,地図に準ずる図面,P-F,,,,,,
46201-3400-458.zip,092-357,500,false,-760.282,1786.450,-535.060,1788.807,-763.042,2059.264,-537.754,2061.431,旧土地台帳附属地図,地図に準ずる図面,P-F,,,,,,
46201-3400-458.zip,092-358,,false,-1152.672,2070.791,-1143.504,1801.541,-826.039,2081.929,-817.096,1812.557,旧土地台帳附属地図,地図に準ずる図面,P-F,,,,,,
46201-3400-458.zip,092-359,500,false,-1391.925,1809.534,-1166.882,1817.154,-1400.952,2082.183,-1175.837,2089.616,旧土地台帳附属地図,地図に準ずる図面,P-F,,,,,,
46201-3400-458.zip,092-360,500,false,-1624.940,1728.290,-1410.596,1796.446,-1707.613,1987.959,-1493.239,2056.125,旧土地台帳附属地図,地図に準ずる図面,P-F,,,,,,
46201-3400-458.zip,092-336,500,false,-520.351,568.690,-387.823,386.646,-299.800,729.251,-167.272,547.207,旧土地台帳附属地図,地図に準ずる図面,P-F,,,,,,
46201-3400-459.zip,092-361,,false,-195.284,7.342,-33.554,-208.451,66.691,203.316,228.048,-12.804,旧土地台帳附属地図,地図に準ずる図面,P-F,,,,,,
46201-3400-459.zip,092-362,500,false,-490.066,-136.500,-265.411,-130.590,-497.289,135.986,-272.377,141.743,旧土地台帳附属地図,地図に準ずる図面,P-F,,,,,,
46201-3400-459.zip,092-363,500,false,-605.373,-106.414,-654.257,113.391,-871.737,-165.472,-920.359,54.325,旧土地台帳附属地図,地図に準ずる図面,P-F,,,,,,
46201-3400-459.zip,092-364,,false,-995.877,-169.716,-993.114,99.866,-1322.645,-166.500,-1319.768,103.043,旧土地台帳附属地図,地図に準ずる図面,P-F,,,,,,
46201-3400-459.zip,092-365,,false,-1413.686,-145.124,-1429.852,124.025,-1740.038,-164.647,-1756.019,104.589,旧土地台帳附属地図,地図に準ずる図面,P-F,,,,,,
46201-3400-459.zip,092-366,500,false,-2047.526,-148.938,-1830.191,-89.924,-2118.913,114.386,-1901.560,173.208,旧土地台帳附属地図,地図に準ずる図面,P-F,,,,,,
46201-3400-459.zip,092-367,,false,-2526.407,137.230,-2626.957,-112.749,-2223.215,15.419,-2323.914,-234.623,旧土地台帳附属地図,地図に準ずる図面,P-F,,,,,,
46201-3400-459.zip,092-368,2000,false,-474.344,1125.824,-295.918,244.803,593.333,1343.595,772.333,462.303,旧土地台帳附属地図,地図に準ずる図面,P-F,,,,,,
46201-3400-459.zip,092-369,,false,-646.968,706.087,-648.461,975.564,-973.784,704.235,-975.012,973.790,旧土地台帳附属地図,地図に準ずる図面,P-F,,,,,,
46201-3400-459.zip,092-370,500,false,-1318.034,731.258,-1092.889,734.753,-1322.113,1003.993,-1096.997,1007.233,旧土地台帳附属地図,地図に準ずる図面,P-F,,,,,,
46201-3400-459.zip,092-371,500,true,-1666.611,735.379,-1441.472,735.538,-1666.770,1008.175,-1441.599,1008.175,旧土地台帳附属地図,地図に準ずる図面,P-F,,,,,,
46201-3400-459.zip,092-372,500,false,-2083.775,713.966,-1864.928,766.004,-2146.923,979.059,-1928.031,1031.043,旧土地台帳附属地図,地図に準ずる図面,P-F,,,,,,
46201-3400-459.zip,092-373,500,false,-2595.007,702.599,-2370.125,709.502,-2603.341,974.958,-2378.331,981.769,旧土地台帳附属地図,地図に準ずる図面,P-F,,,,,,
46201-3400-459.zip,092-374,500,false,-3162.418,777.114,-3048.156,583.226,-2927.541,915.688,-2813.306,721.599,旧土地台帳附属地図,地図に準ずる図面,P-F,,,,,,
46201-3400-459.zip,092-375,500,false,-250.937,1664.113,-126.952,1476.378,-23.582,1814.182,100.341,1626.253,旧土地台帳附属地図,地図に準ずる図面,P-F,,,,,,
46201-3400-459.zip,092-376,,false,-645.601,1675.900,-557.540,1421.011,-336.571,1782.731,-248.711,1527.610,旧土地台帳附属地図,地図に準ずる図面,P-F,,,,,,
46201-3400-459.zip,092-377,,false,-926.241,1466.367,-706.003,1622.187,-1115.001,1733.727,-894.442,1889.028,旧土地台帳附属地図,地図に準ずる図面,P-F,,,,,,
46201-3400-459.zip,092-378,,false,-1446.763,1470.465,-1177.421,1463.029,-1437.850,1796.748,-1168.617,1789.505,旧土地台帳附属地図,地図に準ずる図面,P-F,,,,,,
46201-3400-459.zip,092-379,,false,-1802.123,1802.497,-1821.321,1533.433,-1475.806,1778.963,-1495.460,1509.931,旧土地台帳附属地図,地図に準ずる図面,P-F,,,,,,
46201-3400-459.zip,092-380,500,false,-2134.828,1534.473,-1909.910,1534.646,-2135.096,1806.983,-1909.988,1807.061,旧土地台帳附属地図,地図に準ずる図面,P-F,,,,,,
46201-3400-459.zip,092-381,,true,-2507.949,1463.320,-2238.240,1463.206,-2507.530,1790.447,-2237.859,1789.951,旧土地台帳附属地図,地図に準ずる図面,P-F,,,,,,
46201-3400-459.zip,092-382,500,false,-199.083,2266.058,25.860,2263.609,-196.125,2538.625,28.849,2536.049,旧土地台帳附属地図,地図に準ずる図面,P-F,,,,,,
46201-3400-459.zip,092-383,,false,-504.415,2582.635,-685.764,2382.995,-262.345,2362.547,-444.058,2163.186,旧土地台帳附属地図,地図に準ずる図面,P-F,,,,,,
46201-3400-459.zip,092-384,,false,-716.654,2386.001,-879.895,2600.700,-977.307,2188.210,-1140.154,2403.209,旧土地台帳附属地図,地図に準ずる図面,P-F,,,,,,
46201-3400-459.zip,092-385,,false,-1171.123,2472.666,-1402.738,2610.415,-1338.182,2191.945,-1569.621,2329.767,旧土地台帳附属地図,地図に準ずる図面,P-F,,,,,,
46201-3400-459.zip,092-386,,false,-1780.531,2188.407,-1584.262,2373.398,-2004.714,2426.690,-1808.105,2611.321,旧土地台帳附属地図,地図に準ずる図面,P-F,,,,,,
46201-3400-459.zip,092-387,1000,false,-2560.222,2639.526,-2559.632,2190.327,-2015.774,2640.422,-2015.375,2191.477,旧土地台帳附属地図,地図に準ずる図面,和-洋紙,,,,,,
46201-3400-46.zip,092-303,500,false,-880.694,126.510,-879.360,-98.629,-607.898,127.939,-606.850,-97.200,旧土地台帳附属地図,地図に準ずる図面,P-F,,,,,,
46201-3400-46.zip,092-307,500,false,-480.644,584.245,-533.752,365.721,-215.902,520.048,-269.101,301.415,旧土地台帳附属地図,地図に準ずる図面,P-F,,,,,,
46201-3400-46.zip,092-308,500,false,-788.529,336.186,-563.358,336.081,-788.260,608.982,-563.121,608.654,旧土地台帳附属地図,地図に準ずる図面,P-F,,,,,,
46201-3400-46.zip,092-310,500,false,-1465.298,327.426,-1240.092,327.308,-1465.072,600.130,-1239.929,599.822,旧土地台帳附属地図,地図に準ずる図面,P-F,,,,,,
46201-3400-46.zip,092-311,500,false,-91.301,788.287,133.651,788.552,-91.708,1060.897,133.243,1061.035,旧土地台帳附属地図,地図に準ずる図面,P-F,,,,,,
46201-3400-46.zip,092-313,500,false,-744.739,774.960,-519.817,780.095,-750.997,1047.399,-526.136,1052.437,旧土地台帳附属地図,地図に準ずる図面,P-F,,,,,,
46201-3400-46.zip,092-315,500,false,-1360.335,777.467,-1135.447,778.130,-1361.402,1049.916,-1136.323,1050.580,旧土地台帳附属地図,地図に準ずる図面,P-F,,,,,,
46201-3400-46.zip,092-316,500,false,-105.909,1205.773,119.255,1207.693,-108.019,1478.625,117.083,1480.258,旧土地台帳附属地図,地図に準ずる図面,P-F,,,,,,
46201-3400-46.zip,092-318,500,false,-930.176,1320.700,-834.448,1116.889,-683.156,1436.607,-587.690,1232.605,旧土地台帳附属地図,地図に準ずる図面,P-F,,,,,,
46201-3400-46.zip,092-319,500,false,-1195.385,1177.210,-970.463,1178.451,-1196.992,1449.790,-971.913,1450.871,旧土地台帳附属地図,地図に準ずる図面,P-F,,,,,,
46201-3400-46.zip,092-320,500,false,-1454.511,1122.087,-1229.335,1121.670,-1453.955,1394.953,-1228.654,1394.344,旧土地台帳附属地図,地図に準ずる図面,P-F,,,,,,
46201-3400-46.zip,092-321,500,false,-105.776,1583.213,119.328,1584.676,-107.634,1856.005,117.661,1857.277,旧土地台帳附属地図,地図に準ずる図面,P-F,,,,,,
46201-3400-46.zip,092-322,500,false,-397.916,1588.117,-172.967,1587.269,-397.127,1860.597,-172.020,1859.684,旧土地台帳附属地図,地図に準ずる図面,P-F,,,,,,
46201-3400-46.zip,092-323,500,false,-672.562,1596.802,-447.361,1598.149,-674.075,1869.596,-448.810,1870.784,旧土地台帳附属地図,地図に準ずる図面,P-F,,,,,,
46201-3400-46.zip,092-324,500,false,-980.269,1578.054,-755.246,1577.819,-980.100,1850.578,-754.984,1850.247,旧土地台帳附属地図,地図に準ずる図面,P-F,,,,,,
46201-3400-46.zip,092-326,500,false,-1269.364,1562.548,-1044.229,1563.791,-1270.827,1835.340,-1045.627,1836.425,旧土地台帳附属地図,地図に準ずる図面,P-F,,,,,,
46201-3400-46.zip,092-327,500,false,-1547.570,1581.939,-1322.397,1582.595,-1548.358,1854.736,-1323.185,1855.234,旧土地台帳附属地図,地図に準ずる図面,P-F,,,,,,
46201-3400-46.zip,092-301,,false,148.333,-127.181,155.776,142.388,-178.773,-117.795,-170.757,151.796,旧土地台帳附属地図,地図に準ずる図面,P-F,,,,,,
46201-3400-46.zip,092-305,,false,-1616.944,123.534,-1574.306,-142.823,-1293.950,174.886,-1251.730,-91.267,旧土地台帳附属地図,地図に準ずる図面,P-F,,,,,,
46201-3400-46.zip,092-306,,false,165.116,344.603,139.736,613.155,-160.468,314.074,-185.488,582.468,旧土地台帳附属地図,地図に準ずる図面,P-F,,,,,,
46201-3400-46.zip,092-309,,false,-936.925,651.644,-1196.252,579.072,-848.619,337.255,-1108.156,264.584,旧土地台帳附属地図,地図に準ずる図面,P-F,,,,,,
46201-3400-46.zip,092-312,,false,-470.250,1016.604,-446.152,748.164,-144.592,1045.905,-120.590,777.265,旧土地台帳附属地図,地図に準ずる図面,P-F,,,,,,
46201-3400-46.zip,092-314,,false,-1086.505,1055.891,-1098.244,786.589,-759.841,1041.651,-771.739,772.204,旧土地台帳附属地図,地図に準ずる図面,P-F,,,,,,
46201-3400-46.zip,092-317,,false,-304.759,1124.217,-157.288,1349.539,-578.130,1302.771,-430.609,1528.379,旧土地台帳附属地図,地図に準ずる図面,P-F,,,,,,
46201-3400-46.zip,092-304,500,true,-1215.191,-116.625,-990.239,-117.821,-1213.742,155.856,-988.791,154.660,旧土地台帳附属地図,地図に準ずる図面,P-F,,,,,,
46201-3400-46.zip,092-302,,true,-543.339,117.823,-515.001,-149.973,-218.434,152.105,-190.530,-115.930,旧土地台帳附属地図,地図に準ずる図面,P-F,,,,,,
46201-3400-460.zip,092-388,,false,157.230,-115.690,144.634,153.650,-169.587,-130.776,-181.730,138.660,旧土地台帳附属地図,地図に準ずる図面,P-F,,,,,,
46201-3400-460.zip,092-389,,false,-202.149,134.478,-471.592,134.817,-202.636,-192.267,-472.003,-191.737,旧土地台帳附属地図,地図に準ずる図面,P-F,,,,,,
46201-3400-460.zip,092-390,,false,-708.606,201.359,-880.387,-6.571,-456.511,-7.230,-628.673,-214.844,旧土地台帳附属地図,地図に準ずる図面,P-F,,,,,,
46201-3400-460.zip,092-391,,false,-1148.043,182.399,-1317.720,-26.957,-894.296,-23.332,-1063.995,-232.474,旧土地台帳附属地図,地図に準ずる図面,P-F,,,,,,
46201-3400-460.zip,092-392,,false,-1695.728,129.570,-1701.109,-140.087,-1368.671,122.796,-1374.509,-146.852,旧土地台帳附属地図,地図に準ずる図面,P-F,,,,,,
46201-3400-460.zip,092-393,500,false,-131.309,434.264,93.667,438.526,-136.583,706.760,88.426,710.960,旧土地台帳附属地図,地図に準ずる図面,P-F,,,,,,
46201-3400-460.zip,092-394,,false,-189.705,712.207,-459.328,719.098,-198.201,385.722,-467.783,392.727,旧土地台帳附属地図,地図に準ずる図面,P-F,,,,,,
46201-3400-460.zip,092-395,500,false,-730.762,456.734,-505.530,458.810,-733.124,729.558,-507.923,731.444,旧土地台帳附属地図,地図に準ずる図面,P-F,,,,,,
46201-3400-460.zip,092-396,,false,-889.399,766.974,-1154.741,718.846,-831.194,445.570,-1096.601,397.585,旧土地台帳附属地図,地図に準ずる図面,P-F,,,,,,
46201-3400-460.zip,092-397,,false,-1529.544,707.043,-1510.640,438.302,-1203.537,730.109,-1184.847,461.161,旧土地台帳附属地図,地図に準ずる図面,P-F,,,,,,
46201-3400-460.zip,092-398,500,false,-158.713,1306.748,-144.698,1082.139,113.394,1323.783,127.316,1099.135,旧土地台帳附属地図,地図に準ずる図面,P-F,,,,,,
46201-3400-460.zip,092-399,500,false,-420.669,1064.193,-195.868,1070.405,-428.111,1336.507,-203.212,1342.563,旧土地台帳附属地図,地図に準ずる図面,P-F,,,,,,
46201-3400-460.zip,092-400,500,false,-735.368,1087.916,-510.347,1089.617,-737.544,1360.595,-512.461,1362.074,旧土地台帳附属地図,地図に準ずる図面,P-F,,,,,,
46201-3400-460.zip,092-401,,false,-1174.206,1324.741,-1150.490,1056.382,-848.665,1353.652,-825.087,1085.127,旧土地台帳附属地図,地図に準ずる図面,P-F,,,,,,
46201-3400-460.zip,092-402,,false,-1290.119,1071.236,-1286.744,1340.926,-1616.953,1075.532,-1613.503,1345.069,旧土地台帳附属地図,地図に準ずる図面,P-F,,,,,,
46201-3400-460.zip,092-403,500,false,-1917.956,1108.133,-1692.821,1112.196,-1922.661,1380.890,-1697.617,1384.728,旧土地台帳附属地図,地図に準ずる図面,P-F,,,,,,
46201-3400-460.zip,092-404,500,false,-59.362,1605.629,149.347,1689.633,-160.916,1858.305,47.758,1942.226,旧土地台帳附属地図,地図に準ずる図面,P-F,,,,,,
46201-3400-460.zip,092-405,500,false,-441.408,1632.590,-216.437,1634.761,-444.253,1905.245,-219.152,1907.259,旧土地台帳附属地図,地図に準ずる図面,P-F,,,,,,
46201-3400-460.zip,092-406,500,false,-779.807,1651.057,-554.925,1656.580,-786.709,1923.452,-561.636,1928.979,旧土地台帳附属地図,地図に準ずる図面,P-F,,,,,,
46201-3400-460.zip,092-407,500,false,-1147.879,1678.581,-922.763,1684.831,-1155.301,1951.340,-930.179,1957.368,旧土地台帳附属地図,地図に準ずる図面,P-F,,,,,,
46201-3400-460.zip,092-408,,false,-1452.691,1644.394,-1220.069,1780.285,-1617.571,1926.533,-1384.701,2062.305,旧土地台帳附属地図,地図に準ずる図面,P-F,,,,,,
46201-3400-460.zip,092-409,,false,-1814.929,1633.533,-1612.733,1811.912,-2030.932,1878.647,-1828.553,2056.934,旧土地台帳附属地図,地図に準ずる図面,P-F,,,,,,
46201-3400-460.zip,092-410,500,false,-107.305,2204.325,114.950,2239.044,-149.231,2473.560,73.130,2508.007,旧土地台帳附属地図,地図に準ずる図面,P-F,,,,,,
46201-3400-460.zip,092-411,,false,-501.559,2496.877,-485.218,2227.738,-175.477,2516.468,-159.323,2247.279,旧土地台帳附属地図,地図に準ずる図面,P-F,,,,,,
46201-3400-460.zip,092-412,,false,-727.483,2202.780,-545.757,2401.973,-968.685,2423.029,-786.795,2622.176,旧土地台帳附属地図,地図に準ずる図面,P-F,,,,,,
46201-3400-460.zip,092-413,,false,-1009.473,2588.601,-1278.916,2599.708,-1023.082,2262.253,-1292.517,2273.550,旧土地台帳附属地図,地図に準ずる図面,P-F,,,,,,
46201-3400-460.zip,092-414,,true,-1495.847,2676.839,-1740.305,2563.075,-1358.172,2380.641,-1602.713,2266.964,旧土地台帳附属地図,地図に準ずる図面,P-F,,,,,,
46201-3400-461.zip,092-415,,false,1223.690,52.810,1493.286,46.905,1231.043,379.404,1500.639,373.270,旧土地台帳附属地図,地図に準ずる図面,P-F,,,,,,
46201-3400-461.zip,092-416,,false,1284.278,379.452,1027.903,295.746,1385.929,68.632,1129.401,-14.845,旧土地台帳附属地図,地図に準ずる図面,P-F,,,,,,
46201-3400-461.zip,092-417,,false,885.562,59.438,1155.196,60.276,884.610,386.070,1154.320,386.756,旧土地台帳附属地図,地図に準ずる図面,P-F,,,,,,
46201-3400-461.zip,092-418,,true,692.501,59.242,962.211,57.375,694.520,386.216,964.345,384.197,旧土地台帳附属地図,地図に準ずる図面,P-F,,,,,,
46201-3400-461.zip,092-419,,false,639.876,406.033,410.552,264.110,811.631,128.131,582.192,-13.601,旧土地台帳附属地図,地図に準ずる図面,P-F,,,,,,
46201-3400-461.zip,092-420,,false,446.288,408.876,204.162,290.118,590.420,115.315,348.066,-3.214,旧土地台帳附属地図,地図に準ずる図面,P-F,,,,,,
46201-3400-461.zip,092-422,,false,1462.028,704.272,1192.356,703.320,1463.438,377.335,1193.575,376.535,旧土地台帳附属地図,地図に準ずる図面,P-F,,,,,,
46201-3400-461.zip,092-423,,false,1224.120,731.647,979.174,618.947,1360.480,434.848,1115.458,322.300,旧土地台帳附属地図,地図に準ずる図面,P-F,,,,,,
46201-3400-461.zip,092-424,,false,884.148,399.618,1153.630,411.505,869.555,726.288,1139.113,738.061,旧土地台帳附属地図,地図に準ずる図面,P-F,,,,,,
46201-3400-461.zip,092-425,,false,618.773,481.093,850.574,343.399,785.689,761.814,1017.414,623.930,旧土地台帳附属地図,地図に準ずる図面,P-F,,,,,,
46201-3400-461.zip,092-426,,false,458.248,435.373,727.959,431.982,462.058,762.271,731.959,758.804,旧土地台帳附属地図,地図に準ずる図面,P-F,,,,,,
46201-3400-461.zip,092-427,,false,192.979,480.921,430.190,352.866,348.199,768.348,585.448,640.103,旧土地台帳附属地図,地図に準ずる図面,P-F,,,,,,
46201-3400-461.zip,092-428,,false,277.177,754.501,7.581,746.005,287.616,427.640,17.906,419.373,旧土地台帳附属地図,地図に準ずる図面,P-F,,,,,,
46201-3400-461.zip,092-429,,false,1479.173,1026.092,1209.539,1024.872,1480.583,699.460,1210.949,698.355,旧土地台帳附属地図,地図に準ずる図面,P-F,,,,,,
46201-3400-461.zip,092-431,,false,1196.528,1062.370,960.727,931.420,1355.405,776.620,1119.490,645.822,旧土地台帳附属地図,地図に準ずる図面,P-F,,,,,,
46201-3400-461.zip,092-432,,false,1096.375,755.136,1112.415,1024.351,770.277,774.719,786.545,1043.972,旧土地台帳附属地図,地図に準ずる図面,P-F,,,,,,
46201-3400-461.zip,092-433,,false,931.042,959.938,696.459,1093.022,769.954,675.407,535.296,808.567,旧土地台帳附属地図,地図に準ずる図面,P-F,,,,,,
46201-3400-461.zip,092-434,,false,623.197,1105.756,356.344,1066.589,670.517,782.553,403.703,743.539,旧土地台帳附属地図,地図に準ずる図面,P-F,,,,,,
46201-3400-461.zip,092-435,,false,459.146,1055.493,189.741,1068.295,443.906,728.899,174.348,741.815,旧土地台帳附属地図,地図に準ずる図面,P-F,,,,,,
46201-3400-461.zip,092-430,,false,12.626,800.686,281.879,785.903,30.609,1126.899,299.900,1111.963,旧土地台帳附属地図,地図に準ずる図面,P-F,,,,,,
46201-3400-461.zip,092-421,,true,271.351,396.266,14.480,314.351,370.449,84.950,113.464,3.264,旧土地台帳附属地図,地図に準ずる図面,P-F,,,,,,
46201-3400-462.zip,092-481,,false,1951.087,161.919,1821.738,398.482,1664.384,4.909,1535.149,241.700,旧土地台帳附属地図,地図に準ずる図面,P-F,,,,,,
46201-3400-462.zip,092-482,,false,1488.462,404.642,1332.976,184.385,1755.125,216.275,1599.600,-3.867,旧土地台帳附属地図,地図に準ずる図面,P-F,,,,,,
46201-3400-462.zip,092-483,,false,1259.526,47.429,1482.412,199.067,1075.388,317.406,1298.426,469.159,旧土地台帳附属地図,地図に準ずる図面,P-F,,,,,,
46201-3400-462.zip,092-484,,false,1001.030,48.190,1226.050,196.742,821.198,320.720,1046.293,469.272,旧土地台帳附属地図,地図に準ずる図面,P-F,,,,,,
46201-3400-462.zip,092-485,,false,967.742,225.466,857.481,471.554,669.495,91.658,559.310,337.823,旧土地台帳附属地図,地図に準ずる図面,P-F,,,,,,
46201-3400-462.zip,092-486,,false,485.212,64.700,706.192,219.196,298.178,332.315,519.197,486.811,旧土地台帳附属地図,地図に準ずる図面,P-F,,,,,,
46201-3400-462.zip,092-487,,false,1973.210,713.452,1884.170,967.999,1664.714,605.362,1575.826,860.023,旧土地台帳附属地図,地図に準ずる図面,P-F,,,,,,
46201-3400-462.zip,092-488,,false,1503.698,939.777,1302.835,759.945,1721.402,696.394,1520.424,516.637,旧土地台帳附属地図,地図に準ずる図面,P-F,,,,,,
46201-3400-462.zip,092-489,,false,1120.803,622.568,1390.323,633.274,1107.659,949.162,1377.255,959.715,旧土地台帳附属地図,地図に準ずる図面,P-F,,,,,,
46201-3400-462.zip,092-491,,false,471.684,944.354,476.066,674.644,798.545,949.764,802.774,679.978,旧土地台帳附属地図,地図に準ずる図面,P-F,,,,,,
46201-3400-462.zip,092-492,,false,535.955,822.745,369.991,1035.267,278.551,621.881,112.701,834.403,旧土地台帳附属地図,地図に準ずる図面,P-F,,,,,,
46201-3400-462.zip,092-496,,false,1731.301,1434.453,1620.773,1188.517,2029.091,1300.340,1918.372,1054.519,旧土地台帳附属地図,地図に準ずる図面,P-F,,,,,,
46201-3400-462.zip,092-499,,false,1530.202,1437.286,1296.306,1303.136,1692.965,1153.822,1458.917,1019.747,旧土地台帳附属地図,地図に準ずる図面,P-F,,,,,,
46201-3400-462.zip,092-500,,false,1211.707,1489.795,986.688,1341.243,1391.577,1217.189,1166.482,1068.751,旧土地台帳附属地図,地図に準ずる図面,P-F,,,,,,
46201-3400-462.zip,092-501,,false,994.957,1504.002,733.514,1437.784,1075.462,1187.161,813.867,1121.096,旧土地台帳附属地図,地図に準ずる図面,P-F,,,,,,
46201-3400-462.zip,092-502,,false,419.502,1285.786,620.785,1106.411,636.940,1529.550,838.108,1349.946,旧土地台帳附属地図,地図に準ずる図面,P-F,,,,,,
46201-3400-462.zip,092-504,,false,187.950,1207.345,457.508,1215.803,177.586,1534.168,447.259,1542.321,旧土地台帳附属地図,地図に準ずる図面,P-F,,,,,,
46201-3400-462.zip,092-505,,false,1958.074,1695.000,1954.645,1964.710,1631.480,1690.923,1628.165,1960.633,旧土地台帳附属地図,地図に準ずる図面,P-F,,,,,,
46201-3400-462.zip,092-506,,false,1417.928,2002.696,1248.382,1792.955,1672.284,1797.260,1502.510,1587.595,旧土地台帳附属地図,地図に準ずる図面,P-F,,,,,,
46201-3400-462.zip,092-507,,false,1067.113,1825.699,1242.106,1620.568,1315.754,2037.535,1490.595,1832.214,旧土地台帳附属地図,地図に準ずる図面,P-F,,,,,,
46201-3400-462.zip,092-508,,false,943.799,1692.637,1213.319,1703.114,930.883,2019.269,1200.518,2029.594,旧土地台帳附属地図,地図に準ずる図面,P-F,,,,,,
46201-3400-462.zip,092-509,,false,721.727,1813.049,913.294,1623.349,951.661,2045.079,1143.114,1855.188,旧土地台帳附属地図,地図に準ずる図面,P-F,,,,,,
46201-3400-462.zip,092-510,,false,780.860,2058.956,520.789,1987.899,866.814,1743.792,606.666,1673.002,旧土地台帳附属地図,地図に準ずる図面,P-F,,,,,,
46201-3400-462.zip,092-511,,false,291.584,1855.067,455.338,1640.754,551.198,2053.682,714.876,1839.141,旧土地台帳附属地図,地図に準ずる図面,P-F,,,,,,
46201-3400-462.zip,092-493,,false,179.993,2050.153,0.771,1848.641,424.367,1833.020,244.954,1631.547,旧土地台帳附属地図,地図に準ずる図面,P-F,,,,,,
46201-3400-462.zip,092-490-2,600,false,934.739,1104.032,751.153,906.608,1173.970,881.569,990.384,684.145,旧土地台帳附属地図,地図に準ずる図面,P-F,,,,,,
46201-3400-462.zip,092-490-1,,false,910.919,997.804,727.329,800.380,1150.149,775.338,966.559,577.914,旧土地台帳附属地図,地図に準ずる図面,P-F,,,,,,
46201-3400-463.zip,092-456,,false,1290.066,352.280,1020.393,352.508,1289.951,25.343,1020.088,25.724,旧土地台帳附属地図,地図に準ずる図面,P-F,,,,,,
46201-3400-463.zip,092-457,,false,1057.233,58.133,1135.681,316.147,744.774,153.307,823.413,411.283,旧土地台帳附属地図,地図に準ずる図面,P-F,,,,,,
46201-3400-463.zip,092-458,,false,568.639,345.775,513.966,81.665,888.832,279.633,833.968,15.447,旧土地台帳附属地図,地図に準ずる図面,P-F,,,,,,
46201-3400-463.zip,092-459,,false,687.787,247.547,482.504,422.274,476.141,-1.132,270.858,173.671,旧土地台帳附属地図,地図に準ずる図面,P-F,,,,,,
46201-3400-463.zip,092-460,,false,235.667,406.302,7.866,261.902,410.851,130.152,182.898,-14.095,旧土地台帳附属地図,地図に準ずる図面,P-F,,,,,,
46201-3400-463.zip,092-461,,false,1012.301,489.077,1281.973,489.573,1011.844,815.671,1281.516,816.052,旧土地台帳附属地図,地図に準ずる図面,P-F,,,,,,
46201-3400-463.zip,092-462,,false,956.006,808.974,741.541,645.334,1154.431,549.131,939.813,385.682,旧土地台帳附属地図,地図に準ずる図面,P-F,,,,,,
46201-3400-463.zip,092-463,,false,541.393,548.801,792.206,450.007,661.332,852.687,912.183,753.627,旧土地台帳附属地図,地図に準ずる図面,P-F,,,,,,
46201-3400-463.zip,092-464,,false,369.593,471.785,639.265,463.936,378.927,798.607,648.714,790.644,旧土地台帳附属地図,地図に準ずる図面,P-F,,,,,,
46201-3400-463.zip,092-465,,false,196.382,468.813,454.167,547.680,100.903,781.120,358.765,859.987,旧土地台帳附属地図,地図に準ずる図面,P-F,,,,,,
46201-3400-463.zip,092-466,,false,1047.274,885.692,1307.954,954.806,963.187,1201.618,1224.096,1270.693,旧土地台帳附属地図,地図に準ずる図面,P-F,,,,,,
46201-3400-463.zip,092-467,,false,896.931,1262.782,674.084,1110.991,1080.726,992.728,857.726,841.052,旧土地台帳附属地図,地図に準ずる図面,P-F,,,,,,
46201-3400-463.zip,092-468,,false,775.019,1216.788,510.833,1162.305,841.199,896.519,576.860,842.302,旧土地台帳附属地図,地図に準ずる図面,P-F,,,,,,
46201-3400-463.zip,092-469,,false,592.140,1240.790,323.839,1213.511,625.173,915.835,356.796,888.670,旧土地台帳附属地図,地図に準ずる図面,P-F,,,,,,
46201-3400-463.zip,092-470,,false,80.045,930.945,339.087,855.812,171.028,1245.042,430.108,1169.604,旧土地台帳附属地図,地図に準ずる図面,P-F,,,,,,
46201-3400-463.zip,092-471,,false,1013.008,1561.113,1000.473,1291.707,1339.297,1545.835,1326.610,1276.391,旧土地台帳附属地図,地図に準ずる図面,P-F,,,,,,
46201-3400-463.zip,092-472,,false,804.884,1253.735,1059.164,1343.537,695.842,1561.889,950.236,1651.690,旧土地台帳附属地図,地図に準ずる図面,P-F,,,,,,
46201-3400-463.zip,092-473,,false,785.004,1577.709,518.494,1618.895,735.055,1254.963,468.545,1296.188,旧土地台帳附属地図,地図に準ずる図面,P-F,,,,,,
46201-3400-463.zip,092-474,,false,590.425,1601.119,320.791,1610.491,579.223,1274.411,309.551,1283.936,旧土地台帳附属地図,地図に準ずる図面,P-F,,,,,,
46201-3400-463.zip,092-475,,false,114.940,1330.220,384.232,1315.018,133.381,1656.318,402.748,1641.002,旧土地台帳附属地図,地図に準ずる図面,P-F,,,,,,
46201-3400-463.zip,092-476,,true,1040.815,1669.701,1310.640,1669.701,1040.777,1996.675,1310.601,1996.447,旧土地台帳附属地図,地図に準ずる図面,P-F,,,,,,
46201-3400-463.zip,092-477,,false,693.069,1788.798,899.305,1615.138,903.496,2038.582,1109.655,1864.731,旧土地台帳附属地図,地図に準ずる図面,P-F,,,,,,
46201-3400-463.zip,092-478,,false,476.408,1918.266,494.163,1649.089,802.659,1939.945,820.223,1670.615,旧土地台帳附属地図,地図に準ずる図面,P-F,,,,,,
46201-3400-463.zip,092-479,,false,244.572,1937.359,255.164,1667.877,570.975,1950.046,581.415,1680.526,旧土地台帳附属地図,地図に準ずる図面,P-F,,,,,,
46201-3400-463.zip,092-480,,false,14.854,1746.258,273.058,1668.648,108.808,2059.441,367.165,1981.564,旧土地台帳附属地図,地図に準ずる図面,P-F,,,,,,
46201-3400-464.zip,092-513,,false,-479.951,-186.452,-219.741,-115.490,-566.112,129.008,-305.731,199.780,旧土地台帳附属地図,地図に準ずる図面,P-F,,,,,,
46201-3400-464.zip,092-514,,false,-778.082,-209.051,-544.032,-75.175,-940.212,74.545,-706.039,208.360,旧土地台帳附属地図,地図に準ずる図面,P-F,,,,,,
46201-3400-464.zip,092-516,,false,-1152.912,-144.137,-987.618,68.989,-1411.423,56.076,-1245.878,269.154,旧土地台帳附属地図,地図に準ずる図面,P-F,,,,,,
46201-3400-464.zip,092-517,,false,-1734.025,192.264,-1880.004,-34.435,-1459.404,15.425,-1605.425,-211.339,旧土地台帳附属地図,地図に準ずる図面,P-F,,,,,,
46201-3400-464.zip,092-518,,false,-2421.313,38.313,-2292.655,-198.692,-2133.908,194.398,-2005.378,-42.851,旧土地台帳附属地図,地図に準ずる図面,P-F,,,,,,
46201-3400-464.zip,092-519,,false,-129.151,378.663,129.109,456.150,-222.940,691.580,35.401,768.932,旧土地台帳附属地図,地図に準ずる図面,P-F,,,,,,
46201-3400-464.zip,092-520,,false,-244.093,534.315,-393.990,758.535,-515.751,352.411,-665.691,576.694,旧土地台帳附属地図,地図に準ずる図面,P-F,,,,,,
46201-3400-464.zip,092-521,,false,-950.349,458.088,-685.763,405.758,-887.113,778.929,-622.437,726.465,旧土地台帳附属地図,地図に準ずる図面,P-F,,,,,,
46201-3400-464.zip,092-522,,false,-1061.406,725.728,-1330.878,713.539,-1046.838,399.345,-1316.318,387.308,旧土地台帳附属地図,地図に準ずる図面,P-F,,,,,,
46201-3400-464.zip,092-523,,false,-1699.908,672.430,-1696.668,402.740,-1373.261,676.265,-1370.134,406.535,旧土地台帳附属地図,地図に準ずる図面,P-F,,,,,,
46201-3400-464.zip,092-524,,false,-2188.632,578.963,-2042.761,352.103,-1913.698,756.017,-1767.936,528.906,旧土地台帳附属地図,地図に準ずる図面,P-F,,,,,,
46201-3400-464.zip,092-525,,false,120.487,1073.927,-4.266,1313.052,-169.192,922.930,-293.859,1162.057,旧土地台帳附属地図,地図に準ずる図面,P-F,,,,,,
46201-3400-464.zip,092-526,,false,-296.250,1090.345,-438.353,1319.583,-574.104,917.910,-716.107,1147.346,旧土地台帳附属地図,地図に準ずる図面,P-F,,,,,,
46201-3400-464.zip,092-527,,false,-1093.080,1200.573,-1037.382,936.677,-773.264,1267.884,-717.811,1003.858,旧土地台帳附属地図,地図に準ずる図面,P-F,,,,,,
46201-3400-464.zip,092-528,1200,false,-1198.246,922.700,-1191.057,1462.079,-1852.300,931.063,-1844.729,1470.591,旧土地台帳附属地図,地図に準ずる図面,P-F,,,,,,
46201-3400-464.zip,092-529,,false,-1966.618,1016.838,-1956.176,1286.346,-2293.034,1029.698,-2282.478,1299.201,旧土地台帳附属地図,地図に準ずる図面,P-F,,,,,,
46201-3400-464.zip,092-530,,false,-2703.917,1337.276,-2809.916,1089.269,-2403.170,1208.965,-2509.369,960.878,旧土地台帳附属地図,地図に準ずる図面,P-F,,,,,,
46201-3400-464.zip,092-531,,false,106.786,1606.256,-40.784,1832.015,-166.642,1427.509,-314.148,1653.310,旧土地台帳附属地図,地図に準ずる図面,P-F,,,,,,
46201-3400-464.zip,092-532,,false,-447.161,1861.678,-692.244,1748.895,-310.215,1564.721,-555.447,1452.078,旧土地台帳附属地図,地図に準ずる図面,P-F,,,,,,
46201-3400-464.zip,092-533,,true,-970.202,1495.158,-700.568,1494.815,-969.744,1821.827,-700.034,1821.408,旧土地台帳附属地図,地図に準ずる図面,P-F,,,,,,
46201-3400-464.zip,092-534,1200,false,-1521.615,1365.725,-982.299,1355.095,-1509.065,2019.782,-969.454,2008.689,旧土地台帳附属地図,地図に準ずる図面,P-F,,,,,,
46201-3400-464.zip,092-535,,false,-1635.487,1847.989,-1905.018,1856.704,-1646.051,1521.566,-1915.585,1530.205,旧土地台帳附属地図,地図に準ずる図面,P-F,,,,,,
46201-3400-464.zip,092-536,1200,false,-2537.629,1317.120,-1999.943,1273.869,-2485.581,1968.997,-1947.691,1925.424,旧土地台帳附属地図,地図に準ずる図面,P-F,,,,,,
46201-3400-464.zip,092-537,,false,-258.996,2293.408,-201.257,2030.068,60.044,2363.418,117.779,2099.921,旧土地台帳附属地図,地図に準ずる図面,P-F,,,,,,
46201-3400-464.zip,092-538,,true,-542.164,2053.511,-272.416,2053.016,-541.745,2380.600,-271.920,2379.876,旧土地台帳附属地図,地図に準ずる図面,P-F,,,,,,
46201-3400-464.zip,092-539,1200,false,-603.768,1947.879,-598.927,2487.364,-1257.017,1953.949,-1252.024,2493.280,旧土地台帳附属地図,地図に準ずる図面,P-F,,,,,,
46201-3400-464.zip,092-540,,false,-1325.994,2326.023,-1595.287,2340.313,-1343.106,1999.459,-1612.580,2013.949,旧土地台帳附属地図,地図に準ずる図面,P-F,,,,,,
46201-3400-464.zip,092-541,,false,-1781.616,2384.760,-2035.634,2294.216,-1672.051,2076.972,-1926.133,1986.608,旧土地台帳附属地図,地図に準ずる図面,P-F,,,,,,
46201-3400-464.zip,092-512,,false,-190.215,-43.532,22.040,-209.878,11.320,213.464,223.498,47.082,旧土地台帳附属地図,地図に準ずる図面,P-F,,,,,,
46201-3400-465.zip,114-112-1,,true,28696.326,2801.323,28959.393,2860.992,28623.979,3120.000,28887.162,3179.499,旧土地台帳附属地図,地図に準ずる図面,P-F,,,,1980,1,30
46201-3400-465.zip,114-104-1,,true,28089.709,1620.893,28359.330,1614.039,28098.014,1947.571,28367.635,1940.717,旧土地台帳附属地図,地図に準ずる図面,P-F,,,,1980,1,30
46201-3400-465.zip,114-113-1,,true,28682.867,2206.164,28952.360,2218.748,28667.625,2532.592,28937.118,2545.176,旧土地台帳附属地図,地図に準ずる図面,P-F,,,,1980,1,30
46201-3400-465.zip,114-105-1,,true,28066.329,437.296,28335.915,430.501,28074.561,763.900,28344.147,757.105,旧土地台帳附属地図,地図に準ずる図面,P-F,,,,1980,1,30
46201-3400-465.zip,114-139-1,,true,28081.964,1046.557,28351.137,1065.273,28059.297,1372.552,28328.470,1391.268,旧土地台帳附属地図,地図に準ずる図面,P-F,,,,1980,1,30
46201-3400-465.zip,114-138-1,,true,28078.970,2252.280,28346.069,2214.300,28124.969,2575.771,28392.068,2537.791,旧土地台帳附属地図,地図に準ずる図面,P-F,,,,1980,1,30
46201-3400-465.zip,114-71-1,,true,28099.224,2814.537,28365.924,2855.253,28049.906,3137.584,28316.606,3178.300,旧土地台帳附属地図,地図に準ずる図面,P-F,,,,1980,1,30
46201-3400-466.zip,114-133-1,,true,26933.253,5771.003,27189.099,5856.722,26829.451,6080.822,27085.297,6166.541,旧土地台帳附属地図,地図に準ずる図面,P-F,,,,1980,1,30
46201-3400-466.zip,114-1-1,,true,26849.068,5240.037,27116.762,5206.813,26889.331,5564.446,27157.025,5531.222,旧土地台帳附属地図,地図に準ずる図面,P-F,,,,1980,1,30
46201-3400-466.zip,114-43-1,,true,27412.517,4045.482,27681.661,4026.827,27435.113,4371.484,27704.257,4352.829,旧土地台帳附属地図,地図に準ずる図面,P-F,,,,1980,1,30
46201-3400-466.zip,114-42-1,,true,27440.217,5243.563,27709.809,5234.402,27451.316,5570.196,27720.908,5561.035,旧土地台帳附属地図,地図に準ずる図面,P-F,,,,1980,1,30
46201-3400-466.zip,114-156-1,,true,27495.851,3416.840,27765.166,3433.502,27475.665,3743.122,27744.980,3759.784,旧土地台帳附属地図,地図に準ずる図面,P-F,,,,1980,1,30
46201-3400-466.zip,114-116-1,,true,27485.741,4639.742,27754.834,4660.093,27461.089,4965.708,27730.182,4986.059,旧土地台帳附属地図,地図に準ずる図面,P-F,,,,1980,1,30
46201-3400-466.zip,114-49-1,,true,27486.612,5815.579,27753.501,5854.752,27439.162,6138.863,27706.050,6178.036,旧土地台帳附属地図,地図に準ずる図面,P-F,,,,1980,1,30
46201-3400-466.zip,114-24-1,,true,26872.340,3445.098,27142.151,3450.430,26865.880,3771.972,27135.691,3777.304,旧土地台帳附属地図,地図に準ずる図面,P-F,,,,1980,1,30
46201-3400-466.zip,114-23-1,,true,26876.236,4035.682,27145.891,4042.731,26867.696,4362.391,27137.351,4369.440,旧土地台帳附属地図,地図に準ずる図面,P-F,,,,1980,1,30
46201-3400-466.zip,114-22-1,,true,26924.830,4579.767,27166.104,4700.308,26778.764,4872.132,27020.038,4992.673,旧土地台帳附属地図,地図に準ずる図面,P-F,,,,1980,1,30
46201-3400-467.zip,114-130-1,,true,26875.888,8829.383,27145.324,8842.354,26860.172,9155.826,27129.608,9168.797,旧土地台帳附属地図,地図に準ずる図面,P-F,,,,1980,1,30
46201-3400-467.zip,114-96-1,,true,26889.180,8174.691,27144.660,8261.521,26784.033,8484.065,27039.513,8570.895,旧土地台帳附属地図,地図に準ずる図面,P-F,,,,1980,1,30
46201-3400-467.zip,114-131-1,,true,26259.297,6460.736,26521.996,6399.296,26333.726,6778.973,26596.425,6717.533,旧土地台帳附属地図,地図に準ずる図面,P-F,,,,1980,1,30
46201-3400-467.zip,114-35-1,,true,26268.009,7064.635,26533.362,7016.145,26326.759,7386.133,26592.112,7337.643,旧土地台帳附属地図,地図に準ずる図面,P-F,,,,1980,1,30
46201-3400-467.zip,114-36-1,,true,26312.043,7634.037,26581.821,7639.032,26305.994,7960.727,26575.772,7965.722,旧土地台帳附属地図,地図に準ずる図面,P-F,,,,1980,1,30
46201-3400-467.zip,114-147-1,,true,26335.771,8193.631,26594.532,8270.316,26242.889,8507.048,26501.650,8583.733,旧土地台帳附属地図,地図に準ずる図面,P-F,,,,1980,1,30
46201-3400-467.zip,114-140-1,,true,26331.636,8769.022,26577.877,8879.068,26198.351,9067.264,26444.592,9177.310,旧土地台帳附属地図,地図に準ずる図面,P-F,,,,1980,1,30
46201-3400-468.zip,114-74,,true,32271.338,5260.304,32538.297,5221.080,32318.783,5583.665,32585.682,5544.295,旧土地台帳附属地図,地図に準ずる図面,P-F,,,,1980,1,30
46201-3400-468.zip,114-73,,true,32269.311,5838.765,32535.953,5797.704,32318.969,6161.791,32585.669,6120.606,旧土地台帳附属地図,地図に準ずる図面,P-F,,,,1980,1,30
46201-3400-468.zip,114-62,,true,31614.062,3508.280,31853.427,3384.070,31764.433,3798.371,32003.865,3674.040,旧土地台帳附属地図,地図に準ずる図面,P-F,,,,1980,1,30
46201-3400-468.zip,114-61,,true,31678.232,4031.170,31947.609,4016.264,31696.210,4357.425,31965.620,4342.440,旧土地台帳附属地図,地図に準ずる図面,P-F,,,,1980,1,30
46201-3400-468.zip,114-60,,true,31689.884,4620.488,31959.329,4606.952,31706.181,4946.826,31975.698,4933.211,旧土地台帳附属地図,地図に準ずる図面,P-F,,,,1980,1,30
46201-3400-468.zip,114-59,,true,31677.137,5236.478,31942.921,5190.608,31732.648,5558.517,31998.531,5512.552,旧土地台帳附属地図,地図に準ずる図面,P-F,,,,1980,1,30
46201-3400-468.zip,114-58,,true,31706.829,5828.008,31975.737,5849.272,31680.978,6153.767,31949.934,6174.920,旧土地台帳附属地図,地図に準ずる図面,P-F,,,,1980,1,30
46201-3400-469.zip,114-69,,true,32262.687,8245.034,32532.207,8232.238,32278.197,8571.524,32547.673,8558.616,旧土地台帳附属地図,地図に準ずる図面,P-F,,,,1980,1,30
46201-3400-469.zip,114-57,,true,31701.924,6418.413,31971.049,6434.952,31681.739,6744.534,31951.056,6761.046,旧土地台帳附属地図,地図に準ずる図面,P-F,,,,1980,1,30
46201-3400-469.zip,114-56,,true,31671.825,7050.830,31941.377,7037.920,31687.425,7377.240,31956.896,7364.220,旧土地台帳附属地図,地図に準ずる図面,P-F,,,,1980,1,30
46201-3400-469.zip,114-55,,true,31687.360,7616.250,31956.985,7606.952,31698.522,7942.804,31968.220,7933.428,旧土地台帳附属地図,地図に準ずる図面,P-F,,,,1980,1,30
46201-3400-469.zip,114-53,,true,31683.394,8837.316,31952.297,8858.648,31657.547,9163.153,31926.424,9184.330,旧土地台帳附属地図,地図に準ずる図面,P-F,,,,1980,1,30
46201-3400-469.zip,114-54-2,,true,31696.525,8206.777,31964.012,8242.212,31653.595,8530.845,31921.082,8566.280,旧土地台帳附属地図,地図に準ずる図面,P-F,,,,1980,1,30
46201-3400-469.zip,114-68-2,,true,32259.187,8891.428,32521.567,8829.307,32334.448,9209.310,32596.829,9147.189,旧土地台帳附属地図,地図に準ずる図面,P-F,,,,1980,1,30
46201-3400-47.zip,092-146-4,500,false,-167838.930,-46619.358,-167688.926,-46619.354,-167838.930,-46419.360,-167688.925,-46419.355,土地改良所在図,地図に準ずる図面,P-F,,,,,,
46201-3400-47.zip,092-146-5,500,false,-168138.939,-46619.367,-167988.934,-46619.363,-168138.938,-46419.368,-167988.934,-46419.364,土地改良所在図,地図に準ずる図面,P-F,,,,,,
46201-3400-47.zip,092-146-6,500,false,-167988.934,-46419.364,-167838.930,-46419.360,-167988.932,-46219.366,-167838.928,-46219.362,土地改良所在図,地図に準ずる図面,P-F,,,,,,
46201-3400-47.zip,092-146-7,500,false,-167988.934,-46619.363,-167838.930,-46619.358,-167988.934,-46419.364,-167838.930,-46419.360,土地改良所在図,地図に準ずる図面,P-F,,,,,,
46201-3400-47.zip,092-146-8,500,false,-168138.938,-46419.368,-167988.934,-46419.364,-168138.936,-46219.370,-167988.932,-46219.366,土地改良所在図,地図に準ずる図面,P-F,,,,,,
46201-3400-470.zip,D   52-4,500,false,-139128.675,-41619.604,-138978.670,-41619.604,-139128.686,-41419.600,-138978.681,-41419.600,地籍図,法第14条1項地図,P-F,,,,,,
46201-3400-470.zip,J   12-3,500,false,-139428.677,-41819.607,-139278.673,-41819.607,-139428.682,-41619.604,-139278.678,-41619.604,地籍図,法第14条1項地図,P-F,,,,,,
46201-3400-470.zip,J   12-4,500,false,-139428.682,-41619.604,-139278.678,-41619.604,-139428.692,-41419.600,-139278.689,-41419.600,地籍図,法第14条1項地図,P-F,,,,,,
46201-3400-470.zip,J   13-1,500,false,-139278.689,-41419.600,-139128.686,-41419.600,-139278.700,-41219.595,-139128.697,-41219.595,地籍図,法第14条1項地図,P-F,,,,,,
46201-3400-470.zip,J   13-3,500,false,-139428.692,-41419.600,-139278.689,-41419.600,-139428.703,-41219.595,-139278.700,-41219.595,地籍図,法第14条1項地図,P-F,,,,,,
46201-3400-470.zip,J   22-2,500,false,-139578.685,-41619.604,-139428.682,-41619.604,-139578.696,-41419.600,-139428.692,-41419.600,地籍図,法第14条1項地図,P-F,,,,,,
46201-3400-470.zip,J   22-1,500,false,-139578.681,-41819.607,-139428.677,-41819.607,-139578.685,-41619.604,-139428.682,-41619.604,地籍図,法第14条1項地図,P-F,,,,,,
46201-3400-470.zip,J   22-4,500,false,-139728.689,-41619.604,-139578.685,-41619.604,-139728.699,-41419.600,-139578.696,-41419.600,地籍図,法第14条1項地図,P-F,,,,,,
46201-3400-470.zip,J   23-1,500,false,-139578.696,-41419.600,-139428.692,-41419.600,-139578.706,-41219.595,-139428.703,-41219.595,地籍図,法第14条1項地図,P-F,,,,,,
46201-3400-470.zip,J   23-2,500,false,-139578.706,-41219.595,-139428.703,-41219.595,-139578.716,-41019.590,-139428.714,-41019.590,地籍図,法第14条1項地図,P-F,,,,,,
46201-3400-470.zip,J   23-3,500,false,-139728.699,-41419.600,-139578.696,-41419.600,-139728.709,-41219.595,-139578.706,-41219.595,地籍図,法第14条1項地図,P-F,,,,,,
46201-3400-470.zip,J   23-4,500,false,-139728.709,-41219.595,-139578.706,-41219.595,-139728.719,-41019.591,-139578.716,-41019.590,地籍図,法第14条1項地図,P-F,,,,,,
46201-3400-470.zip,J   24-3,500,false,-139728.719,-41019.591,-139578.716,-41019.590,-139728.729,-40819.586,-139578.726,-40819.586,地籍図,法第14条1項地図,P-F,,,,,,
46201-3400-470.zip,J   24-4,500,false,-139728.729,-40819.586,-139578.726,-40819.586,-139728.739,-40619.582,-139578.737,-40619.581,地籍図,法第14条1項地図,P-F,,,,,,
46201-3400-470.zip,J   25-1,500,false,-139578.737,-40619.581,-139428.735,-40619.581,-139578.747,-40419.577,-139428.746,-40419.577,地籍図,法第14条1項地図,P-F,,,,,,
46201-3400-470.zip,J   25-2,500,false,-139578.747,-40419.577,-139428.746,-40419.577,-139578.759,-40219.574,-139428.759,-40219.574,地籍図,法第14条1項地図,P-F,,,,,,
46201-3400-470.zip,J   25-3,500,false,-139728.739,-40619.582,-139578.737,-40619.581,-139728.749,-40419.577,-139578.747,-40419.577,地籍図,法第14条1項地図,P-F,,,,,,
46201-3400-470.zip,J   25-4,500,false,-139728.749,-40419.577,-139578.747,-40419.577,-139728.759,-40219.575,-139578.759,-40219.574,地籍図,法第14条1項地図,P-F,,,,,,
46201-3400-470.zip,J   33-2,500,false,-139878.712,-41219.595,-139728.709,-41219.595,-139878.721,-41019.591,-139728.719,-41019.591,地籍図,法第14条1項地図,P-F,,,,,,
46201-3400-470.zip,J   33-1,500,false,-139878.702,-41419.600,-139728.699,-41419.600,-139878.712,-41219.595,-139728.709,-41219.595,地籍図,法第14条1項地図,P-F,,,,,,
46201-3400-470.zip,J   33-4,500,false,-140028.715,-41219.595,-139878.712,-41219.595,-140028.724,-41019.591,-139878.721,-41019.591,地籍図,法第14条1項地図,P-F,,,,,,
46201-3400-470.zip,J   34-1,500,false,-139878.721,-41019.591,-139728.719,-41019.591,-139878.731,-40819.586,-139728.729,-40819.586,地籍図,法第14条1項地図,P-F,,,,,,
46201-3400-470.zip,J   34-2,500,false,-139878.731,-40819.586,-139728.729,-40819.586,-139878.740,-40619.582,-139728.739,-40619.582,地籍図,法第14条1項地図,P-F,,,,,,
46201-3400-470.zip,J   34-3,500,false,-140028.724,-41019.591,-139878.721,-41019.591,-140028.733,-40819.586,-139878.731,-40819.586,地籍図,法第14条1項地図,P-F,,,,,,
46201-3400-470.zip,J   34-4,500,false,-140028.733,-40819.586,-139878.731,-40819.586,-140028.742,-40619.582,-139878.740,-40619.582,地籍図,法第14条1項地図,P-F,,,,,,
46201-3400-470.zip,J   35-1,500,false,-139878.740,-40619.582,-139728.739,-40619.582,-139878.750,-40419.578,-139728.749,-40419.577,地籍図,法第14条1項地図,P-F,,,,,,
46201-3400-470.zip,J   35-2,500,false,-139878.750,-40419.578,-139728.749,-40419.577,-139878.759,-40219.575,-139728.759,-40219.575,地籍図,法第14条1項地図,P-F,,,,,,
46201-3400-470.zip,J   35-3,500,false,-140028.742,-40619.582,-139878.740,-40619.582,-140028.751,-40419.578,-139878.750,-40419.578,地籍図,法第14条1項地図,P-F,,,,,,
46201-3400-470.zip,J   35-4,500,false,-140028.751,-40419.578,-139878.750,-40419.578,-140028.759,-40219.575,-139878.759,-40219.575,地籍図,法第14条1項地図,P-F,,,,,,
46201-3400-470.zip,J   44-1,500,false,-140178.726,-41019.589,-140028.724,-41019.591,-140178.734,-40819.585,-140028.733,-40819.586,地籍図,法第14条1項地図,P-F,,,,,,
46201-3400-470.zip,J   44-2,500,false,-140178.734,-40819.585,-140028.733,-40819.586,-140178.742,-40619.581,-140028.742,-40619.582,地籍図,法第14条1項地図,P-F,,,,,,
46201-3400-470.zip,J   44-4,500,false,-140328.735,-40819.584,-140178.734,-40819.585,-140328.743,-40619.580,-140178.742,-40619.581,地籍図,法第14条1項地図,P-F,,,,,,
46201-3400-470.zip,J   45-1,500,false,-140178.742,-40619.581,-140028.742,-40619.582,-140178.750,-40419.578,-140028.751,-40419.578,地籍図,法第14条1項地図,P-F,,,,,,
46201-3400-470.zip,J   45-2,500,false,-140178.750,-40419.578,-140028.751,-40419.578,-140178.758,-40219.575,-140028.759,-40219.575,地籍図,法第14条1項地図,P-F,,,,,,
46201-3400-470.zip,J   45-3,500,false,-140328.743,-40619.580,-140178.742,-40619.581,-140328.750,-40419.577,-140178.750,-40419.578,地籍図,法第14条1項地図,P-F,,,,,,
46201-3400-470.zip,J   45-4,500,false,-140328.750,-40419.577,-140178.750,-40419.578,-140328.757,-40219.575,-140178.758,-40219.575,地籍図,法第14条1項地図,P-F,,,,,,
46201-3400-470.zip,K   21-3,500,false,-139728.759,-40219.575,-139578.759,-40219.574,-139728.770,-40019.572,-139578.771,-40019.571,地籍図,法第14条1項地図,P-F,,,,,,
46201-3400-470.zip,K   21-4,500,false,-139728.770,-40019.572,-139578.771,-40019.571,-139728.780,-39819.569,-139578.782,-39819.568,地籍図,法第14条1項地図,P-F,,,,,,
46201-3400-470.zip,K   31-1,500,false,-139878.759,-40219.575,-139728.759,-40219.575,-139878.769,-40019.572,-139728.770,-40019.572,地籍図,法第14条1項地図,P-F,,,,,,
46201-3400-470.zip,K   31-2,500,false,-139878.769,-40019.572,-139728.770,-40019.572,-139878.778,-39819.570,-139728.780,-39819.569,地籍図,法第14条1項地図,P-F,,,,,,
46201-3400-470.zip,K   31-3,500,false,-140028.759,-40219.575,-139878.759,-40219.575,-140028.768,-40019.573,-139878.769,-40019.572,地籍図,法第14条1項地図,P-F,,,,,,
46201-3400-470.zip,K   31-4,500,false,-140028.768,-40019.573,-139878.769,-40019.572,-140028.776,-39819.570,-139878.778,-39819.570,地籍図,法第14条1項地図,P-F,,,,,,
46201-3400-470.zip,K   32-1,500,false,-139878.778,-39819.570,-139728.780,-39819.569,-139878.788,-39619.567,-139728.791,-39619.566,地籍図,法第14条1項地図,P-F,,,,,,
46201-3400-470.zip,K   32-3,500,false,-140028.776,-39819.570,-139878.778,-39819.570,-140028.785,-39619.568,-139878.788,-39619.567,地籍図,法第14条1項地図,P-F,,,,,,
46201-3400-470.zip,K   41-1,500,false,-140178.758,-40219.575,-140028.759,-40219.575,-140178.766,-40019.573,-140028.768,-40019.573,地籍図,法第14条1項地図,P-F,,,,,,
46201-3400-470.zip,K   41-2,500,false,-140178.766,-40019.573,-140028.768,-40019.573,-140178.774,-39819.570,-140028.776,-39819.570,地籍図,法第14条1項地図,P-F,,,,,,
46201-3400-470.zip,K   41-3,500,false,-140328.757,-40219.575,-140178.758,-40219.575,-140328.764,-40019.573,-140178.766,-40019.573,地籍図,法第14条1項地図,P-F,,,,,,
46201-3400-470.zip,D   53-3,500,false,-139128.686,-41419.600,-138978.681,-41419.600,-139128.697,-41219.595,-138978.693,-41219.595,地籍図,法第14条1項地図,P-F,,,,,,
46201-3400-470.zip,K   41-4,500,false,-140328.764,-40019.573,-140178.766,-40019.573,-140328.772,-39819.570,-140178.774,-39819.570,地籍図,法第14条1項地図,P-F,,,,,,
46201-3400-470.zip,K   42-1,500,false,-140178.774,-39819.570,-140028.776,-39819.570,-140178.782,-39619.568,-140028.785,-39619.568,地籍図,法第14条1項地図,P-F,,,,,,
46201-3400-470.zip,K   42-2,500,false,-140178.782,-39619.568,-140028.785,-39619.568,-140178.790,-39419.565,-140028.793,-39419.565,地籍図,法第14条1項地図,P-F,,,,,,
46201-3400-470.zip,K   42-3,500,false,-140328.772,-39819.570,-140178.774,-39819.570,-140328.779,-39619.568,-140178.782,-39619.568,地籍図,法第14条1項地図,P-F,,,,,,
46201-3400-470.zip,K   42-4,500,false,-140328.779,-39619.568,-140178.782,-39619.568,-140328.786,-39419.566,-140178.790,-39419.565,地籍図,法第14条1項地図,P-F,,,,,,
46201-3400-470.zip,K   43-3,500,false,-140328.786,-39419.566,-140178.790,-39419.565,-140328.789,-39219.565,-140178.793,-39219.564,地籍図,法第14条1項地図,P-F,,,,,,
46201-3400-470.zip,K   51-2,500,false,-140478.763,-40019.573,-140328.764,-40019.573,-140478.769,-39819.570,-140328.772,-39819.570,地籍図,法第14条1項地図,P-F,,,,,,
46201-3400-470.zip,K   52-1,500,false,-140478.769,-39819.570,-140328.772,-39819.570,-140478.776,-39619.568,-140328.779,-39619.568,地籍図,法第14条1項地図,P-F,,,,,,
46201-3400-470.zip,K   52-2,500,false,-140478.776,-39619.568,-140328.779,-39619.568,-140478.782,-39419.566,-140328.786,-39419.566,地籍図,法第14条1項地図,P-F,,,,,,
46201-3400-470.zip,K   52-4,500,false,-140628.773,-39619.569,-140478.776,-39619.568,-140628.779,-39419.567,-140478.782,-39419.566,地籍図,法第14条1項地図,P-F,,,,,,
46201-3400-470.zip,K   53-1,500,false,-140478.782,-39419.566,-140328.786,-39419.566,-140478.786,-39219.565,-140328.789,-39219.565,地籍図,法第14条1項地図,P-F,,,,,,
46201-3400-470.zip,K   53-3,500,false,-140628.779,-39419.567,-140478.782,-39419.566,-140628.782,-39219.566,-140478.786,-39219.565,地籍図,法第14条1項地図,P-F,,,,,,
46201-3400-470.zip,J   12-1,500,false,-139278.673,-41819.607,-139128.670,-41819.608,-139278.678,-41619.604,-139128.675,-41619.604,地籍図,法第14条1項地図,P-F,,,,,,
46201-3400-470.zip,J   12-2,500,false,-139278.678,-41619.604,-139128.675,-41619.604,-139278.689,-41419.600,-139128.686,-41419.600,地籍図,法第14条1項地図,P-F,,,,,,
46201-3400-470.zip,K   51-1,500,false,-140478.756,-40219.575,-140328.757,-40219.575,-140478.763,-40019.573,-140328.764,-40019.573,地籍図,法第14条1項地図,P-F,,,,,,
46201-3400-471.zip,C1  11-1,500,false,-145278.798,-44219.547,-145128.795,-44219.549,-145278.794,-44019.548,-145128.791,-44019.550,地籍図,法第14条1項地図,P-F,2003,3,28,,,
46201-3400-471.zip,C1  11-2,500,false,-145278.794,-44019.548,-145128.791,-44019.550,-145278.791,-43819.549,-145128.788,-43819.551,地籍図,法第14条1項地図,P-F,2003,3,28,,,
46201-3400-471.zip,C1  11-3,500,false,-145428.802,-44219.545,-145278.798,-44219.547,-145428.797,-44019.546,-145278.794,-44019.548,地籍図,法第14条1項地図,P-F,2003,3,28,,,
46201-3400-471.zip,C1  11-4,500,false,-145428.797,-44019.546,-145278.794,-44019.548,-145428.795,-43819.547,-145278.791,-43819.549,地籍図,法第14条1項地図,P-F,2003,3,28,,,
46201-3400-471.zip,C1  12-1,500,false,-145278.791,-43819.549,-145128.788,-43819.551,-145278.789,-43619.549,-145128.786,-43619.551,地籍図,法第14条1項地図,P-F,2003,3,28,,,
46201-3400-471.zip,C1  12-2,500,false,-145278.789,-43619.549,-145128.786,-43619.551,-145278.786,-43419.550,-145128.783,-43419.552,地籍図,法第14条1項地図,P-F,2003,3,28,,,
46201-3400-471.zip,C1  12-3,500,false,-145428.795,-43819.547,-145278.791,-43819.549,-145428.792,-43619.548,-145278.789,-43619.549,地籍図,法第14条1項地図,P-F,2003,3,28,,,
46201-3400-471.zip,C1  12-4,500,false,-145428.792,-43619.548,-145278.789,-43619.549,-145428.789,-43419.549,-145278.786,-43419.550,地籍図,法第14条1項地図,P-F,2003,3,28,,,
46201-3400-471.zip,C1  13-1,500,false,-145278.786,-43419.550,-145128.783,-43419.552,-145278.783,-43219.551,-145128.781,-43219.552,地籍図,法第14条1項地図,P-F,2003,3,28,,,
46201-3400-471.zip,C1  13-2,500,false,-145278.783,-43219.551,-145128.781,-43219.552,-145278.781,-43019.551,-145128.778,-43019.553,地籍図,法第14条1項地図,P-F,2003,3,28,,,
46201-3400-471.zip,C1  13-3,500,false,-145428.789,-43419.549,-145278.786,-43419.550,-145428.786,-43219.549,-145278.783,-43219.551,地籍図,法第14条1項地図,P-F,2003,3,28,,,
46201-3400-471.zip,C1  13-4,500,false,-145428.786,-43219.549,-145278.783,-43219.551,-145428.783,-43019.550,-145278.781,-43019.551,地籍図,法第14条1項地図,P-F,2003,3,28,,,
46201-3400-471.zip,C1  14-1,500,false,-145278.781,-43019.551,-145128.778,-43019.553,-145278.778,-42819.551,-145128.776,-42819.552,地籍図,法第14条1項地図,P-F,2003,3,28,,,
46201-3400-471.zip,C1  14-2,500,false,-145278.778,-42819.551,-145128.776,-42819.552,-145278.775,-42619.550,-145128.773,-42619.551,地籍図,法第14条1項地図,P-F,2003,3,28,,,
46201-3400-471.zip,C1  14-3,500,false,-145428.783,-43019.550,-145278.781,-43019.551,-145428.780,-42819.550,-145278.778,-42819.551,地籍図,法第14条1項地図,P-F,2003,3,28,,,
46201-3400-471.zip,C1  14-4,500,false,-145428.780,-42819.550,-145278.778,-42819.551,-145428.777,-42619.549,-145278.775,-42619.550,地籍図,法第14条1項地図,P-F,2003,3,28,,,
46201-3400-471.zip,C1  15-1,500,false,-145278.775,-42619.550,-145128.773,-42619.551,-145278.773,-42419.548,-145128.771,-42419.550,地籍図,法第14条1項地図,P-F,2003,3,28,,,
46201-3400-471.zip,C1  15-2,500,false,-145278.773,-42419.548,-145128.771,-42419.550,-145278.770,-42219.547,-145128.768,-42219.548,地籍図,法第14条1項地図,P-F,2003,3,28,,,
46201-3400-471.zip,C1  15-3,500,false,-145428.777,-42619.549,-145278.775,-42619.550,-145428.775,-42419.547,-145278.773,-42419.548,地籍図,法第14条1項地図,P-F,2003,3,28,,,
46201-3400-471.zip,C1  15-4,500,false,-145428.775,-42419.547,-145278.773,-42419.548,-145428.772,-42219.546,-145278.770,-42219.547,地籍図,法第14条1項地図,P-F,2003,3,28,,,
46201-3400-471.zip,C1  21-1,500,false,-145578.804,-44219.543,-145428.802,-44219.545,-145578.800,-44019.544,-145428.797,-44019.546,地籍図,法第14条1項地図,P-F,2003,3,28,,,
46201-3400-471.zip,C1  21-2,500,false,-145578.800,-44019.544,-145428.797,-44019.546,-145578.797,-43819.545,-145428.795,-43819.547,地籍図,法第14条1項地図,P-F,2003,3,28,,,
46201-3400-471.zip,C1  21-3,500,false,-145728.804,-44219.541,-145578.804,-44219.543,-145728.800,-44019.543,-145578.800,-44019.544,地籍図,法第14条1項地図,P-F,2003,3,28,,,
46201-3400-471.zip,C1  21-4,500,false,-145728.800,-44019.543,-145578.800,-44019.544,-145728.798,-43819.544,-145578.797,-43819.545,地籍図,法第14条1項地図,P-F,2003,3,28,,,
46201-3400-471.zip,C1  22-1,500,false,-145578.797,-43819.545,-145428.795,-43819.547,-145578.794,-43619.546,-145428.792,-43619.548,地籍図,法第14条1項地図,P-F,2003,3,28,,,
46201-3400-471.zip,C1  22-2,500,false,-145578.794,-43619.546,-145428.792,-43619.548,-145578.791,-43419.547,-145428.789,-43419.549,地籍図,法第14条1項地図,P-F,2003,3,28,,,
46201-3400-471.zip,C1  22-3,500,false,-145728.798,-43819.544,-145578.797,-43819.545,-145728.795,-43619.545,-145578.794,-43619.546,地籍図,法第14条1項地図,P-F,2003,3,28,,,
46201-3400-471.zip,C1  22-4,500,false,-145728.795,-43619.545,-145578.794,-43619.546,-145728.792,-43419.547,-145578.791,-43419.547,地籍図,法第14条1項地図,P-F,2003,3,28,,,
46201-3400-471.zip,C1  23-1,500,false,-145578.791,-43419.547,-145428.789,-43419.549,-145578.788,-43219.548,-145428.786,-43219.549,地籍図,法第14条1項地図,P-F,2003,3,28,,,
46201-3400-471.zip,C1  23-2,500,false,-145578.788,-43219.548,-145428.786,-43219.549,-145578.785,-43019.549,-145428.783,-43019.550,地籍図,法第14条1項地図,P-F,2003,3,28,,,
46201-3400-471.zip,C1  23-3,500,false,-145728.792,-43419.547,-145578.791,-43419.547,-145728.789,-43219.548,-145578.788,-43219.548,地籍図,法第14条1項地図,P-F,2003,3,28,,,
46201-3400-471.zip,C1  23-4,500,false,-145728.789,-43219.548,-145578.788,-43219.548,-145728.786,-43019.549,-145578.785,-43019.549,地籍図,法第14条1項地図,P-F,2003,3,28,,,
46201-3400-471.zip,C1  24-1,500,false,-145578.785,-43019.549,-145428.783,-43019.550,-145578.782,-42819.550,-145428.780,-42819.550,地籍図,法第14条1項地図,P-F,2003,3,28,,,
46201-3400-471.zip,C1  25-2,500,false,-145578.776,-42419.546,-145428.775,-42419.547,-145578.773,-42219.545,-145428.772,-42219.546,地籍図,法第14条1項地図,P-F,2003,3,28,,,
46201-3400-471.zip,D1  11-1,500,false,-145278.770,-42219.547,-145128.768,-42219.548,-145278.767,-42019.546,-145128.766,-42019.547,地籍図,法第14条1項地図,P-F,2003,3,28,,,
46201-3400-471.zip,D1  11-3,500,false,-145428.772,-42219.546,-145278.770,-42219.547,-145428.769,-42019.544,-145278.767,-42019.546,地籍図,法第14条1項地図,P-F,2003,3,28,,,
46201-3400-471.zip,D1  21-1,500,false,-145578.773,-42219.545,-145428.772,-42219.546,-145578.771,-42019.543,-145428.769,-42019.544,地籍図,法第14条1項地図,P-F,2003,3,28,,,
46201-3400-471.zip,W   43-1,500,false,-144678.775,-43419.556,-144528.772,-43419.558,-144678.774,-43219.556,-144528.771,-43219.558,地籍図,法第14条1項地図,P-F,2003,3,28,,,
46201-3400-471.zip,W   43-2,500,false,-144678.774,-43219.556,-144528.771,-43219.558,-144678.772,-43019.556,-144528.769,-43019.557,地籍図,法第14条1項地図,P-F,2003,3,28,,,
46201-3400-471.zip,W   43-3,500,false,-144828.778,-43419.555,-144678.775,-43419.556,-144828.776,-43219.555,-144678.774,-43219.556,地籍図,法第14条1項地図,P-F,2003,3,28,,,
46201-3400-471.zip,W   43-4,500,false,-144828.776,-43219.555,-144678.774,-43219.556,-144828.774,-43019.555,-144678.772,-43019.556,地籍図,法第14条1項地図,P-F,2003,3,28,,,
46201-3400-471.zip,W   44-1,500,false,-144678.772,-43019.556,-144528.769,-43019.557,-144678.770,-42819.555,-144528.768,-42819.557,地籍図,法第14条1項地図,P-F,2003,3,28,,,
46201-3400-471.zip,W   44-3,500,false,-144828.774,-43019.555,-144678.772,-43019.556,-144828.772,-42819.554,-144678.770,-42819.555,地籍図,法第14条1項地図,P-F,2003,3,28,,,
46201-3400-471.zip,W   44-4,500,false,-144828.772,-42819.554,-144678.770,-42819.555,-144828.770,-42619.553,-144678.768,-42619.554,地籍図,法第14条1項地図,P-F,2003,3,28,,,
46201-3400-471.zip,W   45-2,500,false,-144678.765,-42419.553,-144528.763,-42419.554,-144678.763,-42219.552,-144528.761,-42219.553,地籍図,法第14条1項地図,P-F,2003,3,28,,,
46201-3400-471.zip,W   45-3,500,false,-144828.770,-42619.553,-144678.768,-42619.554,-144828.767,-42419.552,-144678.765,-42419.553,地籍図,法第14条1項地図,P-F,2003,3,28,,,
46201-3400-471.zip,W   45-4,500,false,-144828.767,-42419.552,-144678.765,-42419.553,-144828.765,-42219.550,-144678.763,-42219.552,地籍図,法第14条1項地図,P-F,2003,3,28,,,
46201-3400-471.zip,W   51-4,500,false,-145128.791,-44019.550,-144978.787,-44019.552,-145128.788,-43819.551,-144978.785,-43819.553,地籍図,法第14条1項地図,P-F,2003,3,28,,,
46201-3400-471.zip,W   52-1,500,false,-144978.785,-43819.553,-144828.782,-43819.555,-144978.783,-43619.553,-144828.780,-43619.555,地籍図,法第14条1項地図,P-F,2003,3,28,,,
46201-3400-471.zip,W   52-2,500,false,-144978.783,-43619.553,-144828.780,-43619.555,-144978.781,-43419.553,-144828.778,-43419.555,地籍図,法第14条1項地図,P-F,2003,3,28,,,
46201-3400-471.zip,W   52-3,500,false,-145128.788,-43819.551,-144978.785,-43819.553,-145128.786,-43619.551,-144978.783,-43619.553,地籍図,法第14条1項地図,P-F,2003,3,28,,,
46201-3400-471.zip,W   52-4,500,false,-145128.786,-43619.551,-144978.783,-43619.553,-145128.783,-43419.552,-144978.781,-43419.553,地籍図,法第14条1項地図,P-F,2003,3,28,,,
46201-3400-471.zip,W   53-1,500,false,-144978.781,-43419.553,-144828.778,-43419.555,-144978.778,-43219.553,-144828.776,-43219.555,地籍図,法第14条1項地図,P-F,2003,3,28,,,
46201-3400-471.zip,W   53-2,500,false,-144978.778,-43219.553,-144828.776,-43219.555,-144978.776,-43019.554,-144828.774,-43019.555,地籍図,法第14条1項地図,P-F,2003,3,28,,,
46201-3400-471.zip,W   53-3,500,false,-145128.783,-43419.552,-144978.781,-43419.553,-145128.781,-43219.552,-144978.778,-43219.553,地籍図,法第14条1項地図,P-F,2003,3,28,,,
46201-3400-471.zip,W   53-4,500,false,-145128.781,-43219.552,-144978.778,-43219.553,-145128.778,-43019.553,-144978.776,-43019.554,地籍図,法第14条1項地図,P-F,2003,3,28,,,
46201-3400-471.zip,W   54-1,500,false,-144978.776,-43019.554,-144828.774,-43019.555,-144978.774,-42819.553,-144828.772,-42819.554,地籍図,法第14条1項地図,P-F,2003,3,28,,,
46201-3400-471.zip,W   54-2,500,false,-144978.774,-42819.553,-144828.772,-42819.554,-144978.771,-42619.552,-144828.770,-42619.553,地籍図,法第14条1項地図,P-F,2003,3,28,,,
46201-3400-471.zip,W   54-3,500,false,-145128.778,-43019.553,-144978.776,-43019.554,-145128.776,-42819.552,-144978.774,-42819.553,地籍図,法第14条1項地図,P-F,2003,3,28,,,
46201-3400-471.zip,W   54-4,500,false,-145128.776,-42819.552,-144978.774,-42819.553,-145128.773,-42619.551,-144978.771,-42619.552,地籍図,法第14条1項地図,P-F,2003,3,28,,,
46201-3400-471.zip,W   55-1,500,false,-144978.771,-42619.552,-144828.770,-42619.553,-144978.769,-42419.551,-144828.767,-42419.552,地籍図,法第14条1項地図,P-F,2003,3,28,,,
46201-3400-471.zip,W   55-2,500,false,-144978.769,-42419.551,-144828.767,-42419.552,-144978.766,-42219.549,-144828.765,-42219.550,地籍図,法第14条1項地図,P-F,2003,3,28,,,
46201-3400-471.zip,W   55-3,500,false,-145128.773,-42619.551,-144978.771,-42619.552,-145128.771,-42419.550,-144978.769,-42419.551,地籍図,法第14条1項地図,P-F,2003,3,28,,,
46201-3400-471.zip,W   55-4,500,false,-145128.771,-42419.550,-144978.769,-42419.551,-145128.768,-42219.548,-144978.766,-42219.549,地籍図,法第14条1項地図,P-F,2003,3,28,,,
46201-3400-471.zip,Z   31-3,500,false,-144528.761,-42219.553,-144378.759,-42219.555,-144528.759,-42019.552,-144378.757,-42019.553,地籍図,法第14条1項地図,P-F,2003,3,28,,,
46201-3400-471.zip,Z   31-4,500,false,-144528.759,-42019.552,-144378.757,-42019.553,-144528.756,-41819.550,-144378.755,-41819.552,地籍図,法第14条1項地図,P-F,2003,3,28,,,
46201-3400-471.zip,Z   41-1,500,false,-144678.763,-42219.552,-144528.761,-42219.553,-144678.761,-42019.550,-144528.759,-42019.552,地籍図,法第14条1項地図,P-F,2003,3,28,,,
46201-3400-471.zip,Z   41-2,500,false,-144678.761,-42019.550,-144528.759,-42019.552,-144678.758,-41819.549,-144528.756,-41819.550,地籍図,法第14条1項地図,P-F,2003,3,28,,,
46201-3400-471.zip,Z   41-3,500,false,-144828.765,-42219.550,-144678.763,-42219.552,-144828.762,-42019.549,-144678.761,-42019.550,地籍図,法第14条1項地図,P-F,2003,3,28,,,
46201-3400-471.zip,Z   41-4,500,false,-144828.762,-42019.549,-144678.761,-42019.550,-144828.760,-41819.548,-144678.758,-41819.549,地籍図,法第14条1項地図,P-F,2003,3,28,,,
46201-3400-471.zip,Z   51-1,500,false,-144978.766,-42219.549,-144828.765,-42219.550,-144978.764,-42019.548,-144828.762,-42019.549,地籍図,法第14条1項地図,P-F,2003,3,28,,,
46201-3400-471.zip,Z   51-2,500,false,-144978.764,-42019.548,-144828.762,-42019.549,-144978.761,-41819.546,-144828.760,-41819.548,地籍図,法第14条1項地図,P-F,2003,3,28,,,
46201-3400-471.zip,Z   51-3,500,false,-145128.768,-42219.548,-144978.766,-42219.549,-145128.766,-42019.547,-144978.764,-42019.548,地籍図,法第14条1項地図,P-F,2003,3,28,,,
46201-3400-471.zip,Z   51-4,500,false,-145128.766,-42019.547,-144978.764,-42019.548,-145128.763,-41819.545,-144978.761,-41819.546,地籍図,法第14条1項地図,P-F,2003,3,28,,,
46201-3400-472.zip,069-1216,,true,-177.988,262.883,-229.792,91.310,62.506,189.432,11.292,18.756,旧土地台帳附属地図,地図に準ずる図面,P-F,,,,,,
46201-3400-472.zip,069-1217,,true,20.505,674.226,25.461,853.380,-230.915,681.875,-226.256,859.970,旧土地台帳附属地図,地図に準ずる図面,P-F,,,,,,
46201-3400-472.zip,069-1218,,true,-225.241,1321.248,-90.834,1202.692,-58.327,1509.374,75.482,1391.753,旧土地台帳附属地図,地図に準ずる図面,P-F,,,,,,
46201-3400-472.zip,069-1219,,true,-81.015,2092.968,-236.120,2003.324,44.185,1874.848,-109.927,1785.468,旧土地台帳附属地図,地図に準ずる図面,P-F,,,,,,
46201-3400-472.zip,069-1220,,true,-228.838,2541.463,-113.405,2404.315,-35.918,2702.812,79.037,2566.706,旧土地台帳附属地図,地図に準ずる図面,P-F,,,,,,
46201-3400-472.zip,069-1221,,true,-576.647,78.373,-578.280,257.551,-828.103,76.776,-830.032,254.922,旧土地台帳附属地図,地図に準ずる図面,P-F,,,,,,
46201-3400-472.zip,069-1222,,true,-811.411,823.606,-796.833,645.054,-560.691,843.381,-545.923,665.799,旧土地台帳附属地図,地図に準ずる図面,P-F,,,,,,
46201-3400-472.zip,069-1223,,true,-572.678,1426.169,-735.699,1501.182,-678.694,1198.106,-840.666,1272.300,旧土地台帳附属地図,地図に準ずる図面,P-F,,,,,,
46201-3400-472.zip,069-1224,,true,-733.272,2086.844,-843.551,1945.567,-535.502,1931.540,-644.853,1790.891,旧土地台帳附属地図,地図に準ずる図面,P-F,,,,,,
46201-3400-472.zip,069-1225,,true,-682.624,2417.410,-541.423,2527.725,-836.816,2616.049,-696.590,2725.942,旧土地台帳附属地図,地図に準ずる図面,P-F,,,,,,
46201-3400-472.zip,069-1227,,true,-1194.939,656.317,-1159.580,831.979,-1441.337,706.716,-1406.481,881.429,旧土地台帳附属地図,地図に準ずる図面,P-F,,,,,,
46201-3400-472.zip,069-1228,,true,-1406.243,1431.904,-1404.273,1252.731,-1154.790,1433.936,-1152.488,1255.794,旧土地台帳附属地図,地図に準ずる図面,P-F,,,,,,
46201-3400-472.zip,069-1229,,true,-1231.530,1830.783,-1142.019,1986.009,-1448.994,1957.045,-1360.186,2111.665,旧土地台帳附属地図,地図に準ずる図面,P-F,,,,,,
46201-3400-472.zip,069-1230,,true,-1282.622,2417.363,-1141.351,2527.589,-1436.797,2616.063,-1296.549,2725.927,旧土地台帳附属地図,地図に準ずる図面,P-F,,,,,,
46201-3400-472.zip,069-1231,,true,-1774.435,81.780,-1781.296,260.833,-2025.773,72.789,-2032.900,250.803,旧土地台帳附属地図,地図に準ずる図面,P-F,,,,,,
46201-3400-472.zip,069-1232,,true,-1980.445,860.786,-2028.331,688.118,-1738.316,792.916,-1785.596,621.148,旧土地台帳附属地図,地図に準ずる図面,P-F,,,,,,
46201-3400-472.zip,069-1233,,true,-1753.463,1348.316,-1846.994,1501.109,-1968.374,1217.682,-2061.635,1369.522,旧土地台帳附属地図,地図に準ずる図面,P-F,,,,,,
46201-3400-472.zip,069-1234,,true,-1756.078,1927.626,-1825.516,2092.768,-1988.185,1830.784,-2057.521,1994.895,旧土地台帳附属地図,地図に準ずる図面,P-F,,,,,,
46201-3400-472.zip,069-1235,,true,-1830.497,2679.103,-2007.832,2653.692,-1795.469,2430.132,-1971.769,2404.484,旧土地台帳附属地図,地図に準ずる図面,P-F,,,,,,
46201-3400-472.zip,069-1236,,true,-2394.227,57.124,-2360.226,233.015,-2640.985,105.530,-2607.472,280.506,旧土地台帳附属地図,地図に準ずる図面,P-F,,,,,,
46201-3400-472.zip,069-1237,,true,-2380.956,838.468,-2551.028,895.603,-2462.071,600.367,-2631.037,656.849,旧土地台帳附属地図,地図に準ずる図面,P-F,,,,,,
46201-3400-472.zip,069-1238,,true,-2370.772,1287.969,-2387.022,1466.568,-2621.455,1265.911,-2637.961,1443.531,旧土地台帳附属地図,地図に準ずる図面,P-F,,,,,,
46201-3400-472.zip,069-1239,,true,-2525.796,2089.269,-2644.176,1954.453,-2337.154,1922.650,-2454.622,1788.352,旧土地台帳附属地図,地図に準ずる図面,P-F,,,,,,
46201-3400-472.zip,069-1240A,,true,-2567.534,2439.815,-2388.110,2442.971,-2571.189,2691.440,-2392.877,2694.996,旧土地台帳附属地図,地図に準ずる図面,P-F,,,,,,
46201-3400-472.zip,069-1226,,true,-1265.494,290.283,-1429.112,217.323,-1163.084,60.622,-1326.702,-12.338,旧土地台帳附属地図,地図に準ずる図面,P-F,,,,,,
46201-3400-473.zip,069-1290,,true,27.896,2531.053,-49.898,2692.511,-198.705,2422.216,-276.234,2582.154,旧土地台帳附属地図,地図に準ずる図面,P-F,,,,,,
46201-3400-473.zip,069-1286,,true,-178.127,271.079,-254.977,108.916,49.073,162.877,-26.904,2.282,旧土地台帳附属地図,地図に準ずる図面,P-F,,,,,,
46201-3400-473.zip,069-1287,,true,19.879,700.495,-19.094,875.702,-225.791,646.136,-264.599,819.545,旧土地台帳附属地図,地図に準ずる図面,P-F,,,,,,
46201-3400-473.zip,069-1288,,true,-219.560,1269.674,-50.116,1210.583,-136.388,1507.103,31.534,1448.745,旧土地台帳附属地図,地図に準ずる図面,P-F,,,,,,
46201-3400-473.zip,069-1289,,true,-212.456,2042.664,-233.818,1864.450,37.326,2012.370,16.363,1835.873,旧土地台帳附属地図,地図に準ずる図面,P-F,,,,,,
46201-3400-473.zip,069-1291,,true,-579.476,102.827,-621.587,277.071,-823.896,44.062,-866.048,216.690,旧土地台帳附属地図,地図に準ずる図面,P-F,,,,,,
46201-3400-473.zip,069-1292,,true,-638.625,632.681,-562.224,794.761,-865.862,740.277,-790.288,901.231,旧土地台帳附属地図,地図に準ずる図面,P-F,,,,,,
46201-3400-473.zip,069-1293,,true,-792.303,1461.376,-848.633,1291.115,-553.756,1382.069,-609.269,1213.183,旧土地台帳附属地図,地図に準ずる図面,P-F,,,,,,
46201-3400-473.zip,069-1294,,true,-699.858,1813.874,-558.348,1924.040,-853.923,2012.467,-714.023,2121.912,旧土地台帳附属地図,地図に準ずる図面,P-F,,,,,,
46201-3400-473.zip,069-1295,,true,-833.456,2493.058,-679.028,2401.878,-705.317,2709.288,-552.085,2619.302,旧土地台帳附属地図,地図に準ずる図面,P-F,,,,,,
46201-3400-473.zip,069-1296,,true,-1418.240,100.158,-1266.447,4.942,-1283.704,312.783,-1132.592,218.131,旧土地台帳附属地図,地図に準ずる図面,P-F,,,,,,
46201-3400-473.zip,069-1297,,true,-1154.668,735.267,-1233.326,896.307,-1381.191,625.738,-1459.619,785.957,旧土地台帳附属地図,地図に準ずる図面,P-F,,,,,,
46201-3400-473.zip,069-1298,,true,-1429.604,1349.525,-1322.211,1205.994,-1227.575,1499.440,-1120.553,1356.725,旧土地台帳附属地図,地図に準ずる図面,P-F,,,,,,
46201-3400-473.zip,069-1299,,true,-1414.069,2019.200,-1392.614,1841.189,-1164.190,2048.364,-1142.616,1871.288,旧土地台帳附属地図,地図に準ずる図面,P-F,,,,,,
46201-3400-473.zip,069-1300,,true,-1369.479,2441.236,-1190.256,2441.306,-1368.578,2692.810,-1190.231,2693.033,旧土地台帳附属地図,地図に準ずる図面,P-F,,,,,,
46201-3400-473.zip,069-1301,,true,-1965.522,38.625,-1786.368,44.801,-1973.244,290.082,-1795.009,296.418,旧土地台帳附属地図,地図に準ずる図面,P-F,,,,,,
46201-3400-473.zip,069-1302,,true,-1766.082,697.068,-1795.514,873.858,-2014.441,656.733,-2043.919,832.627,旧土地台帳附属地図,地図に準ずる図面,P-F,,,,,,
46201-3400-473.zip,069-1303,,true,-2027.639,1379.777,-1954.192,1216.295,-1797.738,1482.028,-1724.475,1319.423,旧土地台帳附属地図,地図に準ずる図面,P-F,,,,,,
46201-3400-473.zip,069-1304,,true,-2016.470,2014.427,-1988.151,1837.417,-1767.855,2053.152,-1739.478,1877.000,旧土地台帳附属地図,地図に準ずる図面,P-F,,,,,,
46201-3400-473.zip,069-1305,,true,-1803.679,2448.560,-1753.699,2620.674,-2044.972,2519.613,-1995.458,2690.949,旧土地台帳附属地図,地図に準ずる図面,P-F,,,,,,
46201-3400-473.zip,069-1306,,true,-2436.246,28.594,-2341.022,180.472,-2648.888,163.033,-2554.311,314.238,旧土地台帳附属地図,地図に準ずる図面,P-F,,,,,,
46201-3400-473.zip,069-1307,,true,-2629.303,744.313,-2516.598,604.914,-2433.013,901.729,-2320.740,763.108,旧土地台帳附属地図,地図に準ずる図面,P-F,,,,,,
46201-3400-473.zip,069-1308,,true,-2629.168,1367.691,-2541.545,1211.304,-2409.182,1489.821,-2321.872,1334.307,旧土地台帳附属地図,地図に準ずる図面,P-F,,,,,,
46201-3400-473.zip,069-1309,,true,-2618.913,2008.904,-2582.927,1833.292,-2372.230,2058.473,-2336.232,1883.757,旧土地台帳附属地図,地図に準ずる図面,P-F,,,,,,
46201-3400-473.zip,069-1310,,true,-2610.627,2625.457,-2598.350,2446.579,-2359.535,2641.650,-2347.167,2463.694,旧土地台帳附属地図,地図に準ずる図面,P-F,,,,,,
46201-3400-474.zip,069-1356,,true,-2424.014,2061.092,-2602.966,2071.609,-2439.361,1809.985,-2616.646,1820.288,旧土地台帳附属地図,地図に準ずる図面,P-F,,,,,,
46201-3400-474.zip,069-1357A,,true,-2588.297,2439.026,-2409.061,2436.017,-2583.471,2690.555,-2405.834,2687.651,旧土地台帳附属地図,地図に準ずる図面,P-F,,,,,,
46201-3400-474.zip,069-1339A,,true,-827.923,133.210,-704.321,3.376,-644.998,305.975,-521.887,176.935,旧土地台帳附属地図,地図に準ずる図面,P-F,,,,,,
46201-3400-474.zip,069-1340,,true,-785.661,654.145,-608.365,627.417,-747.164,902.796,-570.787,876.362,旧土地台帳附属地図,地図に準ずる図面,P-F,,,,,,
46201-3400-474.zip,069-1358,,true,-2974.425,785.169,-3108.357,904.377,-3142.110,597.679,-3274.896,715.711,旧土地台帳附属地図,地図に準ずる図面,P-F,,,,,,
46201-3400-474.zip,069-1359,,true,-184.419,36.377,-5.146,39.421,-188.103,287.925,-10.508,291.057,旧土地台帳附属地図,地図に準ずる図面,P-F,,,,,,
46201-3400-474.zip,069-1339B,,true,-901.857,-49.390,-631.857,-49.390,-901.857,277.610,-631.857,277.610,旧土地台帳附属地図,地図に準ずる図面,P-F,,,,,,
46201-3400-474.zip,069-1357B,,true,-3188.297,39.026,-3009.061,36.017,-3183.471,290.555,-3005.834,287.651,,,P-F,,,,,,
46201-3400-474.zip,069-1341,,true,-770.502,1241.860,-591.246,1240.460,-767.592,1493.457,-589.249,1492.180,旧土地台帳附属地図,地図に準ずる図面,P-F,,,,,,
46201-3400-474.zip,069-1342,,true,-823.969,1995.086,-769.619,1824.303,-583.926,2070.508,-529.635,1900.545,旧土地台帳附属地図,地図に準ずる図面,P-F,,,,,,
46201-3400-474.zip,069-1335,,true,-167.802,640.094,11.401,642.726,-170.537,891.731,7.790,894.428,旧土地台帳附属地図,地図に準ずる図面,P-F,,,,,,
46201-3400-474.zip,069-1336,,true,-167.453,1239.849,11.778,1243.103,-171.074,1491.398,7.277,1494.904,旧土地台帳附属地図,地図に準ずる図面,P-F,,,,,,
46201-3400-474.zip,069-1337,,true,-15.637,2070.956,-194.827,2067.513,-11.765,1819.334,-190.114,1815.792,旧土地台帳附属地図,地図に準ずる図面,P-F,,,,,,
46201-3400-474.zip,069-1338,,true,-178.756,2448.033,-0.101,2433.297,-157.073,2698.749,20.679,2684.203,旧土地台帳附属地図,地図に準ずる図面,P-F,,,,,,
46201-3400-474.zip,069-1343,,true,-757.008,2433.567,-578.803,2452.644,-782.801,2683.893,-605.483,2703.030,旧土地台帳附属地図,地図に準ずる図面,P-F,,,,,,
46201-3400-474.zip,069-1344,,true,-1428.422,174.725,-1348.952,14.043,-1202.502,285.406,-1123.231,125.645,旧土地台帳附属地図,地図に準ずる図面,P-F,,,,,,
46201-3400-474.zip,069-1345A,,true,-1446.548,747.758,-1341.168,602.694,-1242.664,895.140,-1138.198,751.532,旧土地台帳附属地図,地図に準ずる図面,P-F,,,,,,
46201-3400-474.zip,069-1345B,,true,-1446.548,1347.758,-1341.168,1202.694,-1242.664,1495.140,-1138.198,1351.532,旧土地台帳附属地図,地図に準ずる図面,P-F,,,,,,
46201-3400-474.zip,069-1346,,true,-1383.839,1836.000,-1204.546,1839.982,-1388.785,2087.526,-1211.246,2091.549,旧土地台帳附属地図,地図に準ずる図面,P-F,,,,,,
46201-3400-474.zip,069-1347,,true,-1424.320,2627.158,-1420.241,2447.905,-1172.719,2632.188,-1168.676,2454.611,旧土地台帳附属地図,地図に準ずる図面,P-F,,,,,,
46201-3400-474.zip,069-1348,,true,-1798.049,68.633,-1789.807,247.780,-2049.327,80.834,-2041.282,258.274,旧土地台帳附属地図,地図に準ずる図面,P-F,,,,,,
46201-3400-474.zip,069-1349,,true,-1987.118,638.199,-1807.823,637.020,-1984.914,889.765,-1807.294,888.713,旧土地台帳附属地図,地図に準ずる図面,P-F,,,,,,
46201-3400-474.zip,069-1350,,true,-1990.401,1240.521,-1811.175,1234.202,-1980.896,1491.916,-1803.381,1485.737,旧土地台帳附属地図,地図に準ずる図面,P-F,,,,,,
46201-3400-474.zip,069-1352,,true,-1861.891,2421.705,-1756.567,2566.809,-2065.140,2570.026,-1960.834,2713.797,旧土地台帳附属地図,地図に準ずる図面,P-F,,,,,,
46201-3400-474.zip,069-1353,,true,-2400.257,65.901,-2387.414,244.702,-2651.142,84.510,-2638.534,261.685,旧土地台帳附属地図,地図に準ずる図面,P-F,,,,,,
46201-3400-474.zip,069-1354,,true,-2429.839,865.317,-2609.096,866.512,-2432.051,613.752,-2609.632,614.820,旧土地台帳附属地図,地図に準ずる図面,P-F,,,,,,
46201-3400-474.zip,069-1355,,true,-2586.522,1237.790,-2407.261,1237.589,-2585.636,1489.402,-2407.975,1489.243,旧土地台帳附属地図,地図に準ずる図面,P-F,,,,,,
46201-3400-474.zip,069-1351,,true,-1773.210,1980.273,-1902.720,2104.326,-1947.747,1799.039,-2076.047,1921.876,旧土地台帳附属地図,地図に準ずる図面,P-F,,,,,,
46201-3400-475.zip,069-1385,,true,-98.270,355.231,-345.569,247.874,31.758,55.389,-215.740,-51.888,旧土地台帳附属地図,地図に準ずる図面,P-F,,,,,,
46201-3400-475.zip,069-1386,,true,-309.090,653.187,-48.988,582.123,-222.786,968.448,37.375,897.171,旧土地台帳附属地図,地図に準ずる図面,P-F,,,,,,
46201-3400-475.zip,069-1387,,true,-286.417,1226.961,-17.890,1202.981,-257.260,1552.480,11.444,1528.332,旧土地台帳附属地図,地図に準ずる図面,P-F,,,,,,
46201-3400-475.zip,069-1388,,true,-284.128,1824.786,-15.207,1805.184,-260.251,2150.736,8.773,2130.973,旧土地台帳附属地図,地図に準ずる図面,P-F,,,,,,
46201-3400-475.zip,069-1389,,true,-313.880,2674.169,-286.745,2405.903,11.301,2706.888,38.265,2438.414,旧土地台帳附属地図,地図に準ずる図面,P-F,,,,,,
46201-3400-475.zip,069-1390,,true,-945.532,177.663,-787.322,-40.676,-680.782,369.290,-522.606,150.737,旧土地台帳附属地図,地図に準ずる図面,P-F,,,,,,
46201-3400-475.zip,069-1391,,true,-898.141,895.002,-907.047,625.515,-571.501,884.082,-580.602,614.449,旧土地台帳附属地図,地図に準ずる図面,P-F,,,,,,
46201-3400-475.zip,069-1392,,true,-915.383,1471.793,-884.439,1203.978,-590.701,1509.143,-559.891,1241.159,旧土地台帳附属地図,地図に準ずる図面,P-F,,,,,,
46201-3400-475.zip,069-1393,,true,-836.499,1791.860,-573.649,1851.965,-909.229,2110.488,-646.270,2170.461,旧土地台帳附属地図,地図に準ずる図面,P-F,,,,,,
46201-3400-475.zip,069-1394,,true,-570.654,2491.246,-645.554,2750.269,-884.662,2400.626,-959.400,2659.775,旧土地台帳附属地図,地図に準ずる図面,P-F,,,,,,
46201-3400-475.zip,069-1395,,true,-1229.243,265.048,-1408.530,267.071,-1232.777,13.459,-1410.389,15.423,旧土地台帳附属地図,地図に準ずる図面,P-F,,,,,,
46201-3400-475.zip,069-1396,,true,-1381.453,634.455,-1202.318,642.128,-1391.671,885.822,-1214.216,893.540,旧土地台帳附属地図,地図に準ずる図面,P-F,,,,,,
46201-3400-475.zip,069-1397,,true,-1186.967,1285.980,-1205.420,1464.365,-1437.311,1260.741,-1455.557,1437.463,旧土地台帳附属地図,地図に準ずる図面,P-F,,,,,,
46201-3400-475.zip,069-1398,,true,-1438.346,1998.974,-1393.916,1825.267,-1194.469,2060.729,-1150.332,1888.638,旧土地台帳附属地図,地図に準ずる図面,P-F,,,,,,
46201-3400-475.zip,069-1399,,true,-1438.314,2598.866,-1393.728,2425.160,-1194.567,2660.824,-1150.248,2488.780,旧土地台帳附属地図,地図に準ずる図面,P-F,,,,,,
46201-3400-475.zip,069-1400,,true,-2013.766,62.313,-1840.833,14.958,-1946.766,304.762,-1775.409,257.999,旧土地台帳附属地図,地図に準ずる図面,P-F,,,,,,
46201-3400-475.zip,069-1401,,true,-1864.681,620.688,-1756.260,763.540,-2064.781,773.230,-1957.489,914.787,旧土地台帳附属地図,地図に準ずる図面,P-F,,,,,,
46201-3400-475.zip,069-1402,,true,-2003.158,1452.317,-2041.713,1277.212,-1757.584,1397.698,-1795.628,1224.197,旧土地台帳附属地図,地図に準ずる図面,P-F,,,,,,
46201-3400-475.zip,069-1403,,true,-1987.915,1838.728,-1808.594,1836.306,-1983.983,2090.310,-1806.374,2088.066,旧土地台帳附属地図,地図に準ずる図面,P-F,,,,,,
46201-3400-475.zip,069-1404,,true,-1861.713,2681.682,-2035.297,2636.776,-1799.134,2438.014,-1971.084,2393.333,旧土地台帳附属地図,地図に準ずる図面,P-F,,,,,,
46201-3400-475.zip,069-1405,,true,-2625.594,78.590,-2461.278,6.553,-2524.169,308.689,-2361.405,237.667,旧土地台帳附属地図,地図に準ずる図面,P-F,,,,,,
46201-3400-475.zip,069-1406,,true,-2624.466,826.801,-2620.172,647.667,-2372.952,832.319,-2368.501,654.713,旧土地台帳附属地図,地図に準ずる図面,P-F,,,,,,
46201-3400-475.zip,069-1407,,true,-2379.008,1303.618,-2422.212,1477.595,-2623.275,1243.580,-2666.243,1415.966,旧土地台帳附属地図,地図に準ずる図面,P-F,,,,,,
46201-3400-475.zip,069-1408,,true,-2424.447,1842.105,-2368.409,2012.383,-2663.278,1921.282,-2607.851,2090.075,旧土地台帳附属地図,地図に準ずる図面,P-F,,,,,,
46201-3400-475.zip,069-1409,,true,-2428.702,2438.942,-2366.176,2606.986,-2664.311,2527.138,-2602.549,2693.678,旧土地台帳附属地図,地図に準ずる図面,P-F,,,,,,
46201-3400-476.zip,069-1413,,true,18.569,2497.534,-16.260,2673.418,-228.343,2449.129,-262.991,2623.301,旧土地台帳附属地図,地図に準ずる図面,P-F,,,,,,
46201-3400-476.zip,069-1414,,true,-820.591,232.579,-825.161,53.376,-569.038,225.560,-573.527,47.956,旧土地台帳附属地図,地図に準ずる図面,P-F,,,,,,
46201-3400-476.zip,069-1415,,true,-837.621,800.581,-795.503,626.299,-593.044,859.177,-551.096,686.578,旧土地台帳附属地図,地図に準ずる図面,P-F,,,,,,
46201-3400-476.zip,069-1416,,true,-842.260,1386.146,-781.229,1217.554,-605.522,1471.262,-544.844,1304.325,旧土地台帳附属地図,地図に準ずる図面,P-F,,,,,,
46201-3400-476.zip,069-1417,,true,-582.856,1894.336,-613.297,2071.071,-830.786,1852.120,-861.207,2027.157,旧土地台帳附属地図,地図に準ずる図面,P-F,,,,,,
46201-3400-476.zip,069-1418,,true,-842.792,2519.586,-709.937,2399.066,-673.472,2705.498,-541.734,2586.354,旧土地台帳附属地図,地図に準ずる図面,P-F,,,,,,
46201-3400-476.zip,069-1419,,true,-1436.342,99.504,-1286.819,0.624,-1297.234,308.983,-1148.930,211.229,旧土地台帳附属地図,地図に準ずる図面,P-F,,,,,,
46201-3400-476.zip,069-1420,,true,-1430.446,816.795,-1410.811,638.498,-1180.236,843.689,-1160.710,667.104,旧土地台帳附属地図,地図に準ずる図面,P-F,,,,,,
46201-3400-476.zip,069-1421,,true,-1173.783,1382.184,-1304.961,1504.304,-1345.604,1198.425,-1475.770,1319.339,旧土地台帳附属地図,地図に準ずる図面,P-F,,,,,,
46201-3400-476.zip,069-1422,,true,-1186.913,2017.090,-1345.922,2099.693,-1303.293,1794.053,-1461.072,1875.800,旧土地台帳附属地図,地図に準ずる図面,P-F,,,,,,
46201-3400-476.zip,069-1423,,true,-1197.139,2633.556,-1366.292,2693.015,-1281.181,2396.353,-1448.804,2455.110,旧土地台帳附属地図,地図に準ずる図面,P-F,,,,,,
46201-3400-476.zip,069-1424,,true,-1775.897,190.859,-1914.827,304.322,-1935.508,-3.648,-2073.160,108.668,旧土地台帳附属地図,地図に準ずる図面,P-F,,,,,,
46201-3400-476.zip,069-1425,,true,-2000.464,854.821,-2043.607,680.750,-1756.406,793.782,-1798.987,621.338,旧土地台帳附属地図,地図に準ずる図面,P-F,,,,,,
46201-3400-476.zip,069-1426,,true,-2045.236,1371.394,-1966.213,1210.448,-1819.126,1481.860,-1740.772,1322.453,旧土地台帳附属地図,地図に準ずる図面,P-F,,,,,,
46201-3400-476.zip,069-1427,,true,-1986.220,1837.577,-1806.959,1837.692,-1985.915,2089.114,-1808.331,2089.457,旧土地台帳附属地図,地図に準ずる図面,P-F,,,,,,
46201-3400-476.zip,069-1428,,true,-2044.261,2577.098,-1972.045,2412.903,-1813.798,2677.977,-1742.096,2515.428,旧土地台帳附属地図,地図に準ずる図面,P-F,,,,,,
46201-3400-476.zip,069-1429,,true,-2586.223,37.579,-2406.886,37.732,-2585.995,289.078,-2408.372,289.459,旧土地台帳附属地図,地図に準ずる図面,P-F,,,,,,
46201-3400-476.zip,069-1430,,true,-2635.804,805.384,-2600.155,629.703,-2389.108,854.883,-2353.663,680.793,旧土地台帳附属地図,地図に準ずる図面,P-F,,,,,,
46201-3400-476.zip,069-1431,,true,-2632.873,1411.631,-2606.085,1234.383,-2384.202,1448.728,-2357.362,1273.184,旧土地台帳附属地図,地図に準ずる図面,P-F,,,,,,
46201-3400-476.zip,069-1432,,true,-2643.633,1980.281,-2575.309,1814.510,-2410.872,2075.638,-2343.009,1911.491,旧土地台帳附属地図,地図に準ずる図面,P-F,,,,,,
46201-3400-476.zip,069-1433,,true,-2414.565,2450.464,-2374.740,2625.323,-2659.677,2506.783,-2620.420,2680.013,旧土地台帳附属地図,地図に準ずる図面,P-F,,,,,,
46201-3400-476.zip,069-1412-1,,true,29.377,1944.663,-63.877,2097.713,-185.668,1814.106,-278.287,1965.669,旧土地台帳附属地図,地図に準ずる図面,P-F,,,,,,
46201-3400-477.zip,069-1435,,true,-0.274,665.905,12.445,844.790,-251.061,684.288,-238.655,861.477,旧土地台帳附属地図,地図に準ずる図面,P-F,,,,,,
46201-3400-477.zip,069-1436,,true,-246.578,1351.924,-145.777,1203.690,-38.330,1492.936,61.761,1346.154,旧土地台帳附属地図,地図に準ずる図面,P-F,,,,,,
46201-3400-477.zip,069-1437,,true,-200.798,1849.019,-23.087,1825.209,-166.872,2098.219,9.198,2074.785,旧土地台帳附属地図,地図に準ずる図面,P-F,,,,,,
46201-3400-477.zip,069-1438,,true,-231.142,2488.321,-73.288,2403.129,-111.307,2709.435,45.180,2625.241,旧土地台帳附属地図,地図に準ずる図面,P-F,,,,,,
46201-3400-477.zip,069-1439,,true,-662.290,281.998,-835.665,235.992,-598.500,38.684,-770.188,-6.995,旧土地台帳附属地図,地図に準ずる図面,P-F,,,,,,
46201-3400-477.zip,069-1440,,true,-664.391,882.727,-836.941,834.136,-596.816,640.398,-767.731,592.186,旧土地台帳附属地図,地図に準ずる図面,P-F,,,,,,
46201-3400-477.zip,069-1441,,true,-581.425,1406.119,-732.757,1502.422,-717.008,1194.297,-866.912,1289.507,旧土地台帳附属地図,地図に準ずる図面,P-F,,,,,,
46201-3400-477.zip,069-1442-1,,true,-595.226,1872.763,-593.430,2052.053,-846.745,1875.725,-845.195,2053.380,旧土地台帳附属地図,地図に準ずる図面,P-F,,,,,,
46201-3400-477.zip,069-1443,,true,-651.714,2425.761,-558.290,2578.842,-866.131,2557.350,-773.712,2709.081,旧土地台帳附属地図,地図に準ずる図面,P-F,,,,,,
46201-3400-477.zip,069-1444,,true,-1154.201,138.614,-1236.814,297.747,-1378.012,23.560,-1460.357,181.845,旧土地台帳附属地図,地図に準ずる図面,P-F,,,,,,
46201-3400-477.zip,069-1445,,true,-1429.295,744.874,-1317.133,604.989,-1232.461,901.486,-1120.644,762.398,旧土地台帳附属地図,地図に準ずる図面,P-F,,,,,,
46201-3400-477.zip,069-1446,,true,-1173.155,1283.734,-1183.110,1462.719,-1424.510,1270.740,-1434.493,1448.846,旧土地台帳附属地図,地図に準ずる図面,P-F,,,,,,
46201-3400-477.zip,069-1447,,true,-1429.693,1959.133,-1332.567,1808.419,-1217.711,2094.680,-1120.887,1944.859,旧土地台帳附属地図,地図に準ずる図面,P-F,,,,,,
46201-3400-477.zip,069-1448,,true,-1204.874,2663.148,-1383.609,2676.870,-1225.078,2412.347,-1402.917,2425.808,旧土地台帳附属地図,地図に準ずる図面,P-F,,,,,,
46201-3400-477.zip,069-1449,,true,-1758.765,116.556,-1814.483,286.938,-1998.164,39.359,-2053.805,208.765,旧土地台帳附属地図,地図に準ずる図面,P-F,,,,,,
46201-3400-477.zip,069-1450,,true,-1894.333,617.131,-1744.294,715.227,-2031.230,828.244,-1882.018,926.074,旧土地台帳附属地図,地図に準ずる図面,P-F,,,,,,
46201-3400-477.zip,069-1451,,true,-2027.526,1330.520,-1901.229,1203.145,-1848.147,1506.964,-1722.410,1380.427,旧土地台帳附属地図,地図に準ずる図面,P-F,,,,,,
46201-3400-477.zip,069-1452,,true,-2014.713,1892.653,-1857.432,1806.644,-1893.161,2112.958,-1736.524,2027.521,旧土地台帳附属地図,地図に準ずる図面,P-F,,,,,,
46201-3400-477.zip,069-1453,,true,-1971.028,2442.240,-1791.782,2439.892,-1966.823,2693.895,-1788.413,2691.711,旧土地台帳附属地図,地図に準ずる図面,P-F,,,,,,
46201-3400-477.zip,069-1454,,true,-2629.329,145.595,-2517.954,5.083,-2431.709,301.214,-2320.669,161.555,旧土地台帳附属地図,地図に準ずる図面,P-F,,,,,,
46201-3400-477.zip,069-1455,,true,-2444.108,913.809,-2636.336,869.676,-2383.199,643.862,-2574.441,599.739,旧土地台帳附属地図,地図に準ずる図面,P-F,,,,,,
46201-3400-477.zip,069-1456,,true,-2390.878,1450.071,-2565.936,1488.483,-2445.631,1204.526,-2619.966,1242.505,旧土地台帳附属地図,地図に準ずる図面,P-F,,,,,,
46201-3400-477.zip,069-1457,,true,-2365.525,1898.451,-2396.872,2074.989,-2613.371,1855.294,-2644.829,2030.922,旧土地台帳附属地図,地図に準ずる図面,P-F,,,,,,
46201-3400-477.zip,069-1458,,true,-25.946,33.565,56.375,192.805,-249.014,150.052,-167.128,308.617,旧土地台帳附属地図,地図に準ずる図面,P-F,,,,,,
46201-3400-478.zip,069-1484,,true,131.038,43.682,-11.518,152.303,-22.208,-155.879,-164.191,-47.888,旧土地台帳附属地図,地図に準ずる図面,P-F,,,,,,
46201-3400-478.zip,069-1485,,true,-119.753,519.998,-10.121,378.266,79.744,673.328,189.091,532.339,旧土地台帳附属地図,地図に準ずる図面,P-F,,,,,,
46201-3400-478.zip,069-1487,,true,131.507,1422.386,47.181,1580.574,-90.913,1304.831,-175.014,1462.189,旧土地台帳附属地図,地図に準ずる図面,P-F,,,,,,
46201-3400-478.zip,069-1488,,true,136.991,1772.138,111.005,1949.505,-112.102,1736.615,-138.118,1913.131,旧土地台帳附属地図,地図に準ずる図面,P-F,,,,,,
46201-3400-478.zip,069-1489,,true,-621.570,-22.132,-489.117,-142.924,-451.326,163.142,-319.363,43.055,旧土地台帳附属地図,地図に準ずる図面,P-F,,,,,,
46201-3400-478.zip,069-1490,,true,-587.243,602.297,-605.975,424.056,-337.145,575.078,-355.527,397.604,旧土地台帳附属地図,地図に準ずる図面,P-F,,,,,,
46201-3400-478.zip,069-1491,,true,-367.733,913.976,-442.823,1076.752,-596.528,809.370,-671.477,971.288,旧土地台帳附属地図,地図に準ずる図面,P-F,,,,,,
46201-3400-478.zip,069-1492,,true,-387.351,1383.860,-453.073,1550.638,-621.788,1292.492,-687.382,1458.420,旧土地台帳附属地図,地図に準ずる図面,P-F,,,,,,
46201-3400-478.zip,069-1493,,true,-1792.347,-13.105,-1683.503,-155.491,-1591.972,139.077,-1483.395,-2.457,旧土地台帳附属地図,地図に準ずる図面,P-F,,,,,,
46201-3400-478.zip,069-1494,,true,-1711.105,-76.907,-1601.072,-218.472,-1511.968,76.763,-1402.983,-63.445,旧土地台帳附属地図,地図に準ずる図面,P-F,,,,,,
46201-3400-478.zip,069-1495,,true,-1880.197,-173.147,-1733.260,-275.831,-1735.543,32.634,-1589.904,-69.046,旧土地台帳附属地図,地図に準ずる図面,P-F,,,,,,
46201-3400-478.zip,069-1496,,true,-1779.867,-237.310,-1621.608,-321.502,-1661.013,-15.540,-1504.284,-98.956,旧土地台帳附属地図,地図に準ずる図面,P-F,,,,,,
46201-3400-478.zip,069-1497,,true,-1581.985,-24.498,-1519.705,-192.551,-1345.834,62.341,-1284.046,-104.268,旧土地台帳附属地図,地図に準ずる図面,P-F,,,,,,
46201-3400-478.zip,069-1498,,true,-1266.901,557.124,-1226.009,382.512,-1021.920,613.838,-981.259,440.893,旧土地台帳附属地図,地図に準ずる図面,P-F,,,,,,
46201-3400-478.zip,069-1499,,true,-1139.314,1063.393,-1310.262,1009.564,-1064.369,823.202,-1233.789,769.850,旧土地台帳附属地図,地図に準ずる図面,P-F,,,,,,
46201-3400-478.zip,069-1500,,true,-1038.907,1262.420,-1108.061,1427.887,-1271.287,1165.939,-1339.866,1329.830,旧土地台帳附属地図,地図に準ずる図面,P-F,,,,,,
46201-3400-478.zip,069-1501,,true,-1318.811,1778.411,-1292.656,1601.068,-1069.753,1814.441,-1043.840,1638.758,旧土地台帳附属地図,地図に準ずる図面,P-F,,,,,,
46201-3400-478.zip,069-1502,,true,-1630.146,617.776,-1773.158,509.629,-1478.874,416.762,-1620.509,309.510,旧土地台帳附属地図,地図に準ずる図面,P-F,,,,,,
46201-3400-478.zip,069-1503,,true,-1566.461,789.573,-1461.078,934.633,-1769.618,937.955,-1665.283,1081.705,旧土地台帳附属地図,地図に準ずる図面,P-F,,,,,,
46201-3400-478.zip,069-1507,,true,-2245.157,337.979,-2246.392,517.236,-2496.767,336.886,-2498.108,514.541,旧土地台帳附属地図,地図に準ずる図面,P-F,,,,,,
46201-3400-478.zip,069-1508,,true,-2224.017,810.320,-2178.839,983.913,-2467.310,874.339,-2422.667,1046.339,旧土地台帳附属地図,地図に準ずる図面,P-F,,,,,,
46201-3400-478.zip,069-1509,,true,-2192.419,1296.861,-2157.901,1472.767,-2439.152,1345.783,-2405.130,1520.156,旧土地台帳附属地図,地図に準ずる図面,P-F,,,,,,
46201-3400-478.zip,069-1505A,,true,-1500.033,1272.719,-1476.210,1450.428,-1749.262,1306.706,-1725.853,1482.780,旧土地台帳附属地図,地図に準ずる図面,P-F,,,,,,
46201-3400-478.zip,069-1506,,true,-2209.335,-181.011,-2234.137,-3.436,-2458.578,-215.177,-2483.302,-39.283,旧土地台帳附属地図,地図に準ずる図面,P-F,,,,,,
46201-3400-478.zip,069-1486-2,600,false,-23.977,1042.877,155.275,1041.031,-21.386,1294.516,157.867,1292.670,旧土地台帳附属地図,地図に準ずる図面,P-F,,,,,,
46201-3400-478.zip,069-1486-1,,true,-27.104,939.437,152.147,937.583,-24.501,1191.075,154.750,1189.221,旧土地台帳附属地図,地図に準ずる図面,P-F,,,,,,
46201-3400-479.zip,069-1587,,true,-228.863,141.247,-113.286,4.320,-36.105,302.851,78.983,166.857,旧土地台帳附属地図,地図に準ずる図面,P-F,,,,,,
46201-3400-479.zip,069-1588,,true,-203.785,674.906,-35.504,613.353,-116.653,910.830,50.766,849.917,旧土地台帳附属地図,地図に準ずる図面,P-F,,,,,,
46201-3400-479.zip,069-1589,,true,-222.558,1311.857,-80.065,1203.152,-69.368,1511.366,72.438,1403.521,旧土地台帳附属地図,地図に準ずる図面,P-F,,,,,,
46201-3400-479.zip,069-1590,,true,45.817,1971.580,-72.088,2106.558,-144.137,1806.693,-261.540,1940.745,旧土地台帳附属地図,地図に準ずる図面,P-F,,,,,,
46201-3400-479.zip,069-1591,,true,46.420,2564.625,-64.505,2705.347,-151.578,2409.550,-262.077,2549.298,旧土地台帳附属地図,地図に準ずる図面,P-F,,,,,,
46201-3400-479.zip,069-1592,,true,-803.646,74.487,-634.929,13.577,-717.264,310.728,-549.616,250.447,旧土地台帳附属地図,地図に準ずる図面,P-F,,,,,,
46201-3400-479.zip,069-1593,,true,-817.182,812.698,-786.374,635.988,-569.161,854.841,-538.410,679.358,旧土地台帳附属地図,地図に準ずる図面,P-F,,,,,,
46201-3400-479.zip,069-1594,,true,-812.508,1288.417,-652.233,1207.873,-698.691,1512.731,-539.402,1432.940,旧土地台帳附属地図,地図に準ずる図面,P-F,,,,,,
46201-3400-479.zip,069-1595,,true,-825.115,1990.032,-764.424,1821.357,-588.173,2074.468,-527.591,1906.887,旧土地台帳附属地図,地図に準ずる図面,P-F,,,,,,
46201-3400-479.zip,069-1597,,true,-729.758,2422.552,-559.586,2478.545,-807.667,2661.720,-638.520,2717.657,旧土地台帳附属地図,地図に準ずる図面,P-F,,,,,,
46201-3400-479.zip,069-1598,,true,-1419.970,205.751,-1379.964,31.089,-1174.657,261.189,-1134.620,87.590,旧土地台帳附属地図,地図に準ずる図面,P-F,,,,,,
46201-3400-479.zip,069-1599,,true,-1166.827,815.137,-1322.156,904.620,-1293.115,597.600,-1447.621,686.300,旧土地台帳附属地図,地図に準ずる図面,P-F,,,,,,
46201-3400-479.zip,069-1600,,true,-1427.588,1378.107,-1352.396,1215.462,-1199.067,1482.948,-1123.995,1321.382,旧土地台帳附属地図,地図に準ずる図面,P-F,,,,,,
46201-3400-479.zip,069-1601,,true,-1427.116,1981.619,-1355.791,1816.993,-1195.964,2080.720,-1124.859,1917.368,旧土地台帳附属地図,地図に準ずる図面,P-F,,,,,,
46201-3400-479.zip,069-1602,,true,-1286.894,2415.307,-1156.505,2538.213,-1459.020,2598.781,-1329.955,2720.703,旧土地台帳附属地図,地図に準ずる図面,P-F,,,,,,
46201-3400-479.zip,069-1603,,true,-1910.969,13.670,-1761.165,112.122,-2048.640,224.186,-1900.289,321.869,旧土地台帳附属地図,地図に準ずる図面,P-F,,,,,,
46201-3400-479.zip,069-1604,,true,-2045.271,771.310,-1966.172,610.401,-1819.237,881.845,-1740.774,722.492,旧土地台帳附属地図,地図に準ずる図面,P-F,,,,,,
46201-3400-479.zip,069-1605,,true,-2006.931,1254.847,-1831.087,1220.212,-1957.730,1501.564,-1783.456,1467.434,旧土地台帳附属地図,地図に準ずる図面,P-F,,,,,,
46201-3400-479.zip,069-1606,,true,-1982.544,1835.147,-1803.193,1841.135,-1990.460,2086.635,-1812.863,2092.643,旧土地台帳附属地図,地図に準ずる図面,P-F,,,,,,
46201-3400-48.zip,K   3-1,500,false,772.245,79.238,922.245,79.241,772.244,279.242,922.245,279.245,土地改良所在図,法第14条1項地図,P-F,,,,,,
46201-3400-48.zip,K   3-2,500,false,622.244,79.235,772.245,79.238,622.243,279.239,772.244,279.242,土地改良所在図,法第14条1項地図,P-F,,,,,,
46201-3400-48.zip,K   3-3,500,false,472.243,79.232,622.244,79.235,472.242,279.236,622.243,279.239,土地改良所在図,法第14条1項地図,P-F,,,,,,
46201-3400-480.zip,D1  52-1,500,false,-146478.775,-41819.536,-146328.774,-41819.537,-146478.773,-41619.534,-146328.772,-41619.535,地籍図,法第14条1項地図,P-F,,,,,,
46201-3400-480.zip,D1  52-2,500,false,-146478.773,-41619.534,-146328.772,-41619.535,-146478.771,-41419.531,-146328.770,-41419.533,地籍図,法第14条1項地図,P-F,,,,,,
46201-3400-480.zip,D1  52-3,500,false,-146628.776,-41819.535,-146478.775,-41819.536,-146628.774,-41619.532,-146478.773,-41619.534,地籍図,法第14条1項地図,P-F,,,,,,
46201-3400-480.zip,D1  52-4,500,false,-146628.774,-41619.532,-146478.773,-41619.534,-146628.772,-41419.530,-146478.771,-41419.531,地籍図,法第14条1項地図,P-F,,,,,,
46201-3400-480.zip,D1  53-1,500,false,-146478.771,-41419.531,-146328.770,-41419.533,-146478.769,-41219.529,-146328.767,-41219.530,地籍図,法第14条1項地図,P-F,,,,,,
46201-3400-480.zip,D1  53-3,500,false,-146628.772,-41419.530,-146478.771,-41419.531,-146628.770,-41219.528,-146478.769,-41219.529,地籍図,法第14条1項地図,P-F,,,,,,
46201-3400-480.zip,H1  11-2,500,false,-146778.779,-42019.535,-146628.779,-42019.537,-146778.777,-41819.533,-146628.776,-41819.535,地籍図,法第14条1項地図,P-F,,,,,,
46201-3400-480.zip,H1  11-4,500,false,-146928.780,-42019.533,-146778.779,-42019.535,-146928.778,-41819.532,-146778.777,-41819.533,地籍図,法第14条1項地図,P-F,,,,,,
46201-3400-480.zip,D1  51-1,500,false,-146478.781,-42219.541,-146328.780,-42219.542,-146478.778,-42019.538,-146328.777,-42019.539,地籍図,法第14条1項地図,P-F,,,,,,
46201-3400-480.zip,D1  51-2,500,false,-146478.778,-42019.538,-146328.777,-42019.539,-146478.775,-41819.536,-146328.774,-41819.537,地籍図,法第14条1項地図,P-F,,,,,,
46201-3400-480.zip,D1  51-3,500,false,-146628.781,-42219.539,-146478.781,-42219.541,-146628.779,-42019.537,-146478.778,-42019.538,地籍図,法第14条1項地図,P-F,,,,,,
46201-3400-480.zip,D1  51-4,500,false,-146628.779,-42019.537,-146478.778,-42019.538,-146628.776,-41819.535,-146478.775,-41819.536,地籍図,法第14条1項地図,P-F,,,,,,
46201-3400-480.zip,H1  22-2,500,false,-147078.777,-41619.528,-146928.776,-41619.529,-147078.776,-41419.526,-146928.775,-41419.527,地籍図,法第14条1項地図,P-F,,,,,,
46201-3400-480.zip,H1  22-3,500,false,-147228.780,-41819.529,-147078.779,-41819.530,-147228.778,-41619.527,-147078.777,-41619.528,地籍図,法第14条1項地図,P-F,,,,,,
46201-3400-480.zip,H1  22-4,500,false,-147228.778,-41619.527,-147078.777,-41619.528,-147228.777,-41419.524,-147078.776,-41419.526,地籍図,法第14条1項地図,P-F,,,,,,
46201-3400-480.zip,H1  23-1,500,false,-147078.776,-41419.526,-146928.775,-41419.527,-147078.775,-41219.523,-146928.773,-41219.525,地籍図,法第14条1項地図,P-F,,,,,,
46201-3400-480.zip,H1  12-1,500,false,-146778.777,-41819.533,-146628.776,-41819.535,-146778.775,-41619.531,-146628.774,-41619.532,地籍図,法第14条1項地図,P-F,,,,,,
46201-3400-480.zip,H1  12-2,500,false,-146778.775,-41619.531,-146628.774,-41619.532,-146778.773,-41419.529,-146628.772,-41419.530,地籍図,法第14条1項地図,P-F,,,,,,
46201-3400-480.zip,H1  12-3,500,false,-146928.778,-41819.532,-146778.777,-41819.533,-146928.776,-41619.529,-146778.775,-41619.531,地籍図,法第14条1項地図,P-F,,,,,,
46201-3400-480.zip,D1  32-3,500,false,-146028.772,-41819.539,-145878.771,-41819.540,-146028.769,-41619.537,-145878.768,-41619.538,地籍図,法第14条1項地図,P-F,,,,,,
46201-3400-480.zip,D1  32-4,500,false,-146028.769,-41619.537,-145878.768,-41619.538,-146028.767,-41419.534,-145878.766,-41419.535,地籍図,法第14条1項地図,P-F,,,,,,
46201-3400-480.zip,D1  33-3,500,false,-146028.767,-41419.534,-145878.766,-41419.535,-146028.765,-41219.532,-145878.764,-41219.533,地籍図,法第14条1項地図,P-F,,,,,,
46201-3400-480.zip,D1  41-1,500,false,-146178.779,-42219.542,-146028.777,-42219.543,-146178.776,-42019.540,-146028.775,-42019.541,地籍図,法第14条1項地図,P-F,,,,,,
46201-3400-480.zip,D1  41-2,500,false,-146178.776,-42019.540,-146028.775,-42019.541,-146178.773,-41819.538,-146028.772,-41819.539,地籍図,法第14条1項地図,P-F,,,,,,
46201-3400-480.zip,H1  12-4,500,false,-146928.776,-41619.529,-146778.775,-41619.531,-146928.775,-41419.527,-146778.773,-41419.529,地籍図,法第14条1項地図,P-F,,,,,,
46201-3400-480.zip,H1  13-1,500,false,-146778.773,-41419.529,-146628.772,-41419.530,-146778.772,-41219.526,-146628.770,-41219.528,地籍図,法第14条1項地図,P-F,,,,,,
46201-3400-480.zip,H1  13-3,500,false,-146928.775,-41419.527,-146778.773,-41419.529,-146928.773,-41219.525,-146778.772,-41219.526,地籍図,法第14条1項地図,P-F,,,,,,
46201-3400-480.zip,H1  22-1,500,false,-147078.779,-41819.530,-146928.778,-41819.532,-147078.777,-41619.528,-146928.776,-41619.529,地籍図,法第14条1項地図,P-F,,,,,,
46201-3400-480.zip,D1  41-3,500,false,-146328.780,-42219.542,-146178.779,-42219.542,-146328.777,-42019.539,-146178.776,-42019.540,地籍図,法第14条1項地図,P-F,,,,,,
46201-3400-480.zip,D1  41-4,500,false,-146328.777,-42019.539,-146178.776,-42019.540,-146328.774,-41819.537,-146178.773,-41819.538,地籍図,法第14条1項地図,P-F,,,,,,
46201-3400-480.zip,D1  42-1,500,false,-146178.773,-41819.538,-146028.772,-41819.539,-146178.770,-41619.536,-146028.769,-41619.537,地籍図,法第14条1項地図,P-F,,,,,,
46201-3400-480.zip,D1  42-2,500,false,-146178.770,-41619.536,-146028.769,-41619.537,-146178.768,-41419.533,-146028.767,-41419.534,地籍図,法第14条1項地図,P-F,,,,,,
46201-3400-480.zip,D1  42-3,500,false,-146328.774,-41819.537,-146178.773,-41819.538,-146328.772,-41619.535,-146178.770,-41619.536,地籍図,法第14条1項地図,P-F,,,,,,
46201-3400-480.zip,D1  42-4,500,false,-146328.772,-41619.535,-146178.770,-41619.536,-146328.770,-41419.533,-146178.768,-41419.533,地籍図,法第14条1項地図,P-F,,,,,,
46201-3400-480.zip,D1  31-3,500,false,-146028.777,-42219.543,-145878.776,-42219.544,-146028.775,-42019.541,-145878.773,-42019.542,地籍図,法第14条1項地図,P-F,,,,,,
46201-3400-480.zip,D1  31-4,500,false,-146028.775,-42019.541,-145878.773,-42019.542,-146028.772,-41819.539,-145878.771,-41819.540,地籍図,法第14条1項地図,P-F,,,,,,
46201-3400-480.zip,D1  32-1,500,false,-145878.771,-41819.540,-145728.769,-41819.541,-145878.768,-41619.538,-145728.767,-41619.539,地籍図,法第14条1項地図,P-F,,,,,,
46201-3400-480.zip,D1  32-2,500,false,-145878.768,-41619.538,-145728.767,-41619.539,-145878.766,-41419.535,-145728.765,-41419.536,地籍図,法第14条1項地図,P-F,,,,,,
46201-3400-480.zip,D1  43-1,500,false,-146178.768,-41419.533,-146028.767,-41419.534,-146178.766,-41219.531,-146028.765,-41219.532,地籍図,法第14条1項地図,P-F,,,,,,
46201-3400-480.zip,D1  43-3,500,false,-146328.770,-41419.533,-146178.768,-41419.533,-146328.767,-41219.530,-146178.766,-41219.531,地籍図,法第14条1項地図,P-F,,,,,,
46201-3400-481.zip,H1  13-4,500,false,-146928.773,-41219.525,-146778.772,-41219.526,-146928.772,-41019.522,-146778.770,-41019.524,地籍図,法第14条1項地図,P-F,,,,,,
46201-3400-481.zip,H1  14-3,500,false,-146928.772,-41019.522,-146778.770,-41019.524,-146928.771,-40819.520,-146778.769,-40819.522,地籍図,法第14条1項地図,P-F,,,,,,
46201-3400-481.zip,H1  14-1,500,false,-146778.770,-41019.524,-146628.768,-41019.525,-146778.769,-40819.522,-146628.766,-40819.523,地籍図,法第14条1項地図,P-F,,,,,,
46201-3400-481.zip,H1  14-4,500,false,-146928.771,-40819.520,-146778.769,-40819.522,-146928.769,-40619.518,-146778.767,-40619.519,地籍図,法第14条1項地図,P-F,,,,,,
46201-3400-481.zip,H1  23-1,500,false,-147078.776,-41419.526,-146928.775,-41419.527,-147078.775,-41219.523,-146928.773,-41219.525,地籍図,法第14条1項地図,P-F,,,,,,
46201-3400-481.zip,H1  23-2,500,false,-147078.775,-41219.523,-146928.773,-41219.525,-147078.774,-41019.521,-146928.772,-41019.522,地籍図,法第14条1項地図,P-F,,,,,,
46201-3400-481.zip,H1  23-3,500,false,-147228.777,-41419.524,-147078.776,-41419.526,-147228.777,-41219.522,-147078.775,-41219.523,地籍図,法第14条1項地図,P-F,,,,,,
46201-3400-481.zip,H1  23-4,500,false,-147228.777,-41219.522,-147078.775,-41219.523,-147228.776,-41019.519,-147078.774,-41019.521,地籍図,法第14条1項地図,P-F,,,,,,
46201-3400-481.zip,H1  24-1,500,false,-147078.774,-41019.521,-146928.772,-41019.522,-147078.773,-40819.518,-146928.771,-40819.520,地籍図,法第14条1項地図,P-F,,,,,,
46201-3400-481.zip,H1  24-2,500,false,-147078.773,-40819.518,-146928.771,-40819.520,-147078.772,-40619.516,-146928.769,-40619.518,地籍図,法第14条1項地図,P-F,,,,,,
46201-3400-481.zip,H1  24-3,500,false,-147228.776,-41019.519,-147078.774,-41019.521,-147228.775,-40819.517,-147078.773,-40819.518,地籍図,法第14条1項地図,P-F,,,,,,
46201-3400-481.zip,H1  24-4,500,false,-147228.775,-40819.517,-147078.773,-40819.518,-147228.774,-40619.515,-147078.772,-40619.516,地籍図,法第14条1項地図,P-F,,,,,,
46201-3400-481.zip,H1  25-1,500,false,-147078.772,-40619.516,-146928.769,-40619.518,-147078.770,-40419.514,-146928.768,-40419.516,地籍図,法第14条1項地図,P-F,,,,,,
46201-3400-481.zip,H1  25-2,500,false,-147078.770,-40419.514,-146928.768,-40419.516,-147078.769,-40219.513,-146928.767,-40219.514,地籍図,法第14条1項地図,P-F,,,,,,
46201-3400-481.zip,H1  25-3,500,false,-147228.774,-40619.515,-147078.772,-40619.516,-147228.773,-40419.513,-147078.770,-40419.514,地籍図,法第14条1項地図,P-F,,,,,,
46201-3400-481.zip,H1  25-4,500,false,-147228.773,-40419.513,-147078.770,-40419.514,-147228.772,-40219.511,-147078.769,-40219.513,地籍図,法第14条1項地図,P-F,,,,,,
46201-3400-481.zip,H1  33-1,500,false,-147378.779,-41419.523,-147228.777,-41419.524,-147378.778,-41219.520,-147228.777,-41219.522,地籍図,法第14条1項地図,P-F,,,,,,
46201-3400-481.zip,H1  33-2,500,false,-147378.778,-41219.520,-147228.777,-41219.522,-147378.778,-41019.518,-147228.776,-41019.519,地籍図,法第14条1項地図,P-F,,,,,,
46201-3400-481.zip,H1  33-3,500,false,-147528.781,-41419.521,-147378.779,-41419.523,-147528.781,-41219.518,-147378.778,-41219.520,地籍図,法第14条1項地図,P-F,,,,,,
46201-3400-481.zip,H1  33-4,500,false,-147528.781,-41219.518,-147378.778,-41219.520,-147528.780,-41019.516,-147378.778,-41019.518,地籍図,法第14条1項地図,P-F,,,,,,
46201-3400-481.zip,H1  34-1,500,false,-147378.778,-41019.518,-147228.776,-41019.519,-147378.777,-40819.515,-147228.775,-40819.517,地籍図,法第14条1項地図,P-F,,,,,,
46201-3400-481.zip,H1  34-2,500,false,-147378.777,-40819.515,-147228.775,-40819.517,-147378.776,-40619.513,-147228.774,-40619.515,地籍図,法第14条1項地図,P-F,,,,,,
46201-3400-481.zip,H1  34-3,500,false,-147528.780,-41019.516,-147378.778,-41019.518,-147528.780,-40819.513,-147378.777,-40819.515,地籍図,法第14条1項地図,P-F,,,,,,
46201-3400-481.zip,H1  34-4,500,false,-147528.780,-40819.513,-147378.777,-40819.515,-147528.780,-40619.511,-147378.776,-40619.513,地籍図,法第14条1項地図,P-F,,,,,,
46201-3400-481.zip,H1  35-1,500,false,-147378.776,-40619.513,-147228.774,-40619.515,-147378.775,-40419.511,-147228.773,-40419.513,地籍図,法第14条1項地図,P-F,,,,,,
46201-3400-481.zip,H1  35-2,500,false,-147378.775,-40419.511,-147228.773,-40419.513,-147378.774,-40219.510,-147228.772,-40219.511,地籍図,法第14条1項地図,P-F,,,,,,
46201-3400-481.zip,H1  35-3,500,false,-147528.780,-40619.511,-147378.776,-40619.513,-147528.779,-40419.509,-147378.775,-40419.511,地籍図,法第14条1項地図,P-F,,,,,,
46201-3400-481.zip,H1  35-4,500,false,-147528.779,-40419.509,-147378.775,-40419.511,-147528.778,-40219.507,-147378.774,-40219.510,地籍図,法第14条1項地図,P-F,,,,,,
46201-3400-481.zip,H1  44-1,500,false,-147678.783,-41019.513,-147528.780,-41019.516,-147678.783,-40819.511,-147528.780,-40819.513,地籍図,法第14条1項地図,P-F,,,,,,
46201-3400-481.zip,H1  44-2,500,false,-147678.783,-40819.511,-147528.780,-40819.513,-147678.783,-40619.508,-147528.780,-40619.511,地籍図,法第14条1項地図,P-F,,,,,,
46201-3400-481.zip,H1  44-4,500,false,-147828.786,-40819.508,-147678.783,-40819.511,-147828.787,-40619.506,-147678.783,-40619.508,地籍図,法第14条1項地図,P-F,,,,,,
46201-3400-481.zip,H1  45-1,500,false,-147678.783,-40619.508,-147528.780,-40619.511,-147678.783,-40419.506,-147528.779,-40419.509,地籍図,法第14条1項地図,P-F,,,,,,
46201-3400-481.zip,H1  45-2,500,false,-147678.783,-40419.506,-147528.779,-40419.509,-147678.783,-40219.504,-147528.778,-40219.507,地籍図,法第14条1項地図,P-F,,,,,,
46201-3400-481.zip,H1  45-3,500,false,-147828.787,-40619.506,-147678.783,-40619.508,-147828.787,-40419.504,-147678.783,-40419.506,地籍図,法第14条1項地図,P-F,,,,,,
46201-3400-481.zip,H1  45-4,500,false,-147828.787,-40419.504,-147678.783,-40419.506,-147828.787,-40219.502,-147678.783,-40219.504,地籍図,法第14条1項地図,P-F,,,,,,
46201-3400-481.zip,H1  55-2,500,false,-147978.791,-40419.501,-147828.787,-40419.504,-147978.791,-40219.499,-147828.787,-40219.502,地籍図,法第14条1項地図,P-F,,,,,,
46201-3400-481.zip,J1  13-2,500,false,-146778.758,-39219.509,-146628.755,-39219.510,-146778.758,-39019.508,-146628.755,-39019.510,地籍図,法第14条1項地図,P-F,,,,,,
46201-3400-481.zip,J1  13-3,500,false,-146928.762,-39419.508,-146778.759,-39419.510,-146928.761,-39219.507,-146778.758,-39219.509,地籍図,法第14条1項地図,P-F,,,,,,
46201-3400-481.zip,J1  13-4,500,false,-146928.761,-39219.507,-146778.758,-39219.509,-146928.760,-39019.507,-146778.758,-39019.508,地籍図,法第14条1項地図,P-F,,,,,,
46201-3400-481.zip,J1  14-1,500,false,-146778.758,-39019.508,-146628.755,-39019.510,-146778.757,-38819.508,-146628.756,-38819.509,地籍図,法第14条1項地図,P-F,,,,,,
46201-3400-481.zip,J1  14-3,500,false,-146928.760,-39019.507,-146778.758,-39019.508,-146928.759,-38819.507,-146778.757,-38819.508,地籍図,法第14条1項地図,P-F,,,,,,
46201-3400-481.zip,J1  21-3,500,false,-147228.772,-40219.511,-147078.769,-40219.513,-147228.771,-40019.510,-147078.768,-40019.511,地籍図,法第14条1項地図,P-F,,,,,,
46201-3400-481.zip,J1  23-1,500,false,-147078.764,-39419.507,-146928.762,-39419.508,-147078.763,-39219.506,-146928.761,-39219.507,地籍図,法第14条1項地図,P-F,,,,,,
46201-3400-481.zip,J1  22-2,500,false,-147078.766,-39619.508,-146928.763,-39619.510,-147078.764,-39419.507,-146928.762,-39419.508,地籍図,法第14条1項地図,P-F,,,,,,
46201-3400-481.zip,J1  23-2,500,false,-147078.763,-39219.506,-146928.761,-39219.507,-147078.762,-39019.506,-146928.760,-39019.507,地籍図,法第14条1項地図,P-F,,,,,,
46201-3400-481.zip,J1  23-3,500,false,-147228.767,-39419.505,-147078.764,-39419.507,-147228.766,-39219.504,-147078.763,-39219.506,地籍図,法第14条1項地図,P-F,,,,,,
46201-3400-481.zip,J1  22-4,500,false,-147228.768,-39619.507,-147078.766,-39619.508,-147228.767,-39419.505,-147078.764,-39419.507,地籍図,法第14条1項地図,P-F,,,,,,
46201-3400-481.zip,J1  23-4,500,false,-147228.766,-39219.504,-147078.763,-39219.506,-147228.765,-39019.504,-147078.762,-39019.506,地籍図,法第14条1項地図,P-F,,,,,,
46201-3400-481.zip,J1  24-1,500,false,-147078.762,-39019.506,-146928.760,-39019.507,-147078.761,-38819.506,-146928.759,-38819.507,地籍図,法第14条1項地図,P-F,,,,,,
46201-3400-481.zip,J1  31-1,500,false,-147378.774,-40219.510,-147228.772,-40219.511,-147378.773,-40019.508,-147228.771,-40019.510,地籍図,法第14条1項地図,P-F,,,,,,
46201-3400-481.zip,J1  31-3,500,false,-147528.778,-40219.507,-147378.774,-40219.510,-147528.778,-40019.505,-147378.773,-40019.508,地籍図,法第14条1項地図,P-F,,,,,,
46201-3400-481.zip,J1  31-4,500,false,-147528.778,-40019.505,-147378.773,-40019.508,-147528.777,-39819.504,-147378.772,-39819.507,地籍図,法第14条1項地図,P-F,,,,,,
46201-3400-481.zip,J1  32-3,500,false,-147528.777,-39819.504,-147378.772,-39819.507,-147528.776,-39619.502,-147378.771,-39619.505,地籍図,法第14条1項地図,P-F,,,,,,
46201-3400-481.zip,J1  32-4,500,false,-147528.776,-39619.502,-147378.771,-39619.505,-147528.775,-39419.501,-147378.770,-39419.504,地籍図,法第14条1項地図,P-F,,,,,,
46201-3400-481.zip,J1  33-1,500,false,-147378.770,-39419.504,-147228.767,-39419.505,-147378.769,-39219.503,-147228.766,-39219.504,地籍図,法第14条1項地図,P-F,,,,,,
46201-3400-481.zip,J1  32-2,500,false,-147378.771,-39619.505,-147228.768,-39619.507,-147378.770,-39419.504,-147228.767,-39419.505,地籍図,法第14条1項地図,P-F,,,,,,
46201-3400-481.zip,J1  33-2,500,false,-147378.769,-39219.503,-147228.766,-39219.504,-147378.767,-39019.503,-147228.765,-39019.504,地籍図,法第14条1項地図,P-F,,,,,,
46201-3400-481.zip,J1  33-3,500,false,-147528.775,-39419.501,-147378.770,-39419.504,-147528.774,-39219.500,-147378.769,-39219.503,地籍図,法第14条1項地図,P-F,,,,,,
46201-3400-481.zip,J1  33-4,500,false,-147528.774,-39219.500,-147378.769,-39219.503,-147528.773,-39019.500,-147378.767,-39019.503,地籍図,法第14条1項地図,P-F,,,,,,
46201-3400-481.zip,J1  34-3,500,false,-147528.773,-39019.500,-147378.767,-39019.503,-147528.771,-38819.500,-147378.765,-38819.503,地籍図,法第14条1項地図,P-F,,,,,,
46201-3400-481.zip,J1  41-1,500,false,-147678.783,-40219.504,-147528.778,-40219.507,-147678.782,-40019.503,-147528.778,-40019.505,地籍図,法第14条1項地図,P-F,,,,,,
46201-3400-481.zip,J1  41-2,500,false,-147678.782,-40019.503,-147528.778,-40019.505,-147678.781,-39819.501,-147528.777,-39819.504,地籍図,法第14条1項地図,P-F,,,,,,
46201-3400-481.zip,J1  41-3,500,false,-147828.787,-40219.502,-147678.783,-40219.504,-147828.786,-40019.500,-147678.782,-40019.503,地籍図,法第14条1項地図,P-F,,,,,,
46201-3400-481.zip,J1  41-4,500,false,-147828.786,-40019.500,-147678.782,-40019.503,-147828.786,-39819.498,-147678.781,-39819.501,地籍図,法第14条1項地図,P-F,,,,,,
46201-3400-481.zip,J1  42-1,500,false,-147678.781,-39819.501,-147528.777,-39819.504,-147678.781,-39619.499,-147528.776,-39619.502,地籍図,法第14条1項地図,P-F,,,,,,
46201-3400-481.zip,J1  42-2,500,false,-147678.781,-39619.499,-147528.776,-39619.502,-147678.780,-39419.498,-147528.775,-39419.501,地籍図,法第14条1項地図,P-F,,,,,,
46201-3400-481.zip,J1  42-3,500,false,-147828.786,-39819.498,-147678.781,-39819.501,-147828.786,-39619.497,-147678.781,-39619.499,地籍図,法第14条1項地図,P-F,,,,,,
46201-3400-481.zip,J1  42-4,500,false,-147828.786,-39619.497,-147678.781,-39619.499,-147828.785,-39419.495,-147678.780,-39419.498,地籍図,法第14条1項地図,P-F,,,,,,
46201-3400-481.zip,J1  43-1,500,false,-147678.780,-39419.498,-147528.775,-39419.501,-147678.779,-39219.497,-147528.774,-39219.500,地籍図,法第14条1項地図,P-F,,,,,,
46201-3400-481.zip,J1  43-2,500,false,-147678.779,-39219.497,-147528.774,-39219.500,-147678.779,-39019.496,-147528.773,-39019.500,地籍図,法第14条1項地図,P-F,,,,,,
46201-3400-481.zip,J1  43-3,500,false,-147828.785,-39419.495,-147678.780,-39419.498,-147828.785,-39219.494,-147678.779,-39219.497,地籍図,法第14条1項地図,P-F,,,,,,
46201-3400-481.zip,J1  43-4,500,false,-147828.785,-39219.494,-147678.779,-39219.497,-147828.784,-39019.493,-147678.779,-39019.496,地籍図,法第14条1項地図,P-F,,,,,,
46201-3400-481.zip,J1  44-1,500,false,-147678.779,-39019.496,-147528.773,-39019.500,-147678.778,-38819.496,-147528.771,-38819.500,地籍図,法第14条1項地図,P-F,,,,,,
46201-3400-481.zip,J1  44-2,500,false,-147678.778,-38819.496,-147528.771,-38819.500,-147678.777,-38619.495,-147528.770,-38619.499,地籍図,法第14条1項地図,P-F,,,,,,
46201-3400-481.zip,J1  44-3,500,false,-147828.784,-39019.493,-147678.779,-39019.496,-147828.784,-38819.492,-147678.778,-38819.496,地籍図,法第14条1項地図,P-F,,,,,,
46201-3400-481.zip,J1  44-4,500,false,-147828.784,-38819.492,-147678.778,-38819.496,-147828.784,-38619.491,-147678.777,-38619.495,地籍図,法第14条1項地図,P-F,,,,,,
46201-3400-481.zip,J1  51-1,500,false,-147978.791,-40219.499,-147828.787,-40219.502,-147978.791,-40019.497,-147828.786,-40019.500,地籍図,法第14条1項地図,P-F,,,,,,
46201-3400-481.zip,J1  51-2,500,false,-147978.791,-40019.497,-147828.786,-40019.500,-147978.791,-39819.496,-147828.786,-39819.498,地籍図,法第14条1項地図,P-F,,,,,,
46201-3400-481.zip,J1  52-1,500,false,-147978.791,-39819.496,-147828.786,-39819.498,-147978.790,-39619.494,-147828.786,-39619.497,地籍図,法第14条1項地図,P-F,,,,,,
46201-3400-481.zip,J1  52-2,500,false,-147978.790,-39619.494,-147828.786,-39619.497,-147978.790,-39419.492,-147828.785,-39419.495,地籍図,法第14条1項地図,P-F,,,,,,
46201-3400-481.zip,J1  52-4,500,false,-148128.795,-39619.491,-147978.790,-39619.494,-148128.795,-39419.489,-147978.790,-39419.492,地籍図,法第14条1項地図,P-F,,,,,,
46201-3400-481.zip,J1  53-1,500,false,-147978.790,-39419.492,-147828.785,-39419.495,-147978.790,-39219.490,-147828.785,-39219.494,地籍図,法第14条1項地図,P-F,,,,,,
46201-3400-481.zip,J1  53-2,500,false,-147978.790,-39219.490,-147828.785,-39219.494,-147978.790,-39019.489,-147828.784,-39019.493,地籍図,法第14条1項地図,P-F,,,,,,
46201-3400-481.zip,J1  53-3,500,false,-148128.795,-39419.489,-147978.790,-39419.492,-148128.796,-39219.487,-147978.790,-39219.490,地籍図,法第14条1項地図,P-F,,,,,,
46201-3400-481.zip,J1  53-4,500,false,-148128.796,-39219.487,-147978.790,-39219.490,-148128.796,-39019.486,-147978.790,-39019.489,地籍図,法第14条1項地図,P-F,,,,,,
46201-3400-481.zip,J1  54-1,500,false,-147978.790,-39019.489,-147828.784,-39019.493,-147978.790,-38819.488,-147828.784,-38819.492,地籍図,法第14条1項地図,P-F,,,,,,
46201-3400-481.zip,J1  54-2,500,false,-147978.790,-38819.488,-147828.784,-38819.492,-147978.790,-38619.487,-147828.784,-38619.491,地籍図,法第14条1項地図,P-F,,,,,,
46201-3400-481.zip,J1  54-3,500,false,-148128.796,-39019.486,-147978.790,-39019.489,-148128.797,-38819.485,-147978.790,-38819.488,地籍図,法第14条1項地図,P-F,,,,,,
46201-3400-481.zip,J1  54-4,500,false,-148128.797,-38819.485,-147978.790,-38819.488,-148128.797,-38619.483,-147978.790,-38619.487,地籍図,法第14条1項地図,P-F,,,,,,
46201-3400-481.zip,J1  55-3,500,false,-148128.797,-38619.483,-147978.790,-38619.487,-148128.798,-38419.482,-147978.790,-38419.486,地籍図,法第14条1項地図,P-F,,,,,,
46201-3400-481.zip,L1  13-2,500,false,-148278.801,-39219.484,-148128.796,-39219.487,-148278.802,-39019.482,-148128.796,-39019.486,地籍図,法第14条1項地図,P-F,,,,,,
46201-3400-481.zip,L1  14-1,500,false,-148278.802,-39019.482,-148128.796,-39019.486,-148278.803,-38819.481,-148128.797,-38819.485,地籍図,法第14条1項地図,P-F,,,,,,
46201-3400-481.zip,L1  14-2,500,false,-148278.803,-38819.481,-148128.797,-38819.485,-148278.804,-38619.479,-148128.797,-38619.483,地籍図,法第14条1項地図,P-F,,,,,,
46201-3400-481.zip,L1  14-3,500,false,-148428.810,-39019.478,-148278.802,-39019.482,-148428.811,-38819.476,-148278.803,-38819.481,地籍図,法第14条1項地図,P-F,,,,,,
46201-3400-481.zip,L1  14-4,500,false,-148428.811,-38819.476,-148278.803,-38819.481,-148428.812,-38619.474,-148278.804,-38619.479,地籍図,法第14条1項地図,P-F,,,,,,
46201-3400-481.zip,L1  15-1,500,false,-148278.804,-38619.479,-148128.797,-38619.483,-148278.805,-38419.478,-148128.798,-38419.482,地籍図,法第14条1項地図,P-F,,,,,,
46201-3400-482.zip,050-755,,true,-123.255,-151.618,146.950,-151.948,-122.968,175.204,147.504,175.026,旧土地台帳附属地図,地図に準ずる図面,P-F,,,,,,
46201-3400-482.zip,050-756,,true,-2.281,-123.602,267.926,-123.555,-2.517,203.259,268.071,203.461,旧土地台帳附属地図,地図に準ずる図面,P-F,,,,,,
46201-3400-482.zip,050-758,,true,-46.429,65.368,223.726,67.890,-49.513,392.175,220.869,394.890,旧土地台帳附属地図,地図に準ずる図面,P-F,,,,,,
46201-3400-482.zip,050-759,,true,-134.213,39.173,105.618,41.341,-136.790,339.086,103.078,341.330,旧土地台帳附属地図,地図に準ずる図面,P-F,,,,,,
46201-3400-482.zip,050-760-1,,true,-192.648,-175.942,77.482,-174.992,-193.893,150.842,76.540,151.985,旧土地台帳附属地図,地図に準ずる図面,P-F,,,,,,
46201-3400-482.zip,050-760-4,,true,17.462,1.083,287.011,6.074,11.436,327.735,281.137,332.766,旧土地台帳附属地図,地図に準ずる図面,P-F,,,,,,
46201-3400-483.zip,040-131,600,false,17882.169,30753.560,17817.698,30491.464,18199.941,30675.365,18135.451,30413.195,旧土地台帳附属地図,地図に準ずる図面,P-F,,,,1969,12,10
46201-3400-483.zip,040-132,600,false,17823.241,31137.161,18059.260,31005.813,17983.669,31422.464,18219.045,31290.252,旧土地台帳附属地図,地図に準ずる図面,P-F,,,,1969,12,10
46201-3400-484.zip,064-724,,true,-192.963,654.724,-371.226,451.638,52.638,439.183,-125.687,235.849,旧土地台帳附属地図,地図に準ずる図面,P-F,,,,,,
46201-3400-484.zip,064-726,,true,26.759,193.600,-204.362,53.470,196.081,-85.899,-35.137,-226.089,旧土地台帳附属地図,地図に準ずる図面,P-F,,,,,,
46201-3400-484.zip,064-727,,true,70.719,-150.741,340.927,-146.354,65.485,176.116,335.808,180.467,旧土地台帳附属地図,地図に準ずる図面,P-F,,,,,,
46201-3400-484.zip,064-728A,,true,105.172,41.294,375.457,43.192,102.946,368.122,373.383,370.060,旧土地台帳附属地図,地図に準ずる図面,P-F,,,,,,
46201-3400-484.zip,064-728B,,true,-39.540,-71.623,230.745,-69.725,-41.766,255.205,228.671,257.143,旧土地台帳附属地図,地図に準ずる図面,P-F,,,,,,
46201-3400-484.zip,064-729,,true,-127.806,104.717,142.510,106.879,-130.571,431.533,140.089,433.622,旧土地台帳附属地図,地図に準ずる図面,P-F,,,,,,
46201-3400-484.zip,064-729-1,,true,-595.533,-321.356,-395.567,-321.113,-595.638,-71.414,-395.798,-71.394,旧土地台帳附属地図,地図に準ずる図面,P-F,,,,,,
46201-3400-484.zip,064-730,,true,-641.427,-257.998,-401.643,-267.986,-628.898,41.664,-389.009,31.443,旧土地台帳附属地図,地図に準ずる図面,P-F,,,,,,
46201-3400-484.zip,064-730-2,,true,-628.971,-181.033,-389.941,-202.076,-602.409,117.636,-363.503,96.489,旧土地台帳附属地図,地図に準ずる図面,P-F,,,,,,
46201-3400-484.zip,064-731,,true,-612.267,-111.436,-372.542,-121.248,-599.955,188.208,-360.087,178.198,旧土地台帳附属地図,地図に準ずる図面,P-F,,,,,,
46201-3400-484.zip,064-732-1,,true,-76.890,285.907,193.364,289.723,-81.408,612.584,189.000,616.402,旧土地台帳附属地図,地図に準ずる図面,P-F,,,,,,
46201-3400-484.zip,064-732-2,,true,-626.384,-26.927,-386.396,-28.384,-624.231,272.799,-384.358,271.228,旧土地台帳附属地図,地図に準ずる図面,P-F,,,,,,
46201-3400-484.zip,064-733,,true,-767.768,-370.187,-527.791,-372.892,-764.407,-70.320,-524.278,-73.141,旧土地台帳附属地図,地図に準ずる図面,P-F,,,,,,
46201-3400-484.zip,064-734,,true,-832.796,-226.557,-593.467,-244.002,-810.673,72.488,-571.463,54.975,旧土地台帳附属地図,地図に準ずる図面,P-F,,,,,,
46201-3400-484.zip,064-735-1,,true,-796.606,-145.772,-556.770,-150.281,-790.977,154.099,-550.990,149.549,旧土地台帳附属地図,地図に準ずる図面,P-F,,,,,,
46201-3400-484.zip,064-735-2,,true,-795.291,-21.581,-555.499,-31.359,-782.828,277.969,-543.156,268.043,旧土地台帳附属地図,地図に準ずる図面,P-F,,,,,,
46201-3400-484.zip,064-736,,true,-1059.675,-269.273,-819.752,-276.519,-1050.546,30.475,-810.511,23.187,旧土地台帳附属地図,地図に準ずる図面,P-F,,,,,,
46201-3400-484.zip,064-737,,true,-1052.758,-243.373,-782.492,-240.119,-1056.639,83.431,-786.220,86.650,旧土地台帳附属地図,地図に準ずる図面,P-F,,,,,,
46201-3400-484.zip,064-739,,true,-1023.391,-104.495,-753.159,-101.756,-1026.883,222.236,-756.232,224.977,旧土地台帳附属地図,地図に準ずる図面,P-F,,,,,,
46201-3400-484.zip,064-743,,true,79.664,-324.204,349.935,-321.790,76.528,2.679,347.296,4.907,旧土地台帳附属地図,地図に準ずる図面,P-F,,,,,,
46201-3400-484.zip,064-747,,true,-340.240,232.752,-365.338,-36.324,-14.792,202.387,-40.060,-66.866,旧土地台帳附属地図,地図に準ずる図面,P-F,,,,,,
46201-3400-484.zip,064-748,,true,-304.834,-240.065,-34.572,-236.861,-308.863,86.808,-38.218,89.903,旧土地台帳附属地図,地図に準ずる図面,P-F,,,,,,
46201-3400-484.zip,064-751,,true,151.363,-116.925,-97.667,-11.965,24.326,-418.049,-224.830,-312.996,旧土地台帳附属地図,地図に準ずる図面,P-F,,,,,,
46201-3400-484.zip,064-751-2,,true,-62.890,-511.883,177.103,-512.914,-61.612,-211.997,178.532,-213.144,旧土地台帳附属地図,地図に準ずる図面,P-F,,,,,,
46201-3400-484.zip,064-753-2,,false,-98.446,-437.755,141.546,-437.730,-98.220,-137.908,141.620,-137.959,旧土地台帳附属地図,地図に準ずる図面,P-F,,,,,,
46201-3400-485.zip,V   21,1000,false,-144228.772,-46219.582,-143928.761,-46219.587,-144228.776,-45819.574,-143928.764,-45819.580,地籍図,法第14条1項地図,P-F,,,,,,
46201-3400-485.zip,V   22,1000,false,-144228.776,-45819.574,-143928.764,-45819.580,-144228.780,-45419.566,-143928.766,-45419.573,地籍図,法第14条1項地図,P-F,,,,,,
46201-3400-485.zip,V   31,1000,false,-144528.783,-46219.577,-144228.772,-46219.582,-144528.788,-45819.568,-144228.776,-45819.574,地籍図,法第14条1項地図,P-F,,,,,,
46201-3400-485.zip,V   32,1000,false,-144528.788,-45819.568,-144228.776,-45819.574,-144528.793,-45419.560,-144228.780,-45419.566,地籍図,法第14条1項地図,P-F,,,,,,
46201-3400-485.zip,V   11,1000,false,-143928.761,-46219.587,-143628.749,-46219.592,-143928.764,-45819.580,-143628.751,-45819.585,地籍図,法第14条1項地図,P-F,,,,,,
46201-3400-485.zip,V   12,1000,false,-143928.764,-45819.580,-143628.751,-45819.585,-143928.766,-45419.573,-143628.753,-45419.579,地籍図,法第14条1項地図,P-F,,,,,,
46201-3400-485.zip,N   44,1000,false,-143328.745,-47019.621,-143028.733,-47019.622,-143328.739,-46619.604,-143028.726,-46619.606,地籍図,法第14条1項地図,P-F,,,,,,
46201-3400-485.zip,N   45,1000,false,-143328.739,-46619.604,-143028.726,-46619.606,-143328.737,-46219.594,-143028.724,-46219.596,地籍図,法第14条1項地図,P-F,,,,,,
46201-3400-485.zip,N   51,1000,false,-143628.766,-48219.660,-143328.756,-48219.662,-143628.767,-47819.650,-143328.755,-47819.651,地籍図,法第14条1項地図,P-F,,,,,,
46201-3400-485.zip,N   52,1000,false,-143628.767,-47819.650,-143328.755,-47819.651,-143628.764,-47419.636,-143328.752,-47419.637,地籍図,法第14条1項地図,P-F,,,,,,
46201-3400-485.zip,N   53,1000,false,-143628.764,-47419.636,-143328.752,-47419.637,-143628.758,-47019.620,-143328.745,-47019.621,地籍図,法第14条1項地図,P-F,,,,,,
46201-3400-485.zip,N   54,1000,false,-143628.758,-47019.620,-143328.745,-47019.621,-143628.751,-46619.603,-143328.739,-46619.604,地籍図,法第14条1項地図,P-F,,,,,,
46201-3400-485.zip,N   55,1000,false,-143628.751,-46619.603,-143328.739,-46619.604,-143628.749,-46219.592,-143328.737,-46219.594,地籍図,法第14条1項地図,P-F,,,,,,
46201-3400-485.zip,P   31,1000,false,-143028.724,-46219.596,-142728.712,-46219.597,-143028.727,-45819.592,-142728.715,-45819.595,地籍図,法第14条1項地図,P-F,,,,,,
46201-3400-485.zip,P   41,1000,false,-143328.737,-46219.594,-143028.724,-46219.596,-143328.739,-45819.589,-143028.727,-45819.592,地籍図,法第14条1項地図,P-F,,,,,,
46201-3400-485.zip,P   42,1000,false,-143328.739,-45819.589,-143028.727,-45819.592,-143328.742,-45419.584,-143028.730,-45419.589,地籍図,法第14条1項地図,P-F,,,,,,
46201-3400-485.zip,P   51,1000,false,-143628.749,-46219.592,-143328.737,-46219.594,-143628.751,-45819.585,-143328.739,-45819.589,地籍図,法第14条1項地図,P-F,,,,,,
46201-3400-485.zip,P   52,1000,false,-143628.751,-45819.585,-143328.739,-45819.589,-143628.753,-45419.579,-143328.742,-45419.584,地籍図,法第14条1項地図,P-F,,,,,,
46201-3400-485.zip,U   12,1000,false,-143928.772,-47819.642,-143628.767,-47819.650,-143928.770,-47419.629,-143628.764,-47419.636,地籍図,法第14条1項地図,P-F,,,,,,
46201-3400-485.zip,U   13,1000,false,-143928.770,-47419.629,-143628.764,-47419.636,-143928.766,-47019.614,-143628.758,-47019.620,地籍図,法第14条1項地図,P-F,,,,,,
46201-3400-485.zip,U   14,1000,false,-143928.766,-47019.614,-143628.758,-47019.620,-143928.761,-46619.598,-143628.751,-46619.603,地籍図,法第14条1項地図,P-F,,,,,,
46201-3400-485.zip,U   15,1000,false,-143928.761,-46619.598,-143628.751,-46619.603,-143928.761,-46219.587,-143628.749,-46219.592,地籍図,法第14条1項地図,P-F,,,,,,
46201-3400-485.zip,U   22,1000,false,-144228.777,-47819.635,-143928.772,-47819.642,-144228.776,-47419.622,-143928.770,-47419.629,地籍図,法第14条1項地図,P-F,,,,,,
46201-3400-485.zip,U   23,1000,false,-144228.776,-47419.622,-143928.770,-47419.629,-144228.774,-47019.608,-143928.766,-47019.614,地籍図,法第14条1項地図,P-F,,,,,,
46201-3400-485.zip,U   24,1000,false,-144228.774,-47019.608,-143928.766,-47019.614,-144228.771,-46619.593,-143928.761,-46619.598,地籍図,法第14条1項地図,P-F,,,,,,
46201-3400-485.zip,U   25,1000,false,-144228.771,-46619.593,-143928.761,-46619.598,-144228.772,-46219.582,-143928.761,-46219.587,地籍図,法第14条1項地図,P-F,,,,,,
46201-3400-485.zip,U   33,1000,false,-144528.781,-47419.614,-144228.776,-47419.622,-144528.781,-47019.601,-144228.774,-47019.608,地籍図,法第14条1項地図,P-F,,,,,,
46201-3400-485.zip,U   34,1000,false,-144528.781,-47019.601,-144228.774,-47019.608,-144528.781,-46619.588,-144228.771,-46619.593,地籍図,法第14条1項地図,P-F,,,,,,
46201-3400-485.zip,U   35,1000,false,-144528.781,-46619.588,-144228.771,-46619.593,-144528.783,-46219.577,-144228.772,-46219.582,地籍図,法第14条1項地図,P-F,,,,,,
46201-3400-485.zip,U   43,1000,false,-144828.785,-47419.607,-144528.781,-47419.614,-144828.787,-47019.594,-144528.781,-47019.601,地籍図,法第14条1項地図,P-F,,,,,,
46201-3400-485.zip,U   44,1000,false,-144828.787,-47019.594,-144528.781,-47019.601,-144828.788,-46619.581,-144528.781,-46619.588,地籍図,法第14条1項地図,P-F,,,,,,
46201-3400-485.zip,U   53,1000,false,-145128.789,-47419.599,-144828.785,-47419.607,-145128.792,-47019.586,-144828.787,-47019.594,地籍図,法第14条1項地図,P-F,,,,,,
46201-3400-485.zip,N   41,1000,false,-143328.756,-48219.662,-143028.745,-48219.664,-143328.755,-47819.651,-143028.744,-47819.652,地籍図,法第14条1項地図,P-F,,,,,,
46201-3400-485.zip,N   42,1000,false,-143328.755,-47819.651,-143028.744,-47819.652,-143328.752,-47419.637,-143028.740,-47419.639,地籍図,法第14条1項地図,P-F,,,,,,
46201-3400-485.zip,N   43,1000,false,-143328.752,-47419.637,-143028.740,-47419.639,-143328.745,-47019.621,-143028.733,-47019.622,地籍図,法第14条1項地図,P-F,,,,,,
46201-3400-485.zip,G   32,1000,false,-141528.704,-47819.661,-141228.698,-47819.664,-141528.702,-47419.650,-141228.697,-47419.653,地籍図,法第14条1項地図,P-F,,,,,,
46201-3400-485.zip,G   33,1000,false,-141528.702,-47419.650,-141228.697,-47419.653,-141528.701,-47019.638,-141228.696,-47019.642,地籍図,法第14条1項地図,P-F,,,,,,
46201-3400-485.zip,G   34,1000,false,-141528.701,-47019.638,-141228.696,-47019.642,-141528.700,-46619.627,-141228.696,-46619.631,地籍図,法第14条1項地図,P-F,,,,,,
46201-3400-485.zip,G   35,1000,false,-141528.700,-46619.627,-141228.696,-46619.631,-141528.700,-46219.619,-141228.696,-46219.624,地籍図,法第14条1項地図,P-F,,,,,,
46201-3400-485.zip,G   42,1000,false,-141828.710,-47819.658,-141528.704,-47819.661,-141828.708,-47419.647,-141528.702,-47419.650,地籍図,法第14条1項地図,P-F,,,,,,
46201-3400-485.zip,G   43,1000,false,-141828.708,-47419.647,-141528.702,-47419.650,-141828.706,-47019.635,-141528.701,-47019.638,地籍図,法第14条1項地図,P-F,,,,,,
46201-3400-485.zip,G   15,1000,false,-140928.691,-46619.635,-140628.685,-46619.640,-140928.691,-46219.628,-140628.684,-46219.633,地籍図,法第14条1項地図,P-F,,,,,,
46201-3400-485.zip,G   23,1000,false,-141228.697,-47419.653,-140928.691,-47419.657,-141228.696,-47019.642,-140928.691,-47019.646,地籍図,法第14条1項地図,P-F,,,,,,
46201-3400-485.zip,G   24,1000,false,-141228.696,-47019.642,-140928.691,-47019.646,-141228.696,-46619.631,-140928.691,-46619.635,地籍図,法第14条1項地図,P-F,,,,,,
46201-3400-485.zip,G   25,1000,false,-141228.696,-46619.631,-140928.691,-46619.635,-141228.696,-46219.624,-140928.691,-46219.628,地籍図,法第14条1項地図,P-F,,,,,,
46201-3400-485.zip,G   44,1000,false,-141828.706,-47019.635,-141528.701,-47019.638,-141828.704,-46619.622,-141528.700,-46619.627,地籍図,法第14条1項地図,P-F,,,,,,
46201-3400-485.zip,G   45,1000,false,-141828.704,-46619.622,-141528.700,-46619.627,-141828.704,-46219.614,-141528.700,-46219.619,地籍図,法第14条1項地図,P-F,,,,,,
46201-3400-485.zip,G   51,1000,false,-142128.720,-48219.668,-141828.713,-48219.669,-142128.718,-47819.657,-141828.710,-47819.658,地籍図,法第14条1項地図,P-F,,,,,,
46201-3400-485.zip,G   52,1000,false,-142128.718,-47819.657,-141828.710,-47819.658,-142128.714,-47419.644,-141828.708,-47419.647,地籍図,法第14条1項地図,P-F,,,,,,
46201-3400-485.zip,G   53,1000,false,-142128.714,-47419.644,-141828.708,-47419.647,-142128.711,-47019.631,-141828.706,-47019.635,地籍図,法第14条1項地図,P-F,,,,,,
46201-3400-485.zip,G   54,1000,false,-142128.711,-47019.631,-141828.706,-47019.635,-142128.707,-46619.617,-141828.704,-46619.622,地籍図,法第14条1項地図,P-F,,,,,,
46201-3400-485.zip,G   55,1000,false,-142128.707,-46619.617,-141828.704,-46619.622,-142128.707,-46219.608,-141828.704,-46219.614,地籍図,法第14条1項地図,P-F,,,,,,
46201-3400-485.zip,N   11,1000,false,-142428.728,-48219.667,-142128.720,-48219.668,-142428.725,-47819.655,-142128.718,-47819.657,地籍図,法第14条1項地図,P-F,,,,,,
46201-3400-485.zip,N   12,1000,false,-142428.725,-47819.655,-142128.718,-47819.657,-142428.721,-47419.642,-142128.714,-47419.644,地籍図,法第14条1項地図,P-F,,,,,,
46201-3400-485.zip,N   13,1000,false,-142428.721,-47419.642,-142128.714,-47419.644,-142428.716,-47019.627,-142128.711,-47019.631,地籍図,法第14条1項地図,P-F,,,,,,
46201-3400-485.zip,N   14,1000,false,-142428.716,-47019.627,-142128.711,-47019.631,-142428.710,-46619.612,-142128.707,-46619.617,地籍図,法第14条1項地図,P-F,,,,,,
46201-3400-485.zip,N   21,1000,false,-142728.735,-48219.666,-142428.728,-48219.667,-142728.732,-47819.654,-142428.725,-47819.655,地籍図,法第14条1項地図,P-F,,,,,,
46201-3400-485.zip,N   22,1000,false,-142728.732,-47819.654,-142428.725,-47819.655,-142728.728,-47419.640,-142428.721,-47419.642,地籍図,法第14条1項地図,P-F,,,,,,
46201-3400-485.zip,N   23,1000,false,-142728.728,-47419.640,-142428.721,-47419.642,-142728.721,-47019.623,-142428.716,-47019.627,地籍図,法第14条1項地図,P-F,,,,,,
46201-3400-485.zip,N   24,1000,false,-142728.721,-47019.623,-142428.716,-47019.627,-142728.713,-46619.607,-142428.710,-46619.612,地籍図,法第14条1項地図,P-F,,,,,,
46201-3400-485.zip,N   31,1000,false,-143028.745,-48219.664,-142728.735,-48219.666,-143028.744,-47819.652,-142728.732,-47819.654,地籍図,法第14条1項地図,P-F,,,,,,
46201-3400-485.zip,N   32,1000,false,-143028.744,-47819.652,-142728.732,-47819.654,-143028.740,-47419.639,-142728.728,-47419.640,地籍図,法第14条1項地図,P-F,,,,,,
46201-3400-485.zip,N   33,1000,false,-143028.740,-47419.639,-142728.728,-47419.640,-143028.733,-47019.622,-142728.721,-47019.623,地籍図,法第14条1項地図,P-F,,,,,,
46201-3400-485.zip,N   34,1000,false,-143028.733,-47019.622,-142728.721,-47019.623,-143028.726,-46619.606,-142728.713,-46619.607,地籍図,法第14条1項地図,P-F,,,,,,
46201-3400-486.zip,N   51,1000,false,-143628.766,-48219.660,-143328.756,-48219.662,-143628.767,-47819.650,-143328.755,-47819.651,地籍図,法第14条1項地図,P-F,,,,,,
46201-3400-486.zip,N   52,1000,false,-143628.767,-47819.650,-143328.755,-47819.651,-143628.764,-47419.636,-143328.752,-47419.637,地籍図,法第14条1項地図,P-F,,,,,,
46201-3400-486.zip,T   13,1000,false,-143928.774,-49419.690,-143628.768,-49419.698,-143928.772,-49019.676,-143628.766,-49019.683,地籍図,法第14条1項地図,P-F,,,,,,
46201-3400-486.zip,T   14,1000,false,-143928.772,-49019.676,-143628.766,-49019.683,-143928.771,-48619.664,-143628.765,-48619.670,地籍図,法第14条1項地図,P-F,,,,,,
46201-3400-486.zip,T   15,1000,false,-143928.771,-48619.664,-143628.765,-48619.670,-143928.772,-48219.653,-143628.766,-48219.660,地籍図,法第14条1項地図,P-F,,,,,,
46201-3400-486.zip,T   24,1000,false,-144228.778,-49019.670,-143928.772,-49019.676,-144228.777,-48619.657,-143928.771,-48619.664,地籍図,法第14条1項地図,P-F,,,,,,
46201-3400-486.zip,T   25,1000,false,-144228.777,-48619.657,-143928.771,-48619.664,-144228.777,-48219.646,-143928.772,-48219.653,地籍図,法第14条1項地図,P-F,,,,,,
46201-3400-486.zip,U   11,1000,false,-143928.772,-48219.653,-143628.766,-48219.660,-143928.772,-47819.642,-143628.767,-47819.650,地籍図,法第14条1項地図,P-F,,,,,,
46201-3400-486.zip,U   12,1000,false,-143928.772,-47819.642,-143628.767,-47819.650,-143928.770,-47419.629,-143628.764,-47419.636,地籍図,法第14条1項地図,P-F,,,,,,
46201-3400-486.zip,U   21,1000,false,-144228.777,-48219.646,-143928.772,-48219.653,-144228.777,-47819.635,-143928.772,-47819.642,地籍図,法第14条1項地図,P-F,,,,,,
46201-3400-486.zip,U   22,1000,false,-144228.777,-47819.635,-143928.772,-47819.642,-144228.776,-47419.622,-143928.770,-47419.629,地籍図,法第14条1項地図,P-F,,,,,,
46201-3400-486.zip,U   23,1000,false,-144228.776,-47419.622,-143928.770,-47419.629,-144228.774,-47019.608,-143928.766,-47019.614,地籍図,法第14条1項地図,P-F,,,,,,
46201-3400-486.zip,U   32,1000,false,-144528.782,-47819.627,-144228.777,-47819.635,-144528.781,-47419.614,-144228.776,-47419.622,地籍図,法第14条1項地図,P-F,,,,,,
46201-3400-486.zip,U   33,1000,false,-144528.781,-47419.614,-144228.776,-47419.622,-144528.781,-47019.601,-144228.774,-47019.608,地籍図,法第14条1項地図,P-F,,,,,,
46201-3400-486.zip,N   21,1000,false,-142728.735,-48219.666,-142428.728,-48219.667,-142728.732,-47819.654,-142428.725,-47819.655,地籍図,法第14条1項地図,P-F,,,,,,
46201-3400-486.zip,N   31,1000,false,-143028.745,-48219.664,-142728.735,-48219.666,-143028.744,-47819.652,-142728.732,-47819.654,地籍図,法第14条1項地図,P-F,,,,,,
46201-3400-486.zip,N   41,1000,false,-143328.756,-48219.662,-143028.745,-48219.664,-143328.755,-47819.651,-143028.744,-47819.652,地籍図,法第14条1項地図,P-F,,,,,,
46201-3400-486.zip,F   54,1000,false,-142128.726,-49019.690,-141828.719,-49019.690,-142128.723,-48619.679,-141828.716,-48619.680,地籍図,法第14条1項地図,P-F,,,,,,
46201-3400-486.zip,F   55,1000,false,-142128.723,-48619.679,-141828.716,-48619.680,-142128.720,-48219.668,-141828.713,-48219.669,地籍図,法第14条1項地図,P-F,,,,,,
46201-3400-486.zip,G   21,1000,false,-141228.701,-48219.673,-140928.696,-48219.676,-141228.698,-47819.664,-140928.693,-47819.666,地籍図,法第14条1項地図,P-F,,,,,,
46201-3400-486.zip,G   31,1000,false,-141528.707,-48219.671,-141228.701,-48219.673,-141528.704,-47819.661,-141228.698,-47819.664,地籍図,法第14条1項地図,P-F,,,,,,
46201-3400-486.zip,G   32,1000,false,-141528.704,-47819.661,-141228.698,-47819.664,-141528.702,-47419.650,-141228.697,-47419.653,地籍図,法第14条1項地図,P-F,,,,,,
46201-3400-486.zip,G   41,1000,false,-141828.713,-48219.669,-141528.707,-48219.671,-141828.710,-47819.658,-141528.704,-47819.661,地籍図,法第14条1項地図,P-F,,,,,,
46201-3400-486.zip,G   42,1000,false,-141828.710,-47819.658,-141528.704,-47819.661,-141828.708,-47419.647,-141528.702,-47419.650,地籍図,法第14条1項地図,P-F,,,,,,
46201-3400-486.zip,G   51,1000,false,-142128.720,-48219.668,-141828.713,-48219.669,-142128.718,-47819.657,-141828.710,-47819.658,地籍図,法第14条1項地図,P-F,,,,,,
46201-3400-486.zip,G   52,1000,false,-142128.718,-47819.657,-141828.710,-47819.658,-142128.714,-47419.644,-141828.708,-47419.647,地籍図,法第14条1項地図,P-F,,,,,,
46201-3400-486.zip,M   14,1000,false,-142428.733,-49019.690,-142128.726,-49019.690,-142428.730,-48619.679,-142128.723,-48619.679,地籍図,法第14条1項地図,P-F,,,,,,
46201-3400-486.zip,M   15,1000,false,-142428.730,-48619.679,-142128.723,-48619.679,-142428.728,-48219.667,-142128.720,-48219.668,地籍図,法第14条1項地図,P-F,,,,,,
46201-3400-486.zip,M   23,1000,false,-142728.743,-49419.700,-142428.735,-49419.700,-142728.740,-49019.690,-142428.733,-49019.690,地籍図,法第14条1項地図,P-F,,,,,,
46201-3400-486.zip,M   24,1000,false,-142728.740,-49019.690,-142428.733,-49019.690,-142728.737,-48619.678,-142428.730,-48619.679,地籍図,法第14条1項地図,P-F,,,,,,
46201-3400-486.zip,M   25,1000,false,-142728.737,-48619.678,-142428.730,-48619.679,-142728.735,-48219.666,-142428.728,-48219.667,地籍図,法第14条1項地図,P-F,,,,,,
46201-3400-486.zip,M   33,1000,false,-143028.751,-49419.699,-142728.743,-49419.700,-143028.749,-49019.687,-142728.740,-49019.690,地籍図,法第14条1項地図,P-F,,,,,,
46201-3400-486.zip,M   34,1000,false,-143028.749,-49019.687,-142728.740,-49019.690,-143028.747,-48619.676,-142728.737,-48619.678,地籍図,法第14条1項地図,P-F,,,,,,
46201-3400-486.zip,M   35,1000,false,-143028.747,-48619.676,-142728.737,-48619.678,-143028.745,-48219.664,-142728.735,-48219.666,地籍図,法第14条1項地図,P-F,,,,,,
46201-3400-486.zip,F   25,1000,false,-141228.704,-48619.683,-140928.698,-48619.685,-141228.701,-48219.673,-140928.696,-48219.676,地籍図,法第14条1項地図,P-F,,,,,,
46201-3400-486.zip,F   35,1000,false,-141528.710,-48619.681,-141228.704,-48619.683,-141528.707,-48219.671,-141228.701,-48219.673,地籍図,法第14条1項地図,P-F,,,,,,
46201-3400-486.zip,F   44,1000,false,-141828.719,-49019.690,-141528.712,-49019.690,-141828.716,-48619.680,-141528.710,-48619.681,地籍図,法第14条1項地図,P-F,,,,,,
46201-3400-486.zip,F   45,1000,false,-141828.716,-48619.680,-141528.710,-48619.681,-141828.713,-48219.669,-141528.707,-48219.671,地籍図,法第14条1項地図,P-F,,,,,,
46201-3400-486.zip,M   43,1000,false,-143328.760,-49419.698,-143028.751,-49419.699,-143328.757,-49019.685,-143028.749,-49019.687,地籍図,法第14条1項地図,P-F,,,,,,
46201-3400-486.zip,M   44,1000,false,-143328.757,-49019.685,-143028.749,-49019.687,-143328.756,-48619.673,-143028.747,-48619.676,地籍図,法第14条1項地図,P-F,,,,,,
46201-3400-486.zip,M   45,1000,false,-143328.756,-48619.673,-143028.747,-48619.676,-143328.756,-48219.662,-143028.745,-48219.664,地籍図,法第14条1項地図,P-F,,,,,,
46201-3400-486.zip,M   53,1000,false,-143628.768,-49419.698,-143328.760,-49419.698,-143628.766,-49019.683,-143328.757,-49019.685,地籍図,法第14条1項地図,P-F,,,,,,
46201-3400-486.zip,M   54,1000,false,-143628.766,-49019.683,-143328.757,-49019.685,-143628.765,-48619.670,-143328.756,-48619.673,地籍図,法第14条1項地図,P-F,,,,,,
46201-3400-486.zip,M   55,1000,false,-143628.765,-48619.670,-143328.756,-48619.673,-143628.766,-48219.660,-143328.756,-48219.662,地籍図,法第14条1項地図,P-F,,,,,,
46201-3400-486.zip,N   11,1000,false,-142428.728,-48219.667,-142128.720,-48219.668,-142428.725,-47819.655,-142128.718,-47819.657,地籍図,法第14条1項地図,P-F,,,,,,
46201-3400-486.zip,N   12,1000,false,-142428.725,-47819.655,-142128.718,-47819.657,-142428.721,-47419.642,-142128.714,-47419.644,地籍図,法第14条1項地図,P-F,,,,,,
46201-3400-487.zip,T   54,1000,false,-145128.791,-49019.645,-144828.787,-49019.654,-145128.790,-48619.633,-144828.786,-48619.642,地籍図,法第14条1項地図,P-F,,,,,,
46201-3400-487.zip,T   55,1000,false,-145128.790,-48619.633,-144828.786,-48619.642,-145128.789,-48219.622,-144828.786,-48219.631,地籍図,法第14条1項地図,P-F,,,,,,
46201-3400-487.zip,U   42,1000,false,-144828.785,-47819.619,-144528.782,-47819.627,-144828.785,-47419.607,-144528.781,-47419.614,地籍図,法第14条1項地図,P-F,,,,,,
46201-3400-487.zip,U   43,1000,false,-144828.785,-47419.607,-144528.781,-47419.614,-144828.787,-47019.594,-144528.781,-47019.601,地籍図,法第14条1項地図,P-F,,,,,,
46201-3400-487.zip,U   51,1000,false,-145128.789,-48219.622,-144828.786,-48219.631,-145128.788,-47819.611,-144828.785,-47819.619,地籍図,法第14条1項地図,P-F,,,,,,
46201-3400-487.zip,U   52,1000,false,-145128.788,-47819.611,-144828.785,-47819.619,-145128.789,-47419.599,-144828.785,-47419.607,地籍図,法第14条1項地図,P-F,,,,,,
46201-3400-487.zip,T   35,1000,false,-144528.782,-48619.651,-144228.777,-48619.657,-144528.782,-48219.639,-144228.777,-48219.646,地籍図,法第14条1項地図,P-F,,,,,,
46201-3400-487.zip,T   44,1000,false,-144828.787,-49019.654,-144528.783,-49019.663,-144828.786,-48619.642,-144528.782,-48619.651,地籍図,法第14条1項地図,P-F,,,,,,
46201-3400-487.zip,T   45,1000,false,-144828.786,-48619.642,-144528.782,-48619.651,-144828.786,-48219.631,-144528.782,-48219.639,地籍図,法第14条1項地図,P-F,,,,,,
46201-3400-487.zip,A1  34,1000,false,-146028.799,-49019.617,-145728.797,-49019.627,-146028.799,-48619.606,-145728.796,-48619.615,地籍図,法第14条1項地図,P-F,,,,,,
46201-3400-487.zip,A1  35,1000,false,-146028.799,-48619.606,-145728.796,-48619.615,-146028.797,-48219.595,-145728.795,-48219.604,地籍図,法第14条1項地図,P-F,,,,,,
46201-3400-487.zip,A1  44,1000,false,-146328.802,-49019.607,-146028.799,-49019.617,-146328.801,-48619.596,-146028.799,-48619.606,地籍図,法第14条1項地図,P-F,,,,,,
46201-3400-487.zip,A1  45,1000,false,-146328.801,-48619.596,-146028.799,-48619.606,-146328.800,-48219.586,-146028.797,-48219.595,地籍図,法第14条1項地図,P-F,,,,,,
46201-3400-487.zip,A1  55,1000,false,-146628.802,-48619.587,-146328.801,-48619.596,-146628.801,-48219.577,-146328.800,-48219.586,地籍図,法第14条1項地図,P-F,,,,,,
46201-3400-487.zip,B1  11,1000,false,-145428.793,-48219.613,-145128.789,-48219.622,-145428.791,-47819.602,-145128.788,-47819.611,地籍図,法第14条1項地図,P-F,,,,,,
46201-3400-487.zip,B1  12,1000,false,-145428.791,-47819.602,-145128.788,-47819.611,-145428.793,-47419.591,-145128.789,-47419.599,地籍図,法第14条1項地図,P-F,,,,,,
46201-3400-487.zip,B1  21,1000,false,-145728.795,-48219.604,-145428.793,-48219.613,-145728.794,-47819.594,-145428.791,-47819.602,地籍図,法第14条1項地図,P-F,,,,,,
46201-3400-487.zip,B1  22,1000,false,-145728.794,-47819.594,-145428.791,-47819.602,-145728.795,-47419.583,-145428.793,-47419.591,地籍図,法第14条1項地図,P-F,,,,,,
46201-3400-487.zip,A1  14,1000,false,-145428.795,-49019.636,-145128.791,-49019.645,-145428.794,-48619.624,-145128.790,-48619.633,地籍図,法第14条1項地図,P-F,,,,,,
46201-3400-487.zip,A1  15,1000,false,-145428.794,-48619.624,-145128.790,-48619.633,-145428.793,-48219.613,-145128.789,-48219.622,地籍図,法第14条1項地図,P-F,,,,,,
46201-3400-487.zip,A1  24,1000,false,-145728.797,-49019.627,-145428.795,-49019.636,-145728.796,-48619.615,-145428.794,-48619.624,地籍図,法第14条1項地図,P-F,,,,,,
46201-3400-487.zip,A1  25,1000,false,-145728.796,-48619.615,-145428.794,-48619.624,-145728.795,-48219.604,-145428.793,-48219.613,地籍図,法第14条1項地図,P-F,,,,,,
46201-3400-487.zip,B1  23,1000,false,-145728.795,-47419.583,-145428.793,-47419.591,-145728.799,-47019.571,-145428.797,-47019.579,地籍図,法第14条1項地図,P-F,,,,,,
46201-3400-487.zip,B1  31,1000,false,-146028.797,-48219.595,-145728.795,-48219.604,-146028.796,-47819.585,-145728.794,-47819.594,地籍図,法第14条1項地図,P-F,,,,,,
46201-3400-487.zip,B1  32,1000,false,-146028.796,-47819.585,-145728.794,-47819.594,-146028.797,-47419.574,-145728.795,-47419.583,地籍図,法第14条1項地図,P-F,,,,,,
46201-3400-487.zip,B1  33,1000,false,-146028.797,-47419.574,-145728.795,-47419.583,-146028.800,-47019.564,-145728.799,-47019.571,地籍図,法第14条1項地図,P-F,,,,,,
46201-3400-487.zip,B1  41,1000,false,-146328.800,-48219.586,-146028.797,-48219.595,-146328.799,-47819.576,-146028.796,-47819.585,地籍図,法第14条1項地図,P-F,,,,,,
46201-3400-487.zip,B1  42,1000,false,-146328.799,-47819.576,-146028.796,-47819.585,-146328.799,-47419.566,-146028.797,-47419.574,地籍図,法第14条1項地図,P-F,,,,,,
46201-3400-487.zip,B1  43,1000,false,-146328.799,-47419.566,-146028.797,-47419.574,-146328.801,-47019.557,-146028.800,-47019.564,地籍図,法第14条1項地図,P-F,,,,,,
46201-3400-487.zip,B1  51,1000,false,-146628.801,-48219.577,-146328.800,-48219.586,-146628.800,-47819.567,-146328.799,-47819.576,地籍図,法第14条1項地図,P-F,,,,,,
46201-3400-487.zip,B1  52,1000,false,-146628.800,-47819.567,-146328.799,-47819.576,-146628.800,-47419.558,-146328.799,-47419.566,地籍図,法第14条1項地図,P-F,,,,,,
46201-3400-487.zip,B1  53,1000,false,-146628.800,-47419.558,-146328.799,-47419.566,-146628.801,-47019.549,-146328.801,-47019.557,地籍図,法第14条1項地図,P-F,,,,,,
46201-3400-487.zip,F   15,1000,false,-146928.803,-48619.579,-146628.802,-48619.587,-146928.802,-48219.569,-146628.801,-48219.577,地籍図,法第14条1項地図,P-F,,,,,,
46201-3400-487.zip,G1  11,1000,false,-146928.802,-48219.569,-146628.801,-48219.577,-146928.801,-47819.559,-146628.800,-47819.567,地籍図,法第14条1項地図,P-F,,,,,,
46201-3400-487.zip,G1  12,1000,false,-146928.801,-47819.559,-146628.800,-47819.567,-146928.800,-47419.550,-146628.800,-47419.558,地籍図,法第14条1項地図,P-F,,,,,,
46201-3400-487.zip,G1  13,1000,false,-146928.800,-47419.550,-146628.800,-47419.558,-146928.800,-47019.542,-146628.801,-47019.549,地籍図,法第14条1項地図,P-F,,,,,,
46201-3400-487.zip,G1  21,1000,false,-147228.802,-48219.560,-146928.802,-48219.569,-147228.801,-47819.550,-146928.801,-47819.559,地籍図,法第14条1項地図,P-F,,,,,,
46201-3400-487.zip,T   34,1000,false,-144528.783,-49019.663,-144228.778,-49019.670,-144528.782,-48619.651,-144228.777,-48619.657,地籍図,法第14条1項地図,P-F,,,,,,
46201-3400-488.zip,F1  11,1000,false,-146928.810,-50219.624,-146628.808,-50219.634,-146928.807,-49819.611,-146628.805,-49819.622,地籍図,法第14条1項地図,P-F,,,,,,
46201-3400-488.zip,F1  12,1000,false,-146928.807,-49819.611,-146628.805,-49819.622,-146928.805,-49419.600,-146628.804,-49419.610,地籍図,法第14条1項地図,P-F,,,,,,
46201-3400-488.zip,F1  13,1000,false,-146928.805,-49419.600,-146628.804,-49419.610,-146928.804,-49019.589,-146628.803,-49019.598,地籍図,法第14条1項地図,P-F,,,,,,
46201-3400-488.zip,F1  21,1000,false,-147228.812,-50219.614,-146928.810,-50219.624,-147228.809,-49819.601,-146928.807,-49819.611,地籍図,法第14条1項地図,P-F,,,,,,
46201-3400-488.zip,F1  22,1000,false,-147228.809,-49819.601,-146928.807,-49819.611,-147228.807,-49419.591,-146928.805,-49419.600,地籍図,法第14条1項地図,P-F,,,,,,
46201-3400-488.zip,F1  23,1000,false,-147228.807,-49419.591,-146928.805,-49419.600,-147228.805,-49019.580,-146928.804,-49019.589,地籍図,法第14条1項地図,P-F,,,,,,
46201-3400-488.zip,F1  31,1000,false,-147528.814,-50219.603,-147228.812,-50219.614,-147528.810,-49819.591,-147228.809,-49819.601,地籍図,法第14条1項地図,P-F,,,,,,
46201-3400-488.zip,F1  32,1000,false,-147528.810,-49819.591,-147228.809,-49819.601,-147528.808,-49419.581,-147228.807,-49419.591,地籍図,法第14条1項地図,P-F,,,,,,
46201-3400-488.zip,F1  41,1000,false,-147828.815,-50219.593,-147528.814,-50219.603,-147828.812,-49819.580,-147528.810,-49819.591,地籍図,法第14条1項地図,P-F,,,,,,
46201-3400-488.zip,F1  42,1000,false,-147828.812,-49819.580,-147528.810,-49819.591,-147828.810,-49419.572,-147528.808,-49419.581,地籍図,法第14条1項地図,P-F,,,,,,
46201-3400-488.zip,F1  43,1000,false,-147828.810,-49419.572,-147528.808,-49419.581,-147828.808,-49019.563,-147528.806,-49019.571,地籍図,法第14条1項地図,P-F,,,,,,
46201-3400-488.zip,F1  51,1000,false,-148128.817,-50219.582,-147828.815,-50219.593,-148128.813,-49819.570,-147828.812,-49819.580,地籍図,法第14条1項地図,P-F,,,,,,
46201-3400-488.zip,F1  52,1000,false,-148128.813,-49819.570,-147828.812,-49819.580,-148128.811,-49419.562,-147828.810,-49419.572,地籍図,法第14条1項地図,P-F,,,,,,
46201-3400-488.zip,T   52,1000,false,-145128.793,-49819.669,-144828.790,-49819.678,-145128.792,-49419.657,-144828.789,-49419.666,地籍図,法第14条1項地図,P-F,,,,,,
46201-3400-488.zip,T   53,1000,false,-145128.792,-49419.657,-144828.789,-49419.666,-145128.791,-49019.645,-144828.787,-49019.654,地籍図,法第14条1項地図,P-F,,,,,,
46201-3400-488.zip,Z   25,1000,false,-145728.804,-50619.674,-145428.801,-50619.683,-145728.801,-50219.663,-145428.799,-50219.672,地籍図,法第14条1項地図,P-F,,,,,,
46201-3400-488.zip,Z   35,1000,false,-146028.806,-50619.666,-145728.804,-50619.674,-146028.803,-50219.653,-145728.801,-50219.663,地籍図,法第14条1項地図,P-F,,,,,,
46201-3400-488.zip,Z   44,1000,false,-146328.812,-51019.670,-146028.810,-51019.678,-146328.809,-50619.657,-146028.806,-50619.666,地籍図,法第14条1項地図,P-F,,,,,,
46201-3400-488.zip,Z   45,1000,false,-146328.809,-50619.657,-146028.806,-50619.666,-146328.805,-50219.644,-146028.803,-50219.653,地籍図,法第14条1項地図,P-F,,,,,,
46201-3400-488.zip,Z   53,1000,false,-146628.817,-51419.675,-146328.814,-51419.684,-146628.815,-51019.661,-146328.812,-51019.670,地籍図,法第14条1項地図,P-F,,,,,,
46201-3400-488.zip,Z   54,1000,false,-146628.815,-51019.661,-146328.812,-51019.670,-146628.811,-50619.648,-146328.809,-50619.657,地籍図,法第14条1項地図,P-F,,,,,,
46201-3400-488.zip,Z   55,1000,false,-146628.811,-50619.648,-146328.809,-50619.657,-146628.808,-50219.634,-146328.805,-50219.644,地籍図,法第14条1項地図,P-F,,,,,,
46201-3400-488.zip,E1  45,1000,false,-147828.821,-50619.608,-147528.818,-50619.618,-147828.815,-50219.593,-147528.814,-50219.603,地籍図,法第14条1項地図,P-F,,,,,,
46201-3400-488.zip,E1  54,1000,false,-148128.830,-51019.615,-147828.826,-51019.624,-148128.823,-50619.598,-147828.821,-50619.608,地籍図,法第14条1項地図,P-F,,,,,,
46201-3400-488.zip,E1  55,1000,false,-148128.823,-50619.598,-147828.821,-50619.608,-148128.817,-50219.582,-147828.815,-50219.593,地籍図,法第14条1項地図,P-F,,,,,,
46201-3400-488.zip,A1  23,1000,false,-145728.798,-49419.639,-145428.796,-49419.648,-145728.797,-49019.627,-145428.795,-49019.636,地籍図,法第14条1項地図,P-F,,,,,,
46201-3400-488.zip,A1  24,1000,false,-145728.797,-49019.627,-145428.795,-49019.636,-145728.796,-48619.615,-145428.794,-48619.624,地籍図,法第14条1項地図,P-F,,,,,,
46201-3400-488.zip,A1  31,1000,false,-146028.803,-50219.653,-145728.801,-50219.663,-146028.801,-49819.641,-145728.799,-49819.651,地籍図,法第14条1項地図,P-F,,,,,,
46201-3400-488.zip,A1  32,1000,false,-146028.801,-49819.641,-145728.799,-49819.651,-146028.800,-49419.629,-145728.798,-49419.639,地籍図,法第14条1項地図,P-F,,,,,,
46201-3400-488.zip,A1  33,1000,false,-146028.800,-49419.629,-145728.798,-49419.639,-146028.799,-49019.617,-145728.797,-49019.627,地籍図,法第14条1項地図,P-F,,,,,,
46201-3400-488.zip,A1  34,1000,false,-146028.799,-49019.617,-145728.797,-49019.627,-146028.799,-48619.606,-145728.796,-48619.615,地籍図,法第14条1項地図,P-F,,,,,,
46201-3400-488.zip,A1  41,1000,false,-146328.805,-50219.644,-146028.803,-50219.653,-146328.803,-49819.632,-146028.801,-49819.641,地籍図,法第14条1項地図,P-F,,,,,,
46201-3400-488.zip,A1  42,1000,false,-146328.803,-49819.632,-146028.801,-49819.641,-146328.802,-49419.620,-146028.800,-49419.629,地籍図,法第14条1項地図,P-F,,,,,,
46201-3400-488.zip,A1  43,1000,false,-146328.802,-49419.620,-146028.800,-49419.629,-146328.802,-49019.607,-146028.799,-49019.617,地籍図,法第14条1項地図,P-F,,,,,,
46201-3400-488.zip,A1  44,1000,false,-146328.802,-49019.607,-146028.799,-49019.617,-146328.801,-48619.596,-146028.799,-48619.606,地籍図,法第14条1項地図,P-F,,,,,,
46201-3400-488.zip,A1  51,1000,false,-146628.808,-50219.634,-146328.805,-50219.644,-146628.805,-49819.622,-146328.803,-49819.632,地籍図,法第14条1項地図,P-F,,,,,,
46201-3400-488.zip,A1  52,1000,false,-146628.805,-49819.622,-146328.803,-49819.632,-146628.804,-49419.610,-146328.802,-49419.620,地籍図,法第14条1項地図,P-F,,,,,,
46201-3400-488.zip,A1  53,1000,false,-146628.804,-49419.610,-146328.802,-49419.620,-146628.803,-49019.598,-146328.802,-49019.607,地籍図,法第14条1項地図,P-F,,,,,,
46201-3400-488.zip,A1  54,1000,false,-146628.803,-49019.598,-146328.802,-49019.607,-146628.802,-48619.587,-146328.801,-48619.596,地籍図,法第14条1項地図,P-F,,,,,,
46201-3400-488.zip,E1  13,1000,false,-146928.819,-51419.667,-146628.817,-51419.675,-146928.817,-51019.652,-146628.815,-51019.661,地籍図,法第14条1項地図,P-F,,,,,,
46201-3400-488.zip,E1  14,1000,false,-146928.817,-51019.652,-146628.815,-51019.661,-146928.813,-50619.638,-146628.811,-50619.648,地籍図,法第14条1項地図,P-F,,,,,,
46201-3400-488.zip,E1  15,1000,false,-146928.813,-50619.638,-146628.811,-50619.648,-146928.810,-50219.624,-146628.808,-50219.634,地籍図,法第14条1項地図,P-F,,,,,,
46201-3400-488.zip,E1  23,1000,false,-147228.821,-51419.659,-146928.819,-51419.667,-147228.819,-51019.643,-146928.817,-51019.652,地籍図,法第14条1項地図,P-F,,,,,,
46201-3400-488.zip,E1  24,1000,false,-147228.819,-51019.643,-146928.817,-51019.652,-147228.816,-50619.628,-146928.813,-50619.638,地籍図,法第14条1項地図,P-F,,,,,,
46201-3400-488.zip,E1  25,1000,false,-147228.816,-50619.628,-146928.813,-50619.638,-147228.812,-50219.614,-146928.810,-50219.624,地籍図,法第14条1項地図,P-F,,,,,,
46201-3400-488.zip,E1  33,1000,false,-147528.824,-51419.650,-147228.821,-51419.659,-147528.823,-51019.634,-147228.819,-51019.643,地籍図,法第14条1項地図,P-F,,,,,,
46201-3400-488.zip,E1  34,1000,false,-147528.823,-51019.634,-147228.819,-51019.643,-147528.818,-50619.618,-147228.816,-50619.628,地籍図,法第14条1項地図,P-F,,,,,,
46201-3400-488.zip,E1  35,1000,false,-147528.818,-50619.618,-147228.816,-50619.628,-147528.814,-50219.603,-147228.812,-50219.614,地籍図,法第14条1項地図,P-F,,,,,,
46201-3400-488.zip,E1  43,1000,false,-147828.827,-51419.641,-147528.824,-51419.650,-147828.826,-51019.624,-147528.823,-51019.634,地籍図,法第14条1項地図,P-F,,,,,,
46201-3400-488.zip,E1  44,1000,false,-147828.826,-51019.624,-147528.823,-51019.634,-147828.821,-50619.608,-147528.818,-50619.618,地籍図,法第14条1項地図,P-F,,,,,,
46201-3400-488.zip,A1  12,1000,false,-145428.797,-49819.660,-145128.793,-49819.669,-145428.796,-49419.648,-145128.792,-49419.657,地籍図,法第14条1項地図,P-F,,,,,,
46201-3400-488.zip,A1  13,1000,false,-145428.796,-49419.648,-145128.792,-49419.657,-145428.795,-49019.636,-145128.791,-49019.645,地籍図,法第14条1項地図,P-F,,,,,,
46201-3400-488.zip,A1  14,1000,false,-145428.795,-49019.636,-145128.791,-49019.645,-145428.794,-48619.624,-145128.790,-48619.633,地籍図,法第14条1項地図,P-F,,,,,,
46201-3400-488.zip,A1  22,1000,false,-145728.799,-49819.651,-145428.797,-49819.660,-145728.798,-49419.639,-145428.796,-49419.648,地籍図,法第14条1項地図,P-F,,,,,,
46201-3400-489.zip,K1  14,1000,false,-148428.793,-47019.509,-148128.793,-47019.514,-148428.787,-46619.502,-148128.788,-46619.506,地籍図,法第14条1項地図,P-F,,,,,,
46201-3400-489.zip,K1  23,1000,false,-148728.800,-47419.511,-148428.798,-47419.516,-148728.794,-47019.505,-148428.793,-47019.509,地籍図,法第14条1項地図,P-F,,,,,,
46201-3400-489.zip,K1  24,1000,false,-148728.794,-47019.505,-148428.793,-47019.509,-148728.788,-46619.500,-148428.787,-46619.502,地籍図,法第14条1項地図,P-F,,,,,,
46201-3400-489.zip,L1  11,1000,false,-146928.800,-46219.530,-146628.803,-46219.535,-146928.801,-45819.528,-146628.805,-45819.532,地籍図,法第14条1項地図,P-F,,,,,,
46201-3400-489.zip,T   15,1000,false,-143928.771,-48619.664,-143628.765,-48619.670,-143928.772,-48219.653,-143628.766,-48219.660,地籍図,法第14条1項地図,P-F,,,,,,
46201-3400-489.zip,T   24,1000,false,-144228.778,-49019.670,-143928.772,-49019.676,-144228.777,-48619.657,-143928.771,-48619.664,地籍図,法第14条1項地図,P-F,,,,,,
46201-3400-489.zip,T   25,1000,false,-144228.777,-48619.657,-143928.771,-48619.664,-144228.777,-48219.646,-143928.772,-48219.653,地籍図,法第14条1項地図,P-F,,,,,,
46201-3400-489.zip,T   34,1000,false,-144528.783,-49019.663,-144228.778,-49019.670,-144528.782,-48619.651,-144228.777,-48619.657,地籍図,法第14条1項地図,P-F,,,,,,
46201-3400-489.zip,T   35,1000,false,-144528.782,-48619.651,-144228.777,-48619.657,-144528.782,-48219.639,-144228.777,-48219.646,地籍図,法第14条1項地図,P-F,,,,,,
46201-3400-489.zip,T   45,1000,false,-144828.786,-48619.642,-144528.782,-48619.651,-144828.786,-48219.631,-144528.782,-48219.639,地籍図,法第14条1項地図,P-F,,,,,,
46201-3400-489.zip,T   55,1000,false,-145128.790,-48619.633,-144828.786,-48619.642,-145128.789,-48219.622,-144828.786,-48219.631,地籍図,法第14条1項地図,P-F,,,,,,
46201-3400-489.zip,U   11,1000,false,-143928.772,-48219.653,-143628.766,-48219.660,-143928.772,-47819.642,-143628.767,-47819.650,地籍図,法第14条1項地図,P-F,,,,,,
46201-3400-489.zip,U   21,1000,false,-144228.777,-48219.646,-143928.772,-48219.653,-144228.777,-47819.635,-143928.772,-47819.642,地籍図,法第14条1項地図,P-F,,,,,,
46201-3400-489.zip,U   22,1000,false,-144228.777,-47819.635,-143928.772,-47819.642,-144228.776,-47419.622,-143928.770,-47419.629,地籍図,法第14条1項地図,P-F,,,,,,
46201-3400-489.zip,U   31,1000,false,-144528.782,-48219.639,-144228.777,-48219.646,-144528.782,-47819.627,-144228.777,-47819.635,地籍図,法第14条1項地図,P-F,,,,,,
46201-3400-489.zip,U   32,1000,false,-144528.782,-47819.627,-144228.777,-47819.635,-144528.781,-47419.614,-144228.776,-47419.622,地籍図,法第14条1項地図,P-F,,,,,,
46201-3400-489.zip,U   33,1000,false,-144528.781,-47419.614,-144228.776,-47419.622,-144528.781,-47019.601,-144228.774,-47019.608,地籍図,法第14条1項地図,P-F,,,,,,
46201-3400-489.zip,U   41,1000,false,-144828.786,-48219.631,-144528.782,-48219.639,-144828.785,-47819.619,-144528.782,-47819.627,地籍図,法第14条1項地図,P-F,,,,,,
46201-3400-489.zip,U   42,1000,false,-144828.785,-47819.619,-144528.782,-47819.627,-144828.785,-47419.607,-144528.781,-47419.614,地籍図,法第14条1項地図,P-F,,,,,,
46201-3400-489.zip,U   43,1000,false,-144828.785,-47419.607,-144528.781,-47419.614,-144828.787,-47019.594,-144528.781,-47019.601,地籍図,法第14条1項地図,P-F,,,,,,
46201-3400-489.zip,U   51,1000,false,-145128.789,-48219.622,-144828.786,-48219.631,-145128.788,-47819.611,-144828.785,-47819.619,地籍図,法第14条1項地図,P-F,,,,,,
46201-3400-489.zip,U   52,1000,false,-145128.788,-47819.611,-144828.785,-47819.619,-145128.789,-47419.599,-144828.785,-47419.607,地籍図,法第14条1項地図,P-F,,,,,,
46201-3400-489.zip,G1  45,1000,false,-147828.791,-46619.513,-147528.794,-46619.520,-147828.790,-46219.511,-147528.793,-46219.518,地籍図,法第14条1項地図,P-F,,,,,,
46201-3400-489.zip,G1  52,1000,false,-148128.802,-47819.529,-147828.802,-47819.536,-148128.798,-47419.521,-147828.799,-47419.528,地籍図,法第14条1項地図,P-F,,,,,,
46201-3400-489.zip,G1  53,1000,false,-148128.798,-47419.521,-147828.799,-47419.528,-148128.793,-47019.514,-147828.795,-47019.520,地籍図,法第14条1項地図,P-F,,,,,,
46201-3400-489.zip,G1  54,1000,false,-148128.793,-47019.514,-147828.795,-47019.520,-148128.788,-46619.506,-147828.791,-46619.513,地籍図,法第14条1項地図,P-F,,,,,,
46201-3400-489.zip,G1  55,1000,false,-148128.788,-46619.506,-147828.791,-46619.513,-148128.786,-46219.505,-147828.790,-46219.511,地籍図,法第14条1項地図,P-F,,,,,,
46201-3400-489.zip,K1  12,1000,false,-148428.803,-47819.523,-148128.802,-47819.529,-148428.798,-47419.516,-148128.798,-47419.521,地籍図,法第14条1項地図,P-F,,,,,,
46201-3400-489.zip,K1  13,1000,false,-148428.798,-47419.516,-148128.798,-47419.521,-148428.793,-47019.509,-148128.793,-47019.514,地籍図,法第14条1項地図,P-F,,,,,,
46201-3400-489.zip,C1  32,1000,false,-146028.813,-45819.540,-145728.816,-45819.543,-146028.818,-45419.534,-145728.823,-45419.536,地籍図,法第14条1項地図,P-F,,,,,,
46201-3400-489.zip,C1  41,1000,false,-146328.806,-46219.541,-146028.807,-46219.546,-146328.809,-45819.536,-146028.813,-45819.540,地籍図,法第14条1項地図,P-F,,,,,,
46201-3400-489.zip,C1  51,1000,false,-146628.803,-46219.535,-146328.806,-46219.541,-146628.805,-45819.532,-146328.809,-45819.536,地籍図,法第14条1項地図,P-F,,,,,,
46201-3400-489.zip,G1  11,1000,false,-146928.802,-48219.569,-146628.801,-48219.577,-146928.801,-47819.559,-146628.800,-47819.567,地籍図,法第14条1項地図,P-F,,,,,,
46201-3400-489.zip,G1  12,1000,false,-146928.801,-47819.559,-146628.800,-47819.567,-146928.800,-47419.550,-146628.800,-47419.558,地籍図,法第14条1項地図,P-F,,,,,,
46201-3400-489.zip,G1  13,1000,false,-146928.800,-47419.550,-146628.800,-47419.558,-146928.800,-47019.542,-146628.801,-47019.549,地籍図,法第14条1項地図,P-F,,,,,,
46201-3400-489.zip,G1  14,1000,false,-146928.800,-47019.542,-146628.801,-47019.549,-146928.799,-46619.534,-146628.802,-46619.541,地籍図,法第14条1項地図,P-F,,,,,,
46201-3400-489.zip,G1  15,1000,false,-146928.799,-46619.534,-146628.802,-46619.541,-146928.800,-46219.530,-146628.803,-46219.535,地籍図,法第14条1項地図,P-F,,,,,,
46201-3400-489.zip,G1  21,1000,false,-147228.802,-48219.560,-146928.802,-48219.569,-147228.801,-47819.550,-146928.801,-47819.559,地籍図,法第14条1項地図,P-F,,,,,,
46201-3400-489.zip,G1  22,1000,false,-147228.801,-47819.550,-146928.801,-47819.559,-147228.800,-47419.541,-146928.800,-47419.550,地籍図,法第14条1項地図,P-F,,,,,,
46201-3400-489.zip,G1  23,1000,false,-147228.800,-47419.541,-146928.800,-47419.550,-147228.799,-47019.534,-146928.800,-47019.542,地籍図,法第14条1項地図,P-F,,,,,,
46201-3400-489.zip,G1  24,1000,false,-147228.799,-47019.534,-146928.800,-47019.542,-147228.797,-46619.527,-146928.799,-46619.534,地籍図,法第14条1項地図,P-F,,,,,,
46201-3400-489.zip,G1  25,1000,false,-147228.797,-46619.527,-146928.799,-46619.534,-147228.797,-46219.524,-146928.800,-46219.530,地籍図,法第14条1項地図,P-F,,,,,,
46201-3400-489.zip,G1  31,1000,false,-147528.803,-48219.552,-147228.802,-48219.560,-147528.802,-47819.543,-147228.801,-47819.550,地籍図,法第14条1項地図,P-F,,,,,,
46201-3400-489.zip,G1  32,1000,false,-147528.802,-47819.543,-147228.801,-47819.550,-147528.800,-47419.534,-147228.800,-47419.541,地籍図,法第14条1項地図,P-F,,,,,,
46201-3400-489.zip,G1  33,1000,false,-147528.800,-47419.534,-147228.800,-47419.541,-147528.797,-47019.527,-147228.799,-47019.534,地籍図,法第14条1項地図,P-F,,,,,,
46201-3400-489.zip,G1  34,1000,false,-147528.797,-47019.527,-147228.799,-47019.534,-147528.794,-46619.520,-147228.797,-46619.527,地籍図,法第14条1項地図,P-F,,,,,,
46201-3400-489.zip,G1  35,1000,false,-147528.794,-46619.520,-147228.797,-46619.527,-147528.793,-46219.518,-147228.797,-46219.524,地籍図,法第14条1項地図,P-F,,,,,,
46201-3400-489.zip,G1  41,1000,false,-147828.804,-48219.545,-147528.803,-48219.552,-147828.802,-47819.536,-147528.802,-47819.543,地籍図,法第14条1項地図,P-F,,,,,,
46201-3400-489.zip,G1  42,1000,false,-147828.802,-47819.536,-147528.802,-47819.543,-147828.799,-47419.528,-147528.800,-47419.534,地籍図,法第14条1項地図,P-F,,,,,,
46201-3400-489.zip,G1  43,1000,false,-147828.799,-47419.528,-147528.800,-47419.534,-147828.795,-47019.520,-147528.797,-47019.527,地籍図,法第14条1項地図,P-F,,,,,,
46201-3400-489.zip,G1  44,1000,false,-147828.795,-47019.520,-147528.797,-47019.527,-147828.791,-46619.513,-147528.794,-46619.520,地籍図,法第14条1項地図,P-F,,,,,,
46201-3400-489.zip,B1  35,1000,false,-146028.803,-46619.554,-145728.803,-46619.560,-146028.807,-46219.546,-145728.809,-46219.551,地籍図,法第14条1項地図,P-F,,,,,,
46201-3400-489.zip,B1  44,1000,false,-146328.801,-47019.557,-146028.800,-47019.564,-146328.803,-46619.547,-146028.803,-46619.554,地籍図,法第14条1項地図,P-F,,,,,,
46201-3400-489.zip,B1  45,1000,false,-146328.803,-46619.547,-146028.803,-46619.554,-146328.806,-46219.541,-146028.807,-46219.546,地籍図,法第14条1項地図,P-F,,,,,,
46201-3400-489.zip,B1  54,1000,false,-146628.801,-47019.549,-146328.801,-47019.557,-146628.802,-46619.541,-146328.803,-46619.547,地籍図,法第14条1項地図,P-F,,,,,,
46201-3400-489.zip,B1  55,1000,false,-146628.802,-46619.541,-146328.803,-46619.547,-146628.803,-46219.535,-146328.806,-46219.541,地籍図,法第14条1項地図,P-F,,,,,,
46201-3400-489.zip,C1  31,1000,false,-146028.807,-46219.546,-145728.809,-46219.551,-146028.813,-45819.540,-145728.816,-45819.543,地籍図,法第14条1項地図,P-F,,,,,,
46201-3400-489.zip,B1  53,1000,false,-146628.800,-47419.558,-146328.799,-47419.566,-146628.801,-47019.549,-146328.801,-47019.557,地籍図,法第14条1項地図,P-F,,,,,,
46201-3400-49.zip,092-436,,false,1187.761,445.911,943.273,332.220,1325.378,149.683,1080.776,36.107,旧土地台帳附属地図,地図に準ずる図面,P-F,,,,,,
46201-3400-49.zip,092-437,,false,939.133,45.619,1164.685,193.333,759.834,319.102,985.691,466.740,旧土地台帳附属地図,地図に準ずる図面,P-F,,,,,,
46201-3400-49.zip,092-438,,false,655.352,72.133,924.719,58.912,671.544,398.384,940.912,384.973,旧土地台帳附属地図,地図に準ずる図面,P-F,,,,,,
46201-3400-49.zip,092-439,,false,764.904,354.857,497.403,388.690,724.060,30.397,456.331,64.458,旧土地台帳附属地図,地図に準ずる図面,P-F,,,,,,
46201-3400-49.zip,092-440,,false,584.887,301.179,330.378,390.067,477.140,-7.088,222.593,81.875,旧土地台帳附属地図,地図に準ずる図面,P-F,,,,,,
46201-3400-49.zip,092-441,,false,1268.055,485.793,1284.933,754.932,941.766,506.139,958.873,775.392,旧土地台帳附属地図,地図に準ずる図面,P-F,,,,,,
46201-3400-49.zip,092-442,,false,1058.671,487.719,1042.516,756.858,732.648,468.174,716.570,737.389,旧土地台帳附属地図,地図に準ずる図面,P-F,,,,,,
46201-3400-49.zip,092-443,,false,551.174,749.601,538.944,480.158,877.768,734.895,865.347,465.413,旧土地台帳附属地図,地図に準ずる図面,P-F,,,,,,
46201-3400-49.zip,092-444,,false,281.005,748.074,277.919,478.478,607.637,744.264,604.437,474.592,旧土地台帳附属地図,地図に準ずる図面,P-F,,,,,,
46201-3400-49.zip,092-445,,false,11.747,738.243,12.813,468.533,338.759,739.729,339.674,469.942,旧土地台帳附属地図,地図に準ずる図面,P-F,,,,,,
46201-3400-49.zip,092-446,,false,1291.272,1170.547,1034.820,1253.605,1190.459,859.841,934.007,943.089,旧土地台帳附属地図,地図に準ずる図面,P-F,,,,,,
46201-3400-49.zip,092-447,,false,747.142,926.717,1007.860,857.680,830.771,1242.871,1091.566,1173.529,旧土地台帳附属地図,地図に準ずる図面,P-F,,,,,,
46201-3400-49.zip,092-448,,false,859.932,957.871,742.507,1200.644,565.913,815.795,448.565,1058.493,旧土地台帳附属地図,地図に準ずる図面,P-F,,,,,,
46201-3400-49.zip,092-449,,false,572.074,1085.879,332.806,1210.276,421.427,795.709,182.120,920.373,旧土地台帳附属地図,地図に準ずる図面,P-F,,,,,,
46201-3400-49.zip,092-450,,false,285.014,1134.981,15.380,1140.543,278.194,808.463,8.522,814.064,旧土地台帳附属地図,地図に準ずる図面,P-F,,,,,,
46201-3400-49.zip,092-451,,false,1121.143,1281.958,1356.030,1414.470,960.323,1566.641,1195.438,1699.077,旧土地台帳附属地図,地図に準ずる図面,P-F,,,,,,
46201-3400-49.zip,092-452,,false,850.667,1283.051,1105.671,1370.682,744.673,1591.967,999.791,1679.483,旧土地台帳附属地図,地図に準ずる図面,P-F,,,,,,
46201-3400-49.zip,092-453,,false,614.303,1278.245,843.704,1419.940,442.320,1556.300,671.911,1697.956,旧土地台帳附属地図,地図に準ずる図面,P-F,,,,,,
46201-3400-49.zip,092-454,,false,484.045,1616.159,222.374,1550.894,562.950,1299.243,301.317,1234.130,旧土地台帳附属地図,地図に準ずる図面,P-F,,,,,,
46201-3400-49.zip,092-455,,false,327.587,1591.986,57.953,1599.111,319.015,1265.087,49.228,1272.479,旧土地台帳附属地図,地図に準ずる図面,P-F,,,,,,
46201-3400-490.zip,Z   32,1000,false,-146028.813,-51819.705,-145728.811,-51819.712,-146028.812,-51419.691,-145728.809,-51419.699,地籍図,法第14条1項地図,P-F,,,,,,
46201-3400-490.zip,Z   33,1000,false,-146028.812,-51419.691,-145728.809,-51419.699,-146028.810,-51019.678,-145728.807,-51019.686,地籍図,法第14条1項地図,P-F,,,,,,
46201-3400-490.zip,Z   34,1000,false,-146028.810,-51019.678,-145728.807,-51019.686,-146028.806,-50619.666,-145728.804,-50619.674,地籍図,法第14条1項地図,P-F,,,,,,
46201-3400-490.zip,Z   35,1000,false,-146028.806,-50619.666,-145728.804,-50619.674,-146028.803,-50219.653,-145728.801,-50219.663,地籍図,法第14条1項地図,P-F,,,,,,
46201-3400-490.zip,Z   42,1000,false,-146328.815,-51819.698,-146028.813,-51819.705,-146328.814,-51419.684,-146028.812,-51419.691,地籍図,法第14条1項地図,P-F,,,,,,
46201-3400-490.zip,Z   43,1000,false,-146328.814,-51419.684,-146028.812,-51419.691,-146328.812,-51019.670,-146028.810,-51019.678,地籍図,法第14条1項地図,P-F,,,,,,
46201-3400-490.zip,Z   44,1000,false,-146328.812,-51019.670,-146028.810,-51019.678,-146328.809,-50619.657,-146028.806,-50619.666,地籍図,法第14条1項地図,P-F,,,,,,
46201-3400-490.zip,Z   45,1000,false,-146328.809,-50619.657,-146028.806,-50619.666,-146328.805,-50219.644,-146028.803,-50219.653,地籍図,法第14条1項地図,P-F,,,,,,
46201-3400-490.zip,Z   53,1000,false,-146628.817,-51419.675,-146328.814,-51419.684,-146628.815,-51019.661,-146328.812,-51019.670,地籍図,法第14条1項地図,P-F,,,,,,
46201-3400-490.zip,Z   54,1000,false,-146628.815,-51019.661,-146328.812,-51019.670,-146628.811,-50619.648,-146328.809,-50619.657,地籍図,法第14条1項地図,P-F,,,,,,
46201-3400-490.zip,Z   23,1000,false,-145728.809,-51419.699,-145428.807,-51419.706,-145728.807,-51019.686,-145428.804,-51019.694,地籍図,法第14条1項地図,P-F,,,,,,
46201-3400-490.zip,Z   24,1000,false,-145728.807,-51019.686,-145428.804,-51019.694,-145728.804,-50619.674,-145428.801,-50619.683,地籍図,法第14条1項地図,P-F,,,,,,
46201-3400-490.zip,Z   25,1000,false,-145728.804,-50619.674,-145428.801,-50619.683,-145728.801,-50219.663,-145428.799,-50219.672,地籍図,法第14条1項地図,P-F,,,,,,
46201-3400-490.zip,S   23,1000,false,-144228.793,-51419.728,-143928.790,-51419.731,-144228.789,-51019.719,-143928.786,-51019.723,地籍図,法第14条1項地図,P-F,,,,,,
46201-3400-490.zip,S   24,1000,false,-144228.789,-51019.719,-143928.786,-51019.723,-144228.786,-50619.712,-143928.782,-50619.718,地籍図,法第14条1項地図,P-F,,,,,,
46201-3400-490.zip,S   25,1000,false,-144228.786,-50619.712,-143928.782,-50619.718,-144228.784,-50219.705,-143928.779,-50219.713,地籍図,法第14条1項地図,P-F,,,,,,
46201-3400-490.zip,S   31,1000,false,-144528.806,-52219.745,-144228.804,-52219.746,-144528.801,-51819.735,-144228.798,-51819.737,地籍図,法第14条1項地図,P-F,,,,,,
46201-3400-490.zip,S   32,1000,false,-144528.801,-51819.735,-144228.798,-51819.737,-144528.796,-51419.725,-144228.793,-51419.728,地籍図,法第14条1項地図,P-F,,,,,,
46201-3400-490.zip,S   33,1000,false,-144528.796,-51419.725,-144228.793,-51419.728,-144528.792,-51019.716,-144228.789,-51019.719,地籍図,法第14条1項地図,P-F,,,,,,
46201-3400-490.zip,S   34,1000,false,-144528.792,-51019.716,-144228.789,-51019.719,-144528.790,-50619.706,-144228.786,-50619.712,地籍図,法第14条1項地図,P-F,,,,,,
46201-3400-490.zip,S   35,1000,false,-144528.790,-50619.706,-144228.786,-50619.712,-144528.789,-50219.697,-144228.784,-50219.705,地籍図,法第14条1項地図,P-F,,,,,,
46201-3400-490.zip,S   41,1000,false,-144828.808,-52219.741,-144528.806,-52219.745,-144828.804,-51819.730,-144528.801,-51819.735,地籍図,法第14条1項地図,P-F,,,,,,
46201-3400-490.zip,S   42,1000,false,-144828.804,-51819.730,-144528.801,-51819.735,-144828.800,-51419.719,-144528.796,-51419.725,地籍図,法第14条1項地図,P-F,,,,,,
46201-3400-490.zip,S   13,1000,false,-143928.790,-51419.731,-143628.788,-51419.733,-143928.786,-51019.723,-143628.782,-51019.727,地籍図,法第14条1項地図,P-F,,,,,,
46201-3400-490.zip,S   14,1000,false,-143928.786,-51019.723,-143628.782,-51019.727,-143928.782,-50619.718,-143628.778,-50619.724,地籍図,法第14条1項地図,P-F,,,,,,
46201-3400-490.zip,S   21,1000,false,-144228.804,-52219.746,-143928.801,-52219.748,-144228.798,-51819.737,-143928.796,-51819.739,地籍図,法第14条1項地図,P-F,,,,,,
46201-3400-490.zip,S   22,1000,false,-144228.798,-51819.737,-143928.796,-51819.739,-144228.793,-51419.728,-143928.790,-51419.731,地籍図,法第14条1項地図,P-F,,,,,,
46201-3400-490.zip,S   43,1000,false,-144828.800,-51419.719,-144528.796,-51419.725,-144828.796,-51019.709,-144528.792,-51019.716,地籍図,法第14条1項地図,P-F,,,,,,
46201-3400-490.zip,S   44,1000,false,-144828.796,-51019.709,-144528.792,-51019.716,-144828.794,-50619.699,-144528.790,-50619.706,地籍図,法第14条1項地図,P-F,,,,,,
46201-3400-490.zip,S   45,1000,false,-144828.794,-50619.699,-144528.790,-50619.706,-144828.792,-50219.689,-144528.789,-50219.697,地籍図,法第14条1項地図,P-F,,,,,,
46201-3400-490.zip,S   51,1000,false,-145128.810,-52219.736,-144828.808,-52219.741,-145128.806,-51819.724,-144828.804,-51819.730,地籍図,法第14条1項地図,P-F,,,,,,
46201-3400-490.zip,S   52,1000,false,-145128.806,-51819.724,-144828.804,-51819.730,-145128.803,-51419.713,-144828.800,-51419.719,地籍図,法第14条1項地図,P-F,,,,,,
46201-3400-490.zip,S   53,1000,false,-145128.803,-51419.713,-144828.800,-51419.719,-145128.800,-51019.702,-144828.796,-51019.709,地籍図,法第14条1項地図,P-F,,,,,,
46201-3400-490.zip,S   54,1000,false,-145128.800,-51019.702,-144828.796,-51019.709,-145128.798,-50619.691,-144828.794,-50619.699,地籍図,法第14条1項地図,P-F,,,,,,
46201-3400-490.zip,S   55,1000,false,-145128.798,-50619.691,-144828.794,-50619.699,-145128.795,-50219.680,-144828.792,-50219.689,地籍図,法第14条1項地図,P-F,,,,,,
46201-3400-490.zip,Z   11,1000,false,-145428.811,-52219.732,-145128.810,-52219.736,-145428.809,-51819.719,-145128.806,-51819.724,地籍図,法第14条1項地図,P-F,,,,,,
46201-3400-490.zip,Z   12,1000,false,-145428.809,-51819.719,-145128.806,-51819.724,-145428.807,-51419.706,-145128.803,-51419.713,地籍図,法第14条1項地図,P-F,,,,,,
46201-3400-490.zip,Z   13,1000,false,-145428.807,-51419.706,-145128.803,-51419.713,-145428.804,-51019.694,-145128.800,-51019.702,地籍図,法第14条1項地図,P-F,,,,,,
46201-3400-490.zip,Z   14,1000,false,-145428.804,-51019.694,-145128.800,-51019.702,-145428.801,-50619.683,-145128.798,-50619.691,地籍図,法第14条1項地図,P-F,,,,,,
46201-3400-490.zip,Z   15,1000,false,-145428.801,-50619.683,-145128.798,-50619.691,-145428.799,-50219.672,-145128.795,-50219.680,地籍図,法第14条1項地図,P-F,,,,,,
46201-3400-490.zip,Z   21,1000,false,-145728.813,-52219.726,-145428.811,-52219.732,-145728.811,-51819.712,-145428.809,-51819.719,地籍図,法第14条1項地図,P-F,,,,,,
46201-3400-490.zip,Z   22,1000,false,-145728.811,-51819.712,-145428.809,-51819.719,-145728.809,-51419.699,-145428.807,-51419.706,地籍図,法第14条1項地図,P-F,,,,,,
46201-3400-491.zip,L   22,1000,false,-142728.782,-51819.741,-142428.775,-51819.744,-142728.772,-51419.736,-142428.765,-51419.738,地籍図,法第14条1項地図,P-F,,,,,,
46201-3400-491.zip,L   31,1000,false,-143028.794,-52219.747,-142728.792,-52219.745,-143028.786,-51819.741,-142728.782,-51819.741,地籍図,法第14条1項地図,P-F,,,,,,
46201-3400-491.zip,L   32,1000,false,-143028.786,-51819.741,-142728.782,-51819.741,-143028.777,-51419.735,-142728.772,-51419.736,地籍図,法第14条1項地図,P-F,,,,,,
46201-3400-491.zip,L   41,1000,false,-143328.796,-52219.748,-143028.794,-52219.747,-143328.789,-51819.741,-143028.786,-51819.741,地籍図,法第14条1項地図,P-F,,,,,,
46201-3400-491.zip,L   42,1000,false,-143328.789,-51819.741,-143028.786,-51819.741,-143328.782,-51419.734,-143028.777,-51419.735,地籍図,法第14条1項地図,P-F,,,,,,
46201-3400-491.zip,L   51,1000,false,-143628.798,-52219.749,-143328.796,-52219.748,-143628.793,-51819.741,-143328.789,-51819.741,地籍図,法第14条1項地図,P-F,,,,,,
46201-3400-491.zip,L   52,1000,false,-143628.793,-51819.741,-143328.789,-51819.741,-143628.788,-51419.733,-143328.782,-51419.734,地籍図,法第14条1項地図,P-F,,,,,,
46201-3400-491.zip,L   53,1000,false,-143628.788,-51419.733,-143328.782,-51419.734,-143628.782,-51019.727,-143328.776,-51019.728,地籍図,法第14条1項地図,P-F,,,,,,
46201-3400-491.zip,R   15,1000,false,-143928.806,-52619.760,-143628.804,-52619.761,-143928.801,-52219.748,-143628.798,-52219.749,地籍図,法第14条1項地図,P-F,,,,,,
46201-3400-491.zip,R   25,1000,false,-144228.808,-52619.758,-143928.806,-52619.760,-144228.804,-52219.746,-143928.801,-52219.748,地籍図,法第14条1項地図,P-F,,,,,,
46201-3400-491.zip,R   35,1000,false,-144528.810,-52619.757,-144228.808,-52619.758,-144528.806,-52219.745,-144228.804,-52219.746,地籍図,法第14条1項地図,P-F,,,,,,
46201-3400-491.zip,S   11,1000,false,-143928.801,-52219.748,-143628.798,-52219.749,-143928.796,-51819.739,-143628.793,-51819.741,地籍図,法第14条1項地図,P-F,,,,,,
46201-3400-491.zip,S   12,1000,false,-143928.796,-51819.739,-143628.793,-51819.741,-143928.790,-51419.731,-143628.788,-51419.733,地籍図,法第14条1項地図,P-F,,,,,,
46201-3400-491.zip,S   13,1000,false,-143928.790,-51419.731,-143628.788,-51419.733,-143928.786,-51019.723,-143628.782,-51019.727,地籍図,法第14条1項地図,P-F,,,,,,
46201-3400-491.zip,S   21,1000,false,-144228.804,-52219.746,-143928.801,-52219.748,-144228.798,-51819.737,-143928.796,-51819.739,地籍図,法第14条1項地図,P-F,,,,,,
46201-3400-491.zip,S   22,1000,false,-144228.798,-51819.737,-143928.796,-51819.739,-144228.793,-51419.728,-143928.790,-51419.731,地籍図,法第14条1項地図,P-F,,,,,,
46201-3400-491.zip,S   23,1000,false,-144228.793,-51419.728,-143928.790,-51419.731,-144228.789,-51019.719,-143928.786,-51019.723,地籍図,法第14条1項地図,P-F,,,,,,
46201-3400-491.zip,S   31,1000,false,-144528.806,-52219.745,-144228.804,-52219.746,-144528.801,-51819.735,-144228.798,-51819.737,地籍図,法第14条1項地図,P-F,,,,,,
46201-3400-491.zip,S   41,1000,false,-144828.808,-52219.741,-144528.806,-52219.745,-144828.804,-51819.730,-144528.801,-51819.735,地籍図,法第14条1項地図,P-F,,,,,,
46201-3400-491.zip,S   42,1000,false,-144828.804,-51819.730,-144528.801,-51819.735,-144828.800,-51419.719,-144528.796,-51419.725,地籍図,法第14条1項地図,P-F,,,,,,
46201-3400-491.zip,S   51,1000,false,-145128.810,-52219.736,-144828.808,-52219.741,-145128.806,-51819.724,-144828.804,-51819.730,地籍図,法第14条1項地図,P-F,,,,,,
46201-3400-491.zip,L   11,1000,false,-142428.784,-52219.750,-142128.776,-52219.756,-142428.775,-51819.744,-142128.767,-51819.749,地籍図,法第14条1項地図,P-F,,,,,,
46201-3400-491.zip,L   12,1000,false,-142428.775,-51819.744,-142128.767,-51819.749,-142428.765,-51419.738,-142128.758,-51419.741,地籍図,法第14条1項地図,P-F,,,,,,
46201-3400-491.zip,L   21,1000,false,-142728.792,-52219.745,-142428.784,-52219.750,-142728.782,-51819.741,-142428.775,-51819.744,地籍図,法第14条1項地図,P-F,,,,,,
46201-3400-491.zip,D   35,1000,false,-141528.769,-52619.778,-141228.764,-52619.782,-141528.761,-52219.766,-141228.755,-52219.771,地籍図,法第14条1項地図,P-F,,,,,,
46201-3400-491.zip,D   44,1000,false,-141828.782,-53019.786,-141528.777,-53019.790,-141828.775,-52619.773,-141528.769,-52619.778,地籍図,法第14条1項地図,P-F,,,,,,
46201-3400-491.zip,D   45,1000,false,-141828.775,-52619.773,-141528.769,-52619.778,-141828.768,-52219.762,-141528.761,-52219.766,地籍図,法第14条1項地図,P-F,,,,,,
46201-3400-491.zip,D   54,1000,false,-142128.788,-53019.783,-141828.782,-53019.786,-142128.783,-52619.768,-141828.775,-52619.773,地籍図,法第14条1項地図,P-F,,,,,,
46201-3400-491.zip,D   55,1000,false,-142128.783,-52619.768,-141828.775,-52619.773,-142128.776,-52219.756,-141828.768,-52219.762,地籍図,法第14条1項地図,P-F,,,,,,
46201-3400-491.zip,E   11,1000,false,-140928.748,-52219.776,-140628.742,-52219.781,-140928.738,-51819.766,-140628.732,-51819.771,地籍図,法第14条1項地図,P-F,,,,,,
46201-3400-491.zip,E   21,1000,false,-141228.755,-52219.771,-140928.748,-52219.776,-141228.745,-51819.761,-140928.738,-51819.766,地籍図,法第14条1項地図,P-F,,,,,,
46201-3400-491.zip,E   31,1000,false,-141528.761,-52219.766,-141228.755,-52219.771,-141528.752,-51819.757,-141228.745,-51819.761,地籍図,法第14条1項地図,P-F,,,,,,
46201-3400-491.zip,E   41,1000,false,-141828.768,-52219.762,-141528.761,-52219.766,-141828.759,-51819.753,-141528.752,-51819.757,地籍図,法第14条1項地図,P-F,,,,,,
46201-3400-491.zip,E   42,1000,false,-141828.759,-51819.753,-141528.752,-51819.757,-141828.750,-51419.744,-141528.743,-51419.748,地籍図,法第14条1項地図,P-F,,,,,,
46201-3400-491.zip,E   51,1000,false,-142128.776,-52219.756,-141828.768,-52219.762,-142128.767,-51819.749,-141828.759,-51819.753,地籍図,法第14条1項地図,P-F,,,,,,
46201-3400-491.zip,E   52,1000,false,-142128.767,-51819.749,-141828.759,-51819.753,-142128.758,-51419.741,-141828.750,-51419.744,地籍図,法第14条1項地図,P-F,,,,,,
46201-3400-491.zip,K   13,1000,false,-142428.798,-53419.795,-142128.794,-53419.797,-142428.794,-53019.779,-142128.788,-53019.783,地籍図,法第14条1項地図,P-F,,,,,,
46201-3400-491.zip,K   14,1000,false,-142428.794,-53019.779,-142128.788,-53019.783,-142428.790,-52619.763,-142128.783,-52619.768,地籍図,法第14条1項地図,P-F,,,,,,
46201-3400-491.zip,K   15,1000,false,-142428.790,-52619.763,-142128.783,-52619.768,-142428.784,-52219.750,-142128.776,-52219.756,地籍図,法第14条1項地図,P-F,,,,,,
46201-3400-491.zip,K   23,1000,false,-142728.803,-53419.793,-142428.798,-53419.795,-142728.800,-53019.776,-142428.794,-53019.779,地籍図,法第14条1項地図,P-F,,,,,,
46201-3400-491.zip,K   24,1000,false,-142728.800,-53019.776,-142428.794,-53019.779,-142728.797,-52619.758,-142428.790,-52619.763,地籍図,法第14条1項地図,P-F,,,,,,
46201-3400-491.zip,K   25,1000,false,-142728.797,-52619.758,-142428.790,-52619.763,-142728.792,-52219.745,-142428.784,-52219.750,地籍図,法第14条1項地図,P-F,,,,,,
46201-3400-491.zip,K   33,1000,false,-143028.807,-53419.791,-142728.803,-53419.793,-143028.803,-53019.775,-142728.800,-53019.776,地籍図,法第14条1項地図,P-F,,,,,,
46201-3400-491.zip,K   34,1000,false,-143028.803,-53019.775,-142728.800,-53019.776,-143028.799,-52619.759,-142728.797,-52619.758,地籍図,法第14条1項地図,P-F,,,,,,
46201-3400-491.zip,K   35,1000,false,-143028.799,-52619.759,-142728.797,-52619.758,-143028.794,-52219.747,-142728.792,-52219.745,地籍図,法第14条1項地図,P-F,,,,,,
46201-3400-491.zip,K   44,1000,false,-143328.806,-53019.775,-143028.803,-53019.775,-143328.801,-52619.760,-143028.799,-52619.759,地籍図,法第14条1項地図,P-F,,,,,,
46201-3400-491.zip,K   45,1000,false,-143328.801,-52619.760,-143028.799,-52619.759,-143328.796,-52219.748,-143028.794,-52219.747,地籍図,法第14条1項地図,P-F,,,,,,
46201-3400-491.zip,K   54,1000,false,-143628.809,-53019.775,-143328.806,-53019.775,-143628.804,-52619.761,-143328.801,-52619.760,地籍図,法第14条1項地図,P-F,,,,,,
46201-3400-491.zip,D   15,1000,false,-140928.758,-52619.786,-140628.752,-52619.791,-140928.748,-52219.776,-140628.742,-52219.781,地籍図,法第14条1項地図,P-F,,,,,,
46201-3400-491.zip,D   24,1000,false,-141228.773,-53019.793,-140928.769,-53019.797,-141228.764,-52619.782,-140928.758,-52619.786,地籍図,法第14条1項地図,P-F,,,,,,
46201-3400-491.zip,D   25,1000,false,-141228.764,-52619.782,-140928.758,-52619.786,-141228.755,-52219.771,-140928.748,-52219.776,地籍図,法第14条1項地図,P-F,,,,,,
46201-3400-491.zip,D   34,1000,false,-141528.777,-53019.790,-141228.773,-53019.793,-141528.769,-52619.778,-141228.764,-52619.782,地籍図,法第14条1項地図,P-F,,,,,,
46201-3400-491.zip,K   55,1000,false,-143628.804,-52619.761,-143328.801,-52619.760,-143628.798,-52219.749,-143328.796,-52219.748,地籍図,法第14条1項地図,P-F,,,,,,
46201-3400-492.zip,075-295,,true,-468.697,939.799,-198.789,949.779,-480.760,1266.437,-210.997,1276.221,旧土地台帳附属地図,地図に準ずる図面,P-F,,,,,,
46201-3400-492.zip,075-296,,true,-557.387,982.812,-287.304,987.864,-563.432,1309.655,-293.573,1314.512,旧土地台帳附属地図,地図に準ずる図面,P-F,,,,,,
46201-3400-492.zip,075-297A,,true,-641.118,897.091,-373.788,935.885,-687.960,1220.617,-420.828,1259.189,旧土地台帳附属地図,地図に準ずる図面,P-F,,,,,,
46201-3400-492.zip,075-297B,,true,-681.779,828.225,-411.751,836.937,-692.214,1154.958,-422.483,1163.431,旧土地台帳附属地図,地図に準ずる図面,P-F,,,,,,
46201-3400-492.zip,075-298A,,true,-998.512,733.621,-728.537,724.483,-987.370,1060.292,-717.629,1050.971,旧土地台帳附属地図,地図に準ずる図面,P-F,,,,,,
46201-3400-492.zip,075-298B,,true,-978.123,578.006,-708.909,600.229,-1004.933,903.804,-735.965,925.777,旧土地台帳附属地図,地図に準ずる図面,P-F,,,,,,
46201-3400-492.zip,075-299A,,true,-781.103,434.785,-537.243,550.985,-921.615,729.902,-677.879,845.832,旧土地台帳附属地図,地図に準ずる図面,P-F,,,,,,
46201-3400-492.zip,075-299B,,true,-890.770,390.049,-625.902,443.301,-955.090,710.519,-690.430,763.456,旧土地台帳附属地図,地図に準ずる図面,P-F,,,,,,
46201-3400-492.zip,075-300A,,true,-929.773,621.596,-659.737,614.453,-921.078,948.304,-651.313,941.015,旧土地台帳附属地図,地図に準ずる図面,P-F,,,,,,
46201-3400-492.zip,075-300B,,true,-742.241,726.109,-472.485,711.190,-724.131,1052.468,-454.651,1037.373,旧土地台帳附属地図,地図に準ずる図面,P-F,,,,,,
46201-3400-492.zip,075-301A,,true,-649.515,766.465,-381.211,797.823,-687.376,1091.127,-419.267,1122.192,旧土地台帳附属地図,地図に準ずる図面,P-F,,,,,,
46201-3400-492.zip,075-301B,,true,-512.429,690.180,-242.908,708.314,-534.288,1016.310,-264.976,1034.162,旧土地台帳附属地図,地図に準ずる図面,P-F,,,,,,
46201-3400-492.zip,075-302A,,true,-440.105,709.643,-171.613,679.602,-403.682,1034.468,-135.518,1004.233,旧土地台帳附属地図,地図に準ずる図面,P-F,,,,,,
46201-3400-492.zip,075-302B,,true,-362.888,443.946,-94.117,416.511,-329.572,769.104,-61.127,741.473,旧土地台帳附属地図,地図に準ずる図面,P-F,,,,,,
46201-3400-492.zip,075-303,,true,-530.118,550.728,-260.226,540.340,-517.464,877.345,-247.808,866.736,旧土地台帳附属地図,地図に準ずる図面,P-F,,,,,,
46201-3400-492.zip,075-304,,true,-689.187,536.029,-419.386,521.967,-672.066,862.442,-402.540,848.202,旧土地台帳附属地図,地図に準ずる図面,P-F,,,,,,
46201-3400-492.zip,075-305,,true,-781.023,498.624,-510.899,500.274,-782.843,825.555,-512.982,826.861,旧土地台帳附属地図,地図に準ずる図面,P-F,,,,,,
46201-3400-492.zip,075-306,,true,-613.464,419.631,-344.863,448.687,-648.456,744.691,-380.129,773.448,旧土地台帳附属地図,地図に準ずる図面,P-F,,,,,,
46201-3400-492.zip,075-307A,,true,-428.518,458.794,-158.441,461.547,-431.773,785.676,-161.883,788.161,旧土地台帳附属地図,地図に準ずる図面,P-F,,,,,,
46201-3400-492.zip,075-307B,,true,-628.880,277.786,-362.727,231.826,-573.176,599.904,-307.257,553.713,旧土地台帳附属地図,地図に準ずる図面,P-F,,,,,,
46201-3400-492.zip,075-308A,,true,-732.285,332.024,-475.056,414.505,-832.054,643.246,-575.068,725.489,旧土地台帳附属地図,地図に準ずる図面,P-F,,,,,,
46201-3400-492.zip,075-308B,,true,-883.535,192.740,-614.266,214.754,-910.061,518.523,-641.079,540.322,旧土地台帳附属地図,地図に準ずる図面,P-F,,,,,,
46201-3400-492.zip,075-309A,,true,-836.991,257.638,-567.541,238.479,-813.651,583.742,-544.450,564.294,旧土地台帳附属地図,地図に準ずる図面,P-F,,,,,,
46201-3400-492.zip,075-309B,,true,-721.891,79.975,-453.319,51.005,-686.678,405.011,-418.365,375.762,旧土地台帳附属地図,地図に準ずる図面,P-F,,,,,,
46201-3400-492.zip,075-310A,,true,-583.200,267.758,-314.684,297.585,-619.273,592.699,-350.996,622.269,旧土地台帳附属地図,地図に準ずる図面,P-F,,,,,,
46201-3400-492.zip,075-310B,,true,-477.192,172.584,-208.110,148.382,-447.883,498.205,-179.086,473.799,旧土地台帳附属地図,地図に準ずる図面,P-F,,,,,,
46201-3400-492.zip,075-311A,,true,-387.983,246.933,-117.985,254.043,-396.501,573.682,-126.723,580.481,旧土地台帳附属地図,地図に準ずる図面,P-F,,,,,,
46201-3400-492.zip,075-311B,,true,-367.106,237.490,-97.047,241.701,-372.116,564.312,-102.282,568.253,旧土地台帳附属地図,地図に準ずる図面,P-F,,,,,,
46201-3400-492.zip,075-312A,,true,-379.142,107.916,-110.581,136.265,-413.374,432.942,-144.981,461.080,旧土地台帳附属地図,地図に準ずる図面,P-F,,,,,,
46201-3400-492.zip,075-312B,,true,-172.569,299.069,95.882,269.692,-136.941,623.944,131.305,594.436,旧土地台帳附属地図,地図に準ずる図面,P-F,,,,,,
46201-3400-492.zip,075-313A,,true,-181.438,159.893,83.286,213.471,-246.150,480.245,18.359,533.546,旧土地台帳附属地図,地図に準ずる図面,P-F,,,,,,
46201-3400-492.zip,075-313B,,true,-93.178,137.361,175.258,167.224,-129.235,462.227,139.004,491.800,旧土地台帳附属地図,地図に準ずる図面,P-F,,,,,,
46201-3400-492.zip,075-314,,true,-253.682,-9.404,15.928,-26.772,-232.595,316.738,36.739,299.234,旧土地台帳附属地図,地図に準ずる図面,P-F,,,,,,
46201-3400-492.zip,075-315,,true,-336.778,-120.571,-66.842,-110.330,-349.074,205.983,-79.398,216.061,旧土地台帳附属地図,地図に準ずる図面,P-F,,,,,,
46201-3400-492.zip,075-316A,,true,-490.649,-77.885,-223.235,-39.946,-536.435,245.715,-269.220,283.433,旧土地台帳附属地図,地図に準ずる図面,P-F,,,,,,
46201-3400-492.zip,075-316B,,true,-323.055,-342.451,-53.426,-357.592,-304.693,-16.144,-35.265,-31.465,旧土地台帳附属地図,地図に準ずる図面,P-F,,,,,,
46201-3400-492.zip,075-317A,,true,-602.645,-58.744,-332.939,-44.298,-620.020,267.655,-350.571,281.896,旧土地台帳附属地図,地図に準ずる図面,P-F,,,,,,
46201-3400-492.zip,075-317B,,true,-637.963,-165.335,-368.190,-177.645,-623.036,161.147,-353.459,148.693,旧土地台帳附属地図,地図に準ずる図面,P-F,,,,,,
46201-3400-492.zip,075-318A,,true,-731.302,-267.561,-484.954,-156.917,-865.111,30.572,-618.894,140.948,旧土地台帳附属地図,地図に準ずる図面,P-F,,,,,,
46201-3400-492.zip,075-318B,,true,-762.508,-223.278,-494.021,-194.584,-797.269,101.614,-528.918,130.141,旧土地台帳附属地図,地図に準ずる図面,P-F,,,,,,
46201-3400-492.zip,075-319A,,true,-631.352,-178.614,-364.914,-223.124,-577.424,143.767,-311.293,99.037,旧土地台帳附属地図,地図に準ずる図面,P-F,,,,,,
46201-3400-492.zip,075-319B,,true,-683.425,-359.707,-415.049,-390.101,-646.614,-34.964,-378.486,-65.523,旧土地台帳附属地図,地図に準ずる図面,P-F,,,,,,
46201-3400-492.zip,075-320,,true,-525.485,-326.617,-257.829,-362.806,-481.504,-2.651,-214.114,-39.113,旧土地台帳附属地図,地図に準ずる図面,P-F,,,,,,
46201-3400-492.zip,075-321,,true,-629.449,-431.420,-359.371,-424.444,-637.776,-104.588,-367.957,-97.887,旧土地台帳附属地図,地図に準ずる図面,P-F,,,,,,
46201-3400-492.zip,075-322,,true,-519.629,-541.490,-249.516,-544.542,-515.807,-214.612,-245.963,-217.891,旧土地台帳附属地図,地図に準ずる図面,P-F,,,,,,
46201-3400-492.zip,075-323,,true,-404.261,-478.892,-134.217,-483.931,-398.033,-152.090,-128.221,-157.354,旧土地台帳附属地図,地図に準ずる図面,P-F,,,,,,
46201-3400-492.zip,075-324A,,true,-252.724,-235.674,15.454,-203.575,-291.472,88.882,-23.494,120.727,旧土地台帳附属地図,地図に準ずる図面,P-F,,,,,,
46201-3400-492.zip,075-324B,,true,-144.658,-370.288,124.505,-392.669,-117.510,-44.517,151.404,-67.146,旧土地台帳附属地図,地図に準ずる図面,P-F,,,,,,
46201-3400-492.zip,075-325A,,true,-113.984,-158.619,155.652,-142.932,-132.854,167.697,136.603,183.183,旧土地台帳附属地図,地図に準ずる図面,P-F,,,,,,
46201-3400-492.zip,075-325B,,true,-64.704,-192.725,205.336,-187.421,-71.046,134.075,198.808,139.184,旧土地台帳附属地図,地図に準ずる図面,P-F,,,,,,
46201-3400-492.zip,075-326,,true,-16.575,-89.289,253.414,-96.743,-7.385,237.443,262.331,229.767,旧土地台帳附属地図,地図に準ずる図面,P-F,,,,,,
46201-3400-492.zip,075-327,,true,-21.230,-257.549,248.881,-263.103,-14.351,69.317,255.489,63.463,旧土地台帳附属地図,地図に準ずる図面,P-F,,,,,,
46201-3400-492.zip,075-328A,,true,128.534,-41.625,395.358,0.763,77.335,281.166,343.889,323.316,旧土地台帳附属地図,地図に準ずる図面,P-F,,,,,,
46201-3400-492.zip,075-328B,,true,73.015,-43.786,343.075,-50.022,80.600,282.951,350.391,276.568,旧土地台帳附属地図,地図に準ずる図面,P-F,,,,,,
46201-3400-492.zip,075-329A,,true,367.444,12.362,501.834,246.649,83.938,174.966,218.367,409.013,旧土地台帳附属地図,地図に準ずる図面,P-F,,,,,,
46201-3400-492.zip,075-329B,,true,292.955,-165.935,563.044,-161.029,287.004,160.838,556.868,165.586,旧土地台帳附属地図,地図に準ずる図面,P-F,,,,,,
46201-3400-492.zip,075-330A,,true,206.722,-92.667,476.627,-81.624,193.440,233.926,463.087,244.767,旧土地台帳附属地図,地図に準ずる図面,P-F,,,,,,
46201-3400-492.zip,075-330B,,true,122.664,-276.092,381.663,-352.840,215.619,37.314,474.298,-39.579,旧土地台帳附属地図,地図に準ずる図面,P-F,,,,,,
46201-3400-492.zip,075-331A,,true,36.117,-418.703,305.592,-399.872,13.356,-92.632,282.579,-74.011,旧土地台帳附属地図,地図に準ずる図面,P-F,,,,,,
46201-3400-492.zip,075-331B,,true,274.042,-364.376,544.155,-361.141,270.199,-37.534,540.049,-34.533,旧土地台帳附属地図,地図に準ずる図面,P-F,,,,,,
46201-3400-492.zip,075-332A,,true,128.139,-438.316,396.772,-409.537,93.433,-113.338,361.780,-84.744,旧土地台帳附属地図,地図に準ずる図面,P-F,,,,,,
46201-3400-492.zip,075-332B,,true,308.879,-349.998,578.934,-343.541,301.138,-23.263,570.931,-16.967,旧土地台帳附属地図,地図に準ずる図面,P-F,,,,,,
46201-3400-492.zip,075-333A,,true,488.595,-273.697,757.202,-245.403,454.385,51.332,722.782,79.450,旧土地台帳附属地図,地図に準ずる図面,P-F,,,,,,
46201-3400-492.zip,075-333B,,true,504.457,-519.772,774.202,-505.334,487.052,-193.373,756.542,-179.140,旧土地台帳附属地図,地図に準ずる図面,P-F,,,,,,
46201-3400-492.zip,075-334A,,true,480.909,-472.503,751.027,-469.849,477.801,-145.655,747.617,-143.196,旧土地台帳附属地図,地図に準ずる図面,P-F,,,,,,
46201-3400-492.zip,075-334B,,true,352.821,-514.599,622.942,-516.994,355.737,-187.787,625.591,-190.333,旧土地台帳附属地図,地図に準ずる図面,P-F,,,,,,
46201-3400-493.zip,075-339A,,true,200.980,76.788,469.813,100.783,171.381,402.305,440.042,426.093,旧土地台帳附属地図,地図に準ずる図面,P-F,,,,,,
46201-3400-493.zip,075-335A,,true,459.937,63.316,729.676,71.500,449.530,390.048,719.085,398.036,旧土地台帳附属地図,地図に準ずる図面,P-F,,,,,,
46201-3400-493.zip,075-335B,,true,620.195,-36.400,890.039,-33.193,615.817,290.469,885.473,293.483,旧土地台帳附属地図,地図に準ずる図面,P-F,,,,,,
46201-3400-493.zip,075-336A,,true,315.393,191.616,585.201,198.715,306.326,518.312,575.985,525.254,旧土地台帳附属地図,地図に準ずる図面,P-F,,,,,,
46201-3400-493.zip,075-336B,,true,301.124,190.763,571.019,189.015,302.769,517.581,572.512,515.681,旧土地台帳附属地図,地図に準ずる図面,P-F,,,,,,
46201-3400-493.zip,075-337A,,true,206.872,230.003,475.358,257.231,173.431,555.187,441.714,582.164,旧土地台帳附属地図,地図に準ずる図面,P-F,,,,,,
46201-3400-493.zip,075-337B,,true,136.616,76.396,406.293,86.414,124.021,403.052,393.480,412.832,旧土地台帳附属地図,地図に準ずる図面,P-F,,,,,,
46201-3400-493.zip,075-338A,,true,71.681,55.207,341.475,47.585,80.407,381.950,349.930,374.183,旧土地台帳附属地図,地図に準ずる図面,P-F,,,,,,
46201-3400-493.zip,075-338B,,true,23.443,-158.969,293.086,-170.779,37.242,167.600,306.612,155.649,旧土地台帳附属地図,地図に準ずる図面,P-F,,,,,,
46201-3400-493.zip,075-339B,,true,323.369,-158.389,591.703,-129.341,287.652,166.514,555.818,195.351,旧土地台帳附属地図,地図に準ずる図面,P-F,,,,,,
46201-3400-493.zip,075-340,,true,210.037,-105.551,479.745,-116.738,223.190,221.083,492.622,209.678,旧土地台帳附属地図,地図に準ずる図面,P-F,,,,,,
46201-3400-493.zip,075-341A,,true,401.587,-118.714,671.455,-124.899,408.571,208.148,678.206,201.777,旧土地台帳附属地図,地図に準ずる図面,P-F,,,,,,
46201-3400-493.zip,075-341B,,true,574.119,-68.841,844.000,-63.242,566.830,258.014,836.487,263.417,旧土地台帳附属地図,地図に準ずる図面,P-F,,,,,,
46201-3400-493.zip,075-342A,,true,450.251,-164.317,720.017,-155.804,439.506,162.480,709.053,170.720,旧土地台帳附属地図,地図に準ずる図面,P-F,,,,,,
46201-3400-493.zip,075-342B,,true,427.145,-321.164,696.996,-316.008,420.467,5.742,690.095,10.627,旧土地台帳附属地図,地図に準ずる図面,P-F,,,,,,
46201-3400-493.zip,075-343A,,true,387.200,-317.554,655.897,-343.427,418.097,7.919,686.544,-18.160,旧土地台帳附属地図,地図に準ずる図面,P-F,,,,,,
46201-3400-493.zip,075-343B,,true,413.690,-390.963,677.969,-445.952,479.857,-70.792,743.866,-125.959,旧土地台帳附属地図,地図に準ずる図面,P-F,,,,,,
46201-3400-493.zip,075-344A,,true,231.762,-259.795,501.555,-268.684,242.165,66.975,511.720,57.827,旧土地台帳附属地図,地図に準ずる図面,P-F,,,,,,
46201-3400-493.zip,075-344B,,true,400.938,-168.072,670.838,-163.479,395.012,158.810,664.688,163.132,旧土地台帳附属地図,地図に準ずる図面,P-F,,,,,,
46201-3400-493.zip,075-345,,true,404.455,-10.223,674.161,-21.431,417.555,316.451,687.023,305.023,旧土地台帳附属地図,地図に準ずる図面,P-F,,,,,,
46201-3400-493.zip,075-346A,,true,23.422,-205.265,293.268,-210.722,29.563,121.576,299.177,115.932,旧土地台帳附属地図,地図に準ずる図面,P-F,,,,,,
46201-3400-493.zip,075-346B,,true,79.683,-244.518,349.547,-240.079,73.838,82.328,343.477,86.572,旧土地台帳附属地図,地図に準ずる図面,P-F,,,,,,
46201-3400-493.zip,075-347A,,true,127.412,-317.340,397.240,-311.063,119.324,9.496,388.967,15.539,旧土地台帳附属地図,地図に準ずる図面,P-F,,,,,,
46201-3400-493.zip,075-347B,,true,219.245,-323.529,489.075,-329.729,226.270,3.332,495.904,-3.092,旧土地台帳附属地図,地図に準ずる図面,P-F,,,,,,
46201-3400-493.zip,075-348A,,true,-38.015,-618.396,231.166,-638.086,-14.552,-292.303,254.420,-312.245,旧土地台帳附属地図,地図に準ずる図面,P-F,,,,,,
46201-3400-493.zip,075-348B,,true,18.587,-501.799,287.150,-528.641,50.714,-176.445,319.061,-203.534,旧土地台帳附属地図,地図に準ずる図面,P-F,,,,,,
46201-3400-493.zip,075-349A,,true,-36.496,-359.788,233.127,-348.431,-50.787,-33.241,218.616,-22.083,旧土地台帳附属地図,地図に準ずる図面,P-F,,,,,,
46201-3400-493.zip,075-349B,,true,-5.837,-377.785,263.946,-384.329,1.554,-51.008,271.104,-57.737,旧土地台帳附属地図,地図に準ずる図面,P-F,,,,,,
46201-3400-493.zip,075-350A,,true,-198.871,-135.036,70.989,-134.104,-200.419,191.820,69.404,192.562,旧土地台帳附属地図,地図に準ずる図面,P-F,,,,,,
46201-3400-493.zip,075-350B,,true,-341.804,-232.389,-72.328,-246.833,-324.728,94.025,-55.301,79.393,旧土地台帳附属地図,地図に準ずる図面,P-F,,,,,,
46201-3400-493.zip,075-351A,,true,-216.071,-17.639,52.722,-41.208,-188.092,307.984,80.495,284.241,旧土地台帳附属地図,地図に準ずる図面,P-F,,,,,,
46201-3400-493.zip,075-351B,,true,-318.597,-83.473,-49.484,-63.891,-342.886,242.446,-73.949,261.824,旧土地台帳附属地図,地図に準ずる図面,P-F,,,,,,
46201-3400-493.zip,075-352A,,true,-117.220,-156.019,152.470,-146.374,-129.395,170.652,140.111,180.100,旧土地台帳附属地図,地図に準ずる図面,P-F,,,,,,
46201-3400-493.zip,075-352B,,true,4.450,-200.083,273.163,-224.964,34.101,125.468,302.607,100.414,旧土地台帳附属地図,地図に準ずる図面,P-F,,,,,,
46201-3400-493.zip,075-353A,,true,-21.489,16.090,248.389,19.620,-26.285,342.914,243.404,346.289,旧土地台帳附属地図,地図に準ずる図面,P-F,,,,,,
46201-3400-493.zip,075-353B,,true,-246.411,-17.056,22.560,-39.437,-219.827,308.721,48.942,286.204,旧土地台帳附属地図,地図に準ずる図面,P-F,,,,,,
46201-3400-493.zip,075-354A,,true,-54.539,144.247,215.172,153.294,-65.950,470.908,203.577,479.758,旧土地台帳附属地図,地図に準ずる図面,P-F,,,,,,
46201-3400-493.zip,075-354B,,true,-2.582,138.080,267.198,131.414,5.038,464.852,274.623,458.000,旧土地台帳附属地図,地図に準ずる図面,P-F,,,,,,
46201-3400-493.zip,075-355A,,true,-244.251,195.343,25.550,189.613,-237.794,522.139,31.737,516.186,旧土地台帳附属地図,地図に準ずる図面,P-F,,,,,,
46201-3400-493.zip,075-355B,,true,-282.401,128.066,-12.784,116.567,-268.957,454.649,0.385,442.933,旧土地台帳附属地図,地図に準ずる図面,P-F,,,,,,
46201-3400-493.zip,075-356A,,true,-371.731,309.946,-102.956,286.613,-344.082,635.635,-75.589,612.135,旧土地台帳附属地図,地図に準ずる図面,P-F,,,,,,
46201-3400-493.zip,075-356B,,true,-251.384,161.435,18.394,163.500,-254.508,488.280,15.005,490.152,旧土地台帳附属地図,地図に準ずる図面,P-F,,,,,,
46201-3400-493.zip,075-357A,,true,-390.630,-8.783,-121.447,-28.448,-367.241,317.278,-98.378,297.407,旧土地台帳附属地図,地図に準ずる図面,P-F,,,,,,
46201-3400-493.zip,075-357B,,true,-315.186,-402.970,-45.801,-386.292,-335.815,-76.724,-66.720,-60.293,旧土地台帳附属地図,地図に準ずる図面,P-F,,,,,,
46201-3400-493.zip,075-358,,true,-483.725,-204.820,-213.978,-194.653,-496.490,121.829,-227.040,131.793,旧土地台帳附属地図,地図に準ずる図面,P-F,,,,,,
46201-3400-493.zip,075-359,,true,-494.369,8.799,-224.909,-5.928,-477.043,335.276,-207.863,320.297,旧土地台帳附属地図,地図に準ずる図面,P-F,,,,,,
46201-3400-493.zip,075-360,,true,-479.014,119.317,-209.078,117.930,-477.810,446.174,-208.180,444.560,旧土地台帳附属地図,地図に準ずる図面,P-F,,,,,,
46201-3400-493.zip,075-361,,true,-603.729,92.700,-333.976,82.674,-592.022,419.388,-322.546,409.105,旧土地台帳附属地図,地図に準ずる図面,P-F,,,,,,
46201-3400-493.zip,075-362A,,true,-579.121,-35.613,-309.221,-36.227,-578.905,291.247,-309.272,290.443,旧土地台帳附属地図,地図に準ずる図面,P-F,,,,,,
46201-3400-493.zip,075-362B,,true,-495.628,312.320,-765.465,318.168,-502.183,-14.475,-771.750,-8.442,旧土地台帳附属地図,地図に準ずる図面,P-F,,,,,,
46201-3400-493.zip,075-363A,,true,-902.146,8.764,-632.504,-3.058,-888.237,335.329,-618.833,323.326,旧土地台帳附属地図,地図に準ずる図面,P-F,,,,,,
46201-3400-493.zip,075-363B,,true,-725.192,67.695,-455.607,54.658,-709.812,394.194,-440.464,380.978,旧土地台帳附属地図,地図に準ずる図面,P-F,,,,,,
46201-3400-493.zip,075-364A,,true,-703.933,193.762,-436.134,227.981,-745.808,517.967,-478.244,551.925,旧土地台帳附属地図,地図に準ずる図面,P-F,,,,,,
46201-3400-493.zip,075-364B,,true,-607.735,135.762,-339.252,107.405,-573.842,460.899,-305.648,432.342,旧土地台帳附属地図,地図に準ずる図面,P-F,,,,,,
46201-3400-494.zip,075-365A,,true,310.421,-41.946,580.317,-40.284,307.941,284.904,577.609,286.374,旧土地台帳附属地図,地図に準ずる図面,P-F,,,,,,
46201-3400-494.zip,075-365B,,true,189.788,-119.479,459.660,-123.434,194.110,207.352,463.751,203.210,旧土地台帳附属地図,地図に準ずる図面,P-F,,,,,,
46201-3400-494.zip,075-366A,,true,38.918,-41.149,308.829,-37.265,33.785,285.708,303.471,289.361,旧土地台帳附属地図,地図に準ずる図面,P-F,,,,,,
46201-3400-494.zip,075-367A,,true,143.955,-179.576,413.645,-167.993,129.567,147.043,399.117,158.353,旧土地台帳附属地図,地図に準ずる図面,P-F,,,,,,
46201-3400-494.zip,075-367B,,true,83.281,-356.827,350.952,-391.742,125.212,-32.591,392.698,-67.750,旧土地台帳附属地図,地図に準ずる図面,P-F,,,,,,
46201-3400-494.zip,075-368A,,true,35.821,-190.984,305.444,-178.758,20.506,135.479,289.944,147.582,旧土地台帳附属地図,地図に準ずる図面,P-F,,,,,,
46201-3400-494.zip,075-368B,,true,-12.666,-256.363,256.905,-269.697,2.969,70.085,272.344,56.646,旧土地台帳附属地図,地図に準ずる図面,P-F,,,,,,
46201-3400-494.zip,075-369A,,true,-21.370,-90.961,245.155,-48.166,-73.599,231.738,192.769,274.314,旧土地台帳附属地図,地図に準ずる図面,P-F,,,,,,
46201-3400-494.zip,075-369B,,true,-134.728,-55.572,134.732,-71.643,-115.674,270.771,153.585,254.520,旧土地台帳附属地図,地図に準ずる図面,P-F,,,,,,
46201-3400-494.zip,075-370A,,true,-147.102,-117.232,122.580,-106.395,-160.654,209.386,108.886,219.987,旧土地台帳附属地図,地図に準ずる図面,P-F,,,,,,
46201-3400-494.zip,075-370B,,true,-114.713,-157.896,154.823,-143.890,-132.103,168.540,137.293,182.309,旧土地台帳附属地図,地図に準ずる図面,P-F,,,,,,
46201-3400-494.zip,075-371A,,true,-234.464,39.736,35.044,54.293,-252.584,366.131,16.822,380.454,旧土地台帳附属地図,地図に準ずる図面,P-F,,,,,,
46201-3400-494.zip,075-371B,,true,-271.279,-261.953,-1.489,-269.697,-262.389,64.825,7.280,56.855,旧土地台帳附属地図,地図に準ずる図面,P-F,,,,,,
46201-3400-494.zip,075-372A,,true,-98.480,-252.551,170.787,-234.069,-121.315,73.549,147.702,91.784,旧土地台帳附属地図,地図に準ずる図面,P-F,,,,,,
46201-3400-494.zip,075-372B,,true,-145.671,-538.855,124.030,-528.485,-158.682,-212.216,110.762,-202.085,旧土地台帳附属地図,地図に準ずる図面,P-F,,,,,,
46201-3400-494.zip,075-373A,,true,22.180,-391.464,286.844,-338.554,-42.404,-71.048,222.036,-18.378,旧土地台帳附属地図,地図に準ずる図面,P-F,,,,,,
46201-3400-494.zip,075-373B,,true,186.008,-420.259,455.899,-418.037,182.797,-93.415,452.423,-91.385,旧土地台帳附属地図,地図に準ずる図面,P-F,,,,,,
46201-3400-494.zip,075-374A,,true,136.217,-407.755,405.747,-392.902,117.765,-81.416,387.079,-66.804,旧土地台帳附属地図,地図に準ずる図面,P-F,,,,,,
46201-3400-494.zip,075-374B,,true,13.187,-630.552,282.522,-648.592,34.566,-304.392,303.658,-322.645,旧土地台帳附属地図,地図に準ずる図面,P-F,,,,,,
46201-3400-494.zip,075-375A,,true,-150.747,-568.727,115.621,-524.967,-204.116,-246.253,62.070,-202.794,旧土地台帳附属地図,地図に準ずる図面,P-F,,,,,,
46201-3400-494.zip,075-375B,,true,-174.844,-697.212,94.444,-678.488,-197.903,-371.166,71.176,-352.724,旧土地台帳附属地図,地図に準ずる図面,P-F,,,,,,
46201-3400-494.zip,075-376A,,true,-132.702,-641.336,137.220,-638.343,-136.780,-314.501,132.839,-311.701,旧土地台帳附属地図,地図に準ずる図面,P-F,,,,,,
46201-3400-494.zip,075-376B,,true,-237.180,-830.932,29.264,-787.636,-290.054,-508.376,-23.880,-465.316,旧土地台帳附属地図,地図に準ずる図面,P-F,,,,,,
46201-3400-494.zip,075-377B,,true,-352.481,-698.060,-82.687,-689.240,-363.545,-371.311,-94.084,-362.808,旧土地台帳附属地図,地図に準ずる図面,P-F,,,,,,
46201-3400-494.zip,075-378A,,true,-292.777,-412.694,-24.079,-387.244,-324.069,-87.297,-55.614,-62.100,旧土地台帳附属地図,地図に準ずる図面,P-F,,,,,,
46201-3400-494.zip,075-378B,,true,-178.710,-378.043,91.110,-384.659,-171.167,-51.232,98.381,-58.070,旧土地台帳附属地図,地図に準ずる図面,P-F,,,,,,
46201-3400-494.zip,075-379A,,true,-355.302,-302.079,-86.601,-276.659,-386.564,23.321,-118.069,48.492,旧土地台帳附属地図,地図に準ずる図面,P-F,,,,,,
46201-3400-494.zip,075-379B,,true,-321.679,-295.550,-51.814,-299.919,-316.862,31.313,-47.229,26.719,旧土地台帳附属地図,地図に準ずる図面,P-F,,,,,,
46201-3400-494.zip,075-380A,,true,-305.478,-64.829,-44.981,6.665,-391.956,250.384,-131.665,321.624,旧土地台帳附属地図,地図に準ずる図面,P-F,,,,,,
46201-3400-494.zip,075-380B,,true,-455.460,-323.765,-185.368,-328.279,-449.965,3.050,-180.143,-1.652,旧土地台帳附属地図,地図に準ずる図面,P-F,,,,,,
46201-3400-494.zip,075-381A,,true,-330.624,-454.414,-61.018,-441.814,-346.424,-127.936,-77.073,-115.577,旧土地台帳附属地図,地図に準ずる図面,P-F,,,,,,
46201-3400-494.zip,075-381B,,true,-507.649,-809.782,-237.752,-808.290,-509.998,-482.930,-240.367,-481.668,旧土地台帳附属地図,地図に準ずる図面,P-F,,,,,,
46201-3400-494.zip,075-382,,true,-465.544,-588.829,-196.386,-610.792,-438.913,-263.055,-169.959,-285.193,旧土地台帳附属地図,地図に準ずる図面,P-F,,,,,,
46201-3400-494.zip,075-383,,true,-544.831,-384.096,-274.953,-380.582,-549.586,-57.271,-279.934,-53.950,旧土地台帳附属地図,地図に準ずる図面,P-F,,,,,,
46201-3400-494.zip,075-384A,,true,-477.095,-186.058,-211.012,-139.922,-532.852,136.012,-266.923,181.928,旧土地台帳附属地図,地図に準ずる図面,P-F,,,,,,
46201-3400-494.zip,075-384B,,true,-516.747,-191.746,-246.710,-188.701,-520.345,135.095,-250.497,137.947,旧土地台帳附属地図,地図に準ずる図面,P-F,,,,,,
46201-3400-494.zip,075-385A,,true,-379.261,39.593,-109.419,46.824,-388.421,366.363,-118.839,373.320,旧土地台帳附属地図,地図に準ずる図面,P-F,,,,,,
46201-3400-494.zip,075-385B,,true,-360.090,-1.941,-90.566,-16.894,-342.384,324.478,-73.141,309.273,旧土地台帳附属地図,地図に準ずる図面,P-F,,,,,,
46201-3400-494.zip,075-386A,,true,-360.382,195.334,-91.457,220.811,-391.114,520.785,-122.390,545.975,旧土地台帳附属地図,地図に準ずる図面,P-F,,,,,,
46201-3400-494.zip,075-386B,,true,-236.678,66.603,33.296,57.423,-225.467,393.310,44.269,383.870,旧土地台帳附属地図,地図に準ずる図面,P-F,,,,,,
46201-3400-494.zip,075-387A,,true,-172.667,150.846,96.945,164.116,-189.137,477.367,80.262,490.321,旧土地台帳附属地図,地図に準ずる図面,P-F,,,,,,
46201-3400-494.zip,075-387B,,true,-82.942,54.548,186.762,65.819,-96.992,381.182,172.496,392.139,旧土地台帳附属地図,地図に準ずる図面,P-F,,,,,,
46201-3400-494.zip,075-388A,,true,4.845,92.682,274.699,85.863,12.730,419.485,282.349,412.443,旧土地台帳附属地図,地図に準ずる図面,P-F,,,,,,
46201-3400-494.zip,075-388B,,true,41.980,100.166,310.950,77.316,69.280,425.923,338.004,402.863,旧土地台帳附属地図,地図に準ずる図面,P-F,,,,,,
46201-3400-494.zip,075-389A,,true,128.238,253.032,396.298,285.786,88.618,577.483,356.513,610.024,旧土地台帳附属地図,地図に準ずる図面,P-F,,,,,,
46201-3400-494.zip,075-389B,,true,159.697,31.295,429.086,12.366,182.632,357.350,451.819,338.244,旧土地台帳附属地図,地図に準ずる図面,P-F,,,,,,
46201-3400-494.zip,075-390A,,true,333.125,162.749,596.454,221.947,261.059,481.604,524.372,540.526,旧土地台帳附属地図,地図に準ずる図面,P-F,,,,,,
46201-3400-494.zip,075-390B,,true,71.523,254.238,341.368,259.708,64.486,581.060,334.298,586.262,旧土地台帳附属地図,地図に準ずる図面,P-F,,,,,,
46201-3400-494.zip,075-391A,,true,340.485,265.564,610.575,264.655,341.688,592.423,611.587,591.285,旧土地台帳附属地図,地図に準ずる図面,P-F,,,,,,
46201-3400-494.zip,075-391B,,true,243.727,108.742,513.764,103.314,250.399,435.535,520.241,429.881,旧土地台帳附属地図,地図に準ずる図面,P-F,,,,,,
46201-3400-494.zip,075-392A,,true,-32.772,287.979,237.138,291.887,-37.909,614.837,231.928,618.515,旧土地台帳附属地図,地図に準ずる図面,P-F,,,,,,
46201-3400-494.zip,075-392B,,true,213.514,251.881,482.550,273.940,186.397,577.652,455.376,599.477,旧土地台帳附属地図,地図に準ずる図面,P-F,,,,,,
46201-3400-494.zip,075-393,,true,87.513,379.143,626.164,417.714,40.788,1031.116,579.092,1069.203,旧土地台帳附属地図,地図に準ずる図面,P-F,,,,,,
46201-3400-494.zip,075-366B,,true,143.950,-139.943,413.840,-134.761,137.674,186.895,407.565,192.077,旧土地台帳附属地図,地図に準ずる図面,P-F,,,,,,
46201-3400-494.zip,075-377A,,true,-403.133,-785.716,-134.773,-756.569,-438.815,-460.733,-170.762,-431.926,旧土地台帳附属地図,地図に準ずる図面,P-F,,,,,,
46201-3400-495.zip,052-169,,true,-371.644,126.970,-101.330,135.060,-381.287,453.765,-110.973,461.855,旧土地台帳附属地図,地図に準ずる図面,P-F,,,,,,
46201-3400-495.zip,052-170A,,true,-579.908,120.873,-310.065,101.882,-556.686,446.716,-287.058,427.931,旧土地台帳附属地図,地図に準ずる図面,P-F,,,,,,
46201-3400-495.zip,052-170B,,true,-568.930,84.403,-305.820,21.564,-492.765,402.069,-229.833,339.469,旧土地台帳附属地図,地図に準ずる図面,P-F,,,,,,
46201-3400-495.zip,052-171,,true,-453.822,295.828,-183.473,299.144,-457.733,622.716,-187.346,626.108,旧土地台帳附属地図,地図に準ずる図面,P-F,,,,,,
46201-3400-495.zip,052-161-1,,true,51.650,236.272,317.941,189.749,107.917,558.334,374.207,511.811,旧土地台帳附属地図,地図に準ずる図面,P-F,,,,,,
46201-3400-495.zip,052-165-1,,true,174.911,-68.433,444.837,-53.105,156.380,257.910,426.305,273.237,旧土地台帳附属地図,地図に準ずる図面,P-F,,,,,,
46201-3400-495.zip,052-165-2,600,false,118.869,-75.421,388.794,-60.093,100.338,250.921,370.263,266.249,旧土地台帳附属地図,地図に準ずる図面,P-F,,,,,,
46201-3400-495.zip,052-161-2,600,false,73.426,142.167,339.716,95.644,129.692,464.229,395.983,417.706,旧土地台帳附属地図,地図に準ずる図面,P-F,,,,,,
46201-3400-495.zip,052-161-3,600,false,48.084,191.226,314.375,144.703,104.351,513.288,370.641,466.765,旧土地台帳附属地図,地図に準ずる図面,P-F,,,,,,
46201-3400-495.zip,052-167,,true,342.280,235.069,612.595,224.749,355.105,561.795,625.228,551.443,旧土地台帳附属地図,地図に準ずる図面,P-F,,,,,,
46201-3400-495.zip,052-168,,true,266.479,333.644,536.791,344.941,253.197,660.272,523.243,671.558,旧土地台帳附属地図,地図に準ずる図面,P-F,,,,,,
46201-3400-495.zip,052-150B,,true,-469.552,1185.207,-455.608,915.818,-143.118,1201.938,-129.240,932.355,,,P-F,,,,,,
46201-3400-495.zip,052-153A,,true,-885.431,284.135,-622.216,222.374,-810.566,602.390,-547.297,540.851,旧土地台帳附属地図,地図に準ずる図面,P-F,,,,,,
46201-3400-495.zip,052-154,,true,-193.121,244.860,77.240,243.158,-190.900,571.762,79.460,570.365,旧土地台帳附属地図,地図に準ずる図面,P-F,,,,,,
46201-3400-495.zip,052-148,,true,-617.388,550.001,-606.892,279.805,-290.791,562.345,-280.111,292.309,旧土地台帳附属地図,地図に準ずる図面,P-F,,,,,,
46201-3400-495.zip,052-150A,,true,-497.003,722.598,-227.312,716.964,-490.010,1049.386,-220.130,1043.672,旧土地台帳附属地図,地図に準ずる図面,P-F,,,,,,
46201-3400-495.zip,052-155,,true,-167.195,-81.226,103.145,-86.863,-160.063,245.675,110.241,240.153,旧土地台帳附属地図,地図に準ずる図面,P-F,,,,,,
46201-3400-495.zip,052-156,,true,-155.354,167.640,114.893,159.574,-145.450,494.437,124.765,486.525,旧土地台帳附属地図,地図に準ずる図面,P-F,,,,,,
46201-3400-495.zip,052-157,,true,-157.006,406.011,113.009,393.193,-141.273,732.644,128.784,719.901,旧土地台帳附属地図,地図に準ずる図面,P-F,,,,,,
46201-3400-495.zip,052-158,,true,-60.825,355.036,198.643,279.075,31.259,668.777,290.765,593.082,旧土地台帳附属地図,地図に準ずる図面,P-F,,,,,,
46201-3400-495.zip,052-159,,true,-55.092,106.074,212.673,68.705,-9.796,429.898,258.007,392.794,旧土地台帳附属地図,地図に準ずる図面,P-F,,,,,,
46201-3400-495.zip,052-160,,true,146.129,329.364,416.070,314.359,164.552,655.857,434.461,640.968,旧土地台帳附属地図,地図に準ずる図面,P-F,,,,,,
46201-3400-495.zip,052-162,,true,177.653,64.526,448.019,68.631,172.848,391.467,443.171,395.839,旧土地台帳附属地図,地図に準ずる図面,P-F,,,,,,
46201-3400-495.zip,052-163,,true,14.193,-47.024,284.482,-39.392,5.153,279.750,275.394,287.685,旧土地台帳附属地図,地図に準ずる図面,P-F,,,,,,
46201-3400-495.zip,052-164A,,true,-123.307,-151.928,147.089,-151.869,-123.113,175.085,147.207,175.334,旧土地台帳附属地図,地図に準ずる図面,P-F,,,,,,
46201-3400-495.zip,052-164B,,true,34.235,-157.346,300.031,-207.009,94.556,164.055,360.313,114.593,旧土地台帳附属地図,地図に準ずる図面,P-F,,,,,,
46201-3400-495.zip,052-166A,,true,167.246,62.568,436.969,43.485,190.405,388.686,460.205,369.597,旧土地台帳附属地図,地図に準ずる図面,P-F,,,,,,
46201-3400-495.zip,052-166B,,true,250.445,174.136,506.765,88.025,354.643,484.025,611.036,397.890,旧土地台帳附属地図,地図に準ずる図面,P-F,,,,,,
46201-3400-496.zip,086-925,,false,3323.180,2923.045,3058.359,2872.752,3384.038,2601.836,3119.091,2551.823,旧土地台帳附属地図,地図に準ずる図面,P-F,,,,,,
46201-3400-496.zip,086-926,,false,3230.520,2793.976,3473.929,2908.124,3092.572,3088.921,3335.981,3202.764,旧土地台帳附属地図,地図に準ずる図面,P-F,,,,,,
46201-3400-496.zip,086-923,,false,2959.227,2490.334,3192.400,2625.488,2795.346,2773.138,3028.722,2908.241,旧土地台帳附属地図,地図に準ずる図面,P-F,,,,,,
46201-3400-496.zip,086-921,,false,2911.504,2440.076,3042.442,2675.661,2625.830,2598.928,2756.945,2834.488,旧土地台帳附属地図,地図に準ずる図面,P-F,,,,,,
46201-3400-496.zip,086-929,,false,2784.189,3135.386,3053.277,3118.521,2804.789,3461.650,3073.902,3444.581,旧土地台帳附属地図,地図に準ずる図面,P-F,,,,,,
46201-3400-496.zip,086-928,,false,3031.258,2975.598,3030.267,3244.432,2705.655,2974.785,2704.994,3243.467,旧土地台帳附属地図,地図に準ずる図面,P-F,,,,,,
46201-3400-496.zip,086-924,,false,2980.119,2609.727,3248.877,2604.850,2986.444,2935.280,3255.075,2930.022,旧土地台帳附属地図,地図に準ずる図面,P-F,,,,,,
46201-3400-496.zip,086-927,,false,2726.172,3064.390,2728.331,2794.743,3053.071,3066.854,3055.001,2797.258,旧土地台帳附属地図,地図に準ずる図面,P-F,,,,,,
46201-3400-496.zip,086-920,,false,2423.795,2314.342,2692.503,2312.081,2426.920,2639.945,2695.551,2637.354,旧土地台帳附属地図,地図に準ずる図面,P-F,,,,,,
46201-3400-496.zip,086-914,,false,2327.124,2529.173,2596.720,2531.992,2323.898,2856.072,2593.519,2858.688,旧土地台帳附属地図,地図に準ずる図面,P-F,,,,,,
46201-3400-496.zip,086-916,,false,2435.298,2773.568,2704.691,2763.358,2447.795,3100.213,2717.188,3089.850,旧土地台帳附属地図,地図に準ずる図面,P-F,,,,,,
46201-3400-496.zip,086-917,,false,2715.688,3228.593,2494.733,3074.109,2902.912,2960.647,2681.880,2806.317,旧土地台帳附属地図,地図に準ずる図面,P-F,,,,,,
46201-3400-496.zip,086-930,,false,2630.157,3129.767,2898.915,3125.982,2635.034,3455.319,2903.715,3451.255,旧土地台帳附属地図,地図に準ずる図面,P-F,,,,,,
46201-3400-496.zip,086-922,,false,2705.057,2600.340,2973.840,2597.953,2708.359,2925.944,2977.015,2923.175,旧土地台帳附属地図,地図に準ずる図面,P-F,,,,,,
46201-3400-496.zip,086-919,,false,2518.134,2528.031,2773.024,2440.248,2624.814,2837.150,2879.628,2749.062,旧土地台帳附属地図,地図に準ずる図面,P-F,,,,,,
46201-3400-496.zip,086-915,,false,2695.180,2856.700,2426.498,2849.740,2703.334,2531.173,2434.652,2524.543,旧土地台帳附属地図,地図に準ずる図面,P-F,,,,,,
46201-3400-496.zip,086-918,,false,2574.643,2682.749,2843.324,2692.706,2563.035,3008.174,2831.513,3017.776,旧土地台帳附属地図,地図に準ずる図面,P-F,,,,,,
46201-3400-496.zip,086-9312,2000,false,3407.953,2893.398,3784.636,3705.946,2423.828,3350.853,2801.400,4162.893,旧土地台帳附属地図,地図に準ずる図面,P-F,,,,1983,6,9
46201-3400-496.zip,086-931,,false,3176.497,3607.455,3406.774,3747.562,3006.723,3886.805,3237.178,4026.708,旧土地台帳附属地図,地図に準ずる図面,P-F,,,,,,
46201-3400-497.zip,045-195,600,false,18623.031,27413.838,18793.707,27622.791,18369.653,27621.079,18540.419,27829.960,旧土地台帳附属地図,地図に準ずる図面,P-F,,,,1969,12,10
46201-3400-498.zip,046-162,600,false,14812.927,31825.925,14947.152,31591.767,15096.791,31988.430,15230.652,31754.370,旧土地台帳附属地図,地図に準ずる図面,P-F,,,,1972,3,10
46201-3400-498.zip,046-163,600,false,14796.337,32357.869,15015.741,32200.679,14986.793,32623.697,15206.046,32466.426,旧土地台帳附属地図,地図に準ずる図面,P-F,,,,1972,3,10
46201-3400-498.zip,046-160,600,false,14945.983,30381.858,15183.209,30510.101,14790.481,30669.228,15027.823,30797.577,旧土地台帳附属地図,地図に準ずる図面,P-F,,,,,,
46201-3400-498.zip,046-161,600,false,14950.849,31017.951,15180.421,31159.456,14779.353,31296.174,15009.038,31437.570,旧土地台帳附属地図,地図に準ずる図面,P-F,,,,,,
46201-3400-499.zip,116-4,600,false,11781.990,25864.248,11879.168,25612.736,12083.230,25982.093,12181.018,25730.695,旧土地台帳附属地図,地図に準ずる図面,P-F,,,,,,
46201-3400-499.zip,116-2,600,false,11789.384,24687.176,11851.987,24424.833,12103.769,24763.303,12166.550,24501.041,旧土地台帳附属地図,地図に準ずる図面,P-F,,,,,,
46201-3400-499.zip,116-3,600,false,11765.802,25253.953,11859.795,25001.104,12069.080,25367.759,12163.403,25114.791,旧土地台帳附属地図,地図に準ずる図面,P-F,,,,,,
46201-3400-499.zip,117-7,600,false,11231.845,24660.144,11293.719,24397.895,11545.914,24735.306,11608.655,24472.876,旧土地台帳附属地図,地図に準ずる図面,P-F,,,,,,
46201-3400-499.zip,116-5,600,false,11762.701,26468.308,11844.113,26211.533,12071.057,26567.157,12152.517,26310.358,旧土地台帳附属地図,地図に準ずる図面,P-F,,,,,,
46201-3400-499.zip,116-6,600,false,11789.023,27063.747,11866.243,26805.568,12099.054,27157.605,12176.452,26899.360,旧土地台帳附属地図,地図に準ずる図面,P-F,,,,,,
46201-3400-5.zip,4-14,500,false,-151878.800,-43119.501,-151678.796,-43119.503,-151878.801,-42869.500,-151678.798,-42869.501,土地区画整理所在図,法第14条1項地図,P-F,1995,10,30,1995,10,26
46201-3400-5.zip,4-21,500,false,-152078.803,-43069.499,-151878.800,-43069.501,-152078.805,-42819.498,-151878.802,-42819.499,土地区画整理所在図,法第14条1項地図,P-F,1995,10,30,1995,10,26
46201-3400-5.zip,6-3,500,false,-152128.804,-43319.500,-151928.800,-43319.501,-152128.804,-43069.499,-151928.801,-43069.500,土地区画整理所在図,法第14条1項地図,P-F,1995,10,30,1995,10,26
46201-3400-5.zip,4-13-2,500,false,-151728.796,-43369.503,-151528.792,-43369.505,-151728.797,-43119.502,-151528.794,-43119.504,土地区画整理所在図,法第14条1項地図,P-F,1995,10,30,1995,10,26
46201-3400-5.zip,3-8-2,500,false,-151978.803,-44469.498,-151778.799,-44469.500,-151978.801,-44219.501,-151778.796,-44219.503,土地区画整理所在図,法第14条1項地図,P-F,1995,10,30,1995,10,26
46201-3400-5.zip,3-9,500,false,-152028.805,-44519.497,-151828.800,-44519.499,-152028.803,-44269.500,-151828.798,-44269.502,土地区画整理所在図,法第14条1項地図,P-F,1995,10,30,1995,10,26
46201-3400-5.zip,2-3-1,500,false,-152228.808,-44269.498,-152028.803,-44269.500,-152228.806,-44019.500,-152028.802,-44019.502,土地区画整理所在図,法第14条1項地図,P-F,1995,10,30,1995,10,26
46201-3400-5.zip,3-16,500,false,-152328.813,-44519.495,-152128.808,-44519.497,-152328.810,-44269.498,-152128.805,-44269.499,土地区画整理所在図,法第14条1項地図,P-F,1995,10,30,1995,10,26
46201-3400-5.zip,2-3-2,500,false,-152228.810,-44519.496,-152028.805,-44519.497,-152228.808,-44269.498,-152028.803,-44269.500,土地区画整理所在図,法第14条1項地図,P-F,1995,10,30,1995,10,26
46201-3400-5.zip,0-2,500,false,-152378.816,-44669.493,-152178.810,-44669.495,-152378.813,-44419.496,-152178.808,-44419.497,土地区画整理所在図,法第14条1項地図,P-F,1995,10,30,1995,10,26
46201-3400-5.zip,0-4,500,false,-152678.825,-44819.489,-152478.820,-44819.491,-152678.822,-44569.492,-152478.817,-44569.493,土地区画整理所在図,法第14条1項地図,P-F,1995,10,30,1995,10,26
46201-3400-5.zip,5-3-2,500,false,-151978.800,-43919.502,-151778.795,-43919.504,-151978.801,-43669.501,-151778.796,-43669.503,土地区画整理所在図,法第14条1項地図,P-F,1995,10,30,1995,10,26
46201-3400-5.zip,3-4,500,false,-151728.794,-44169.504,-151528.789,-44169.506,-151728.794,-43919.505,-151528.789,-43919.507,土地区画整理所在図,法第14条1項地図,P-F,1995,10,30,1995,10,26
46201-3400-5.zip,3-8-1,500,false,-151978.801,-44219.501,-151778.796,-44219.503,-151978.800,-43969.502,-151778.795,-43969.504,土地区画整理所在図,法第14条1項地図,P-F,1995,10,30,1995,10,26
46201-3400-5.zip,1-23,500,false,-152978.828,-44319.492,-152778.822,-44319.494,-152978.825,-44069.494,-152778.820,-44069.496,土地区画整理所在図,法第14条1項地図,P-F,1995,10,30,1995,10,26
46201-3400-5.zip,1-13,500,false,-152778.822,-44269.494,-152578.817,-44269.496,-152778.819,-44019.496,-152578.815,-44019.498,土地区画整理所在図,法第14条1項地図,P-F,1995,10,30,1995,10,26
46201-3400-5.zip,1-8,500,false,-152628.817,-44119.497,-152428.812,-44119.499,-152628.815,-43869.497,-152428.811,-43869.499,土地区画整理所在図,法第14条1項地図,P-F,1995,10,30,1995,10,26
46201-3400-5.zip,2-11,500,false,-152628.820,-44419.494,-152428.814,-44419.495,-152628.817,-44169.497,-152428.812,-44169.498,土地区画整理所在図,法第14条1項地図,P-F,1995,10,30,1995,10,26
46201-3400-5.zip,2-7,500,false,-152478.815,-44319.496,-152278.810,-44319.498,-152478.812,-44069.498,-152278.808,-44069.500,土地区画整理所在図,法第14条1項地図,P-F,1995,10,30,1995,10,26
46201-3400-5.zip,2-3-3,500,false,-152428.813,-44269.497,-152228.808,-44269.498,-152428.811,-44019.499,-152228.806,-44019.500,土地区画整理所在図,法第14条1項地図,P-F,1995,10,30,1995,10,26
46201-3400-5.zip,6-1,500,false,-152028.802,-43519.501,-151828.798,-43519.502,-152028.802,-43269.500,-151828.799,-43269.502,土地区画整理所在図,法第14条1項地図,P-F,1995,10,30,1995,10,26
46201-3400-5.zip,4-13-1,500,false,-151928.800,-43369.501,-151728.796,-43369.503,-151928.801,-43119.501,-151728.797,-43119.502,土地区画整理所在図,法第14条1項地図,P-F,1995,10,30,1995,10,26
46201-3400-5.zip,5-3-3,500,false,-151978.801,-43419.501,-151778.797,-43419.503,-151978.802,-43169.500,-151778.798,-43169.502,土地区画整理所在図,法第14条1項地図,P-F,1995,10,30,1995,10,26
46201-3400-5.zip,4-3,500,false,-151678.794,-43669.504,-151478.789,-43669.506,-151678.795,-43419.504,-151478.791,-43419.505,土地区画整理所在図,法第14条1項地図,P-F,1995,10,30,1995,10,26
46201-3400-5.zip,5-3-1,500,false,-151978.801,-43669.501,-151778.796,-43669.503,-151978.801,-43419.501,-151778.797,-43419.503,土地区画整理所在図,法第14条1項地図,P-F,1995,10,30,1995,10,26
46201-3400-5.zip,5-3-4,500,false,-152178.805,-43669.500,-151978.801,-43669.501,-152178.805,-43419.500,-151978.801,-43419.501,土地区画整理所在図,法第14条1項地図,P-F,1995,10,30,1995,10,26
46201-3400-5.zip,6-7,500,false,-152328.808,-43669.499,-152128.804,-43669.500,-152328.807,-43419.499,-152128.804,-43419.500,土地区画整理所在図,法第14条1項地図,P-F,1995,10,30,1995,10,26
46201-3400-5.zip,0-6,500,false,-152728.828,-44969.488,-152528.822,-44969.489,-152728.825,-44719.490,-152528.820,-44719.492,土地区画整理所在図,法第14条1項地図,P-F,1995,10,30,1995,10,26
46201-3400-5.zip,1-21-1,500,false,-152878.830,-44769.489,-152678.824,-44769.490,-152878.827,-44519.491,-152678.822,-44519.493,土地区画整理所在図,法第14条1項地図,P-F,1995,10,30,1995,10,26
46201-3400-5.zip,1-21-2,500,false,-153078.836,-44769.487,-152878.830,-44769.489,-153078.833,-44519.489,-152878.827,-44519.491,土地区画整理所在図,法第14条1項地図,P-F,1995,10,30,1995,10,26
46201-3400-5.zip,1-18,500,false,-152778.824,-44519.492,-152578.819,-44519.493,-152778.822,-44269.494,-152578.817,-44269.496,土地区画整理所在図,法第14条1項地図,P-F,1995,10,30,1995,10,26
46201-3400-5.zip,5-7,500,false,-152228.806,-43819.500,-152028.802,-43819.501,-152228.806,-43569.499,-152028.802,-43569.501,土地区画整理所在図,法第14条1項地図,P-F,1995,10,30,1995,10,26
46201-3400-5.zip,1-3,500,false,-152378.810,-43969.499,-152178.805,-43969.500,-152378.809,-43719.499,-152178.805,-43719.500,土地区画整理所在図,法第14条1項地図,P-F,1995,10,30,1995,10,26
46201-3400-5.zip,4-20,500,false,-152078.803,-44019.501,-151878.798,-44019.503,-152078.803,-43769.501,-151878.798,-43769.503,土地区画整理所在図,法第14条1項地図,P-F,1995,10,30,1995,10,26
46201-3400-5.zip,4-10,500,false,-151878.798,-43969.503,-151678.793,-43969.505,-151878.798,-43719.502,-151678.794,-43719.504,土地区画整理所在図,法第14条1項地図,P-F,1995,10,30,1995,10,26
46201-3400-50.zip,092-542,,false,-135.686,140.439,-168.305,-127.329,188.629,100.657,155.826,-167.050,旧土地台帳附属地図,地図に準ずる図面,P-F,,,,,,
46201-3400-50.zip,092-543,,false,-205.066,48.301,-433.184,192.267,-379.507,-228.299,-607.665,-84.037,旧土地台帳附属地図,地図に準ずる図面,P-F,,,,,,
46201-3400-50.zip,092-544,,false,-814.699,84.001,-1031.838,-76.044,-620.516,-179.163,-837.861,-339.123,旧土地台帳附属地図,地図に準ずる図面,P-F,,,,,,
46201-3400-50.zip,092-545,,false,-1169.095,159.814,-1416.618,52.686,-1039.474,-140.081,-1287.088,-247.000,旧土地台帳附属地図,地図に準ずる図面,P-F,,,,,,
46201-3400-50.zip,092-546,1200,false,-2048.814,-305.679,-1509.856,-331.418,-2017.754,347.760,-1478.600,321.326,旧土地台帳附属地図,地図に準ずる図面,P-F,,,,,,
46201-3400-50.zip,092-547,,false,156.592,565.309,103.961,829.873,-163.942,501.702,-216.356,766.348,旧土地台帳附属地図,地図に準ずる図面,P-F,,,,,,
46201-3400-50.zip,092-548,,false,-273.182,531.320,-266.338,800.982,-600.170,539.448,-593.093,809.256,旧土地台帳附属地図,地図に準ずる図面,P-F,,,,,,
46201-3400-50.zip,092-549,,false,-1013.893,792.713,-1012.274,522.970,-687.228,794.481,-685.724,524.775,旧土地台帳附属地図,地図に準ずる図面,P-F,,,,,,
46201-3400-50.zip,092-550,,false,-1264.785,504.206,-1049.369,666.564,-1461.772,765.230,-1246.120,927.528,旧土地台帳附属地図,地図に準ずる図面,P-F,,,,,,
46201-3400-50.zip,092-551,,false,-1867.156,601.399,-1606.455,532.272,-1783.325,917.168,-1522.626,847.884,旧土地台帳附属地図,地図に準ずる図面,P-F,,,,,,
46201-3400-50.zip,092-552,,false,-235.405,1471.878,-149.345,1216.226,74.507,1576.361,160.411,1320.576,旧土地台帳附属地図,地図に準ずる図面,P-F,,,,,,
46201-3400-50.zip,092-554,,false,-1363.486,1522.057,-1349.818,1252.656,-1036.860,1538.710,-1023.452,1269.181,旧土地台帳附属地図,地図に準ずる図面,P-F,,,,,,
46201-3400-50.zip,092-555,,false,-1459.359,1271.302,-1470.253,1540.830,-1785.806,1258.263,-1796.508,1527.760,旧土地台帳附属地図,地図に準ずる図面,P-F,,,,,,
46201-3400-50.zip,092-556,1200,false,-1920.563,1087.028,-2004.983,1619.878,-2566.567,984.427,-2650.647,1517.563,旧土地台帳附属地図,地図に準ずる図面,P-F,,,,,,
46201-3400-50.zip,092-557,1200,false,168.613,1902.534,156.924,2441.832,-484.660,1888.594,-496.048,2428.052,旧土地台帳附属地図,地図に準ずる図面,P-F,,,,,,
46201-3400-50.zip,092-558,,false,-838.443,2057.005,-574.235,2002.422,-772.375,2377.313,-508.169,2322.536,旧土地台帳附属地図,地図に準ずる図面,P-F,,,,,,
46201-3400-50.zip,092-559,,false,-1055.039,2310.658,-1295.707,2188.908,-907.742,2019.081,-1148.547,1897.518,旧土地台帳附属地図,地図に準ずる図面,P-F,,,,,,
46201-3400-50.zip,092-560,,false,-1763.470,2134.581,-1533.976,1992.963,-1591.867,2412.503,-1362.368,2270.748,旧土地台帳附属地図,地図に準ずる図面,P-F,,,,,,
46201-3400-50.zip,092-561,1200,false,-1874.177,1886.406,-1881.237,2425.781,-2527.543,1878.255,-2534.223,2417.711,旧土地台帳附属地図,地図に準ずる図面,P-F,,,,,,
46201-3400-50.zip,092-553-2,1200,false,-245.702,1044.563,-295.248,1581.707,-896.436,984.540,-945.981,1521.684,旧土地台帳附属地図,地図に準ずる図面,P-F,,,,,,
46201-3400-50.zip,092-553-1,1200,false,-280.123,1197.688,-329.686,1734.826,-930.850,1137.644,-980.413,1674.782,旧土地台帳附属地図,地図に準ずる図面,P-F,,,,,,
46201-3400-500.zip,117-13,600,false,9422.221,27672.236,9490.396,27411.478,9735.422,27754.755,9803.261,27494.223,旧土地台帳附属地図,地図に準ずる図面,P-F,,,,,,
46201-3400-500.zip,117-12,600,false,9428.163,27105.470,9495.083,26844.114,9741.628,27186.669,9808.513,26925.146,旧土地台帳附属地図,地図に準ずる図面,P-F,,,,,,
46201-3400-500.zip,117-11,600,false,9414.169,26582.193,9422.735,26312.542,9737.644,26593.246,9746.210,26323.595,旧土地台帳附属地図,地図に準ずる図面,P-F,,,,,,
46201-3400-500.zip,117-10,600,false,9390.313,25904.535,9454.472,25643.034,9703.969,25983.288,9768.868,25721.503,旧土地台帳附属地図,地図に準ずる図面,P-F,,,,,,
46201-3400-500.zip,117-9,600,false,9419.607,25304.626,9487.716,25043.736,9732.640,25387.048,9800.758,25126.278,旧土地台帳附属地図,地図に準ずる図面,P-F,,,,,,
46201-3400-500.zip,117-8,600,false,9410.706,24688.671,9470.075,24425.811,9726.131,24760.873,9785.582,24497.993,旧土地台帳附属地図,地図に準ずる図面,P-F,,,,,,
46201-3400-501.zip,085-164,1200,true,-681.853,359.241,-363.085,-77.645,-154.168,743.215,164.288,307.417,旧土地台帳附属地図,地図に準ずる図面,P-F,,,,1971,6,30
46201-3400-501.zip,085-165-1,1200,true,-544.326,1243.054,-3.739,1235.202,-534.041,1895.629,5.638,1888.099,旧土地台帳附属地図,地図に準ずる図面,P-F,,,,1971,6,30
46201-3400-501.zip,085-165-3,1200,true,-555.104,2457.663,-16.488,2423.060,-512.931,3110.329,25.811,3075.335,旧土地台帳附属地図,地図に準ずる図面,P-F,,,,1971,6,30
46201-3400-501.zip,085-166,1200,true,-630.952,3745.788,-128.564,3545.836,-389.071,4351.967,112.620,4152.947,旧土地台帳附属地図,地図に準ずる図面,P-F,,,,1971,6,30
46201-3400-501.zip,085-167,1200,true,-648.145,4997.586,-178.488,4729.467,-323.723,5564.002,145.124,5296.776,旧土地台帳附属地図,地図に準ずる図面,P-F,,,,1971,6,30
46201-3400-501.zip,085-168,1200,true,-1743.448,38.839,-1202.831,28.172,-1729.838,691.431,-1190.278,681.171,旧土地台帳附属地図,地図に準ずる図面,P-F,,,,1971,6,30
46201-3400-501.zip,085-169,1200,true,-1735.145,1235.540,-1194.640,1235.474,-1733.873,1888.510,-1194.436,1888.376,旧土地台帳附属地図,地図に準ずる図面,P-F,,,,1971,6,30
46201-3400-501.zip,085-170,1200,true,-1826.278,2539.432,-1320.049,2349.415,-1596.266,3150.130,-1090.874,2960.917,旧土地台帳附属地図,地図に準ずる図面,P-F,,,,1971,6,30
46201-3400-501.zip,085-171,1200,true,-1742.691,3636.667,-1201.901,3630.566,-1734.339,4289.525,-1194.690,4283.526,旧土地台帳附属地図,地図に準ずる図面,P-F,,,,1971,6,30
46201-3400-501.zip,085-172,1200,true,-1741.329,4836.509,-1200.654,4828.540,-1730.946,5489.173,-1191.177,5481.529,旧土地台帳附属地図,地図に準ずる図面,P-F,,,,1971,6,30
46201-3400-501.zip,085-165-2,1200,true,473.208,160.974,959.192,-99.172,781.763,737.392,1267.748,477.247,旧土地台帳附属地図,地図に準ずる図面,P-F,,,,1971,6,30
46201-3400-502.zip,135-173,600,false,14844.232,26547.599,14841.656,26277.815,15168.159,26544.664,15165.249,26275.344,旧土地台帳附属地図,地図に準ずる図面,P-F,,,,,,
46201-3400-502.zip,135-177,600,false,14204.418,26417.516,14293.202,26162.787,14510.133,26524.848,14598.697,26269.716,旧土地台帳附属地図,地図に準ずる図面,P-F,,,,,,
46201-3400-502.zip,135-174,600,false,14788.373,27063.561,14891.223,26814.273,15092.134,27188.621,15195.265,26939.448,旧土地台帳附属地図,地図に準ずる図面,P-F,,,,,,
46201-3400-502.zip,135-178,600,false,14206.139,27076.117,14283.134,26817.540,14515.142,27169.548,14593.069,26911.308,旧土地台帳附属地図,地図に準ずる図面,P-F,,,,,,
46201-3400-502.zip,135-175,600,false,14757.237,27700.183,14843.145,27444.832,15063.945,27804.284,15149.739,27548.450,旧土地台帳附属地図,地図に準ずる図面,P-F,,,,,,
46201-3400-502.zip,135-176,600,false,14761.336,28264.839,14852.163,28010.884,15065.821,28374.588,15156.766,28120.755,旧土地台帳附属地図,地図に準ずる図面,P-F,,,,,,
46201-3400-503.zip,084-133,1200,true,-541.633,38.994,-1.091,32.405,-532.830,691.985,6.797,685.415,旧土地台帳附属地図,地図に準ずる図面,P-F,,,,1971,6,28
46201-3400-503.zip,084-134,1200,true,-23.292,1249.829,49.248,1785.596,-669.975,1338.016,-597.963,1872.781,旧土地台帳附属地図,地図に準ずる図面,P-F,,,,1971,6,28
46201-3400-503.zip,084-135,1200,true,-237.627,2352.293,131.412,2747.077,-714.111,2798.857,-345.863,3193.129,旧土地台帳附属地図,地図に準ずる図面,P-F,,,,1971,6,28
46201-3400-503.zip,084-136,,true,40.940,3725.354,-17.081,4262.720,-608.470,3655.922,-666.471,4192.371,旧土地台帳附属地図,地図に準ずる図面,P-F,,,,1971,6,28
46201-3400-503.zip,084-137,1200,true,-538.440,4835.471,2.045,4833.901,-535.959,5488.501,3.689,5487.240,旧土地台帳附属地図,地図に準ずる図面,P-F,,,,1971,6,28
46201-3400-503.zip,084-138,1200,true,-1840.117,158.917,-1344.898,-57.247,-1578.164,757.115,-1083.657,541.599,旧土地台帳附属地図,地図に準ずる図面,P-F,,,,1971,6,28
46201-3400-503.zip,084-139,1200,true,-1767.825,1811.367,-1817.489,1273.242,-1117.617,1750.657,-1166.811,1213.484,旧土地台帳附属地図,地図に準ずる図面,P-F,,,,1971,6,28
46201-3400-503.zip,084-140,1200,true,-1727.489,3044.962,-1849.895,2518.358,-1091.628,2896.156,-1213.737,2370.501,旧土地台帳附属地図,地図に準ずる図面,P-F,,,,1971,6,28
46201-3400-503.zip,084-141,1200,true,-1748.112,3644.688,-1207.700,3626.544,-1725.482,4297.027,-1186.050,4279.220,旧土地台帳附属地図,地図に準ずる図面,P-F,,,,1971,6,28
46201-3400-503.zip,084-142,1200,true,-1741.342,4837.699,-1200.697,4834.831,-1737.213,5490.426,-1197.554,5488.028,旧土地台帳附属地図,地図に準ずる図面,P-F,,,,1971,6,28
46201-3400-503.zip,084-688-1,,true,-2939.831,44.191,-2399.038,44.214,-2939.528,697.913,-2398.886,698.165,旧土地台帳附属地図,地図に準ずる図面,P-F,,,,1971,6,28
46201-3400-503.zip,084-688-2,,true,-2937.220,1240.929,-2396.425,1240.335,-2936.061,1894.575,-2395.418,1894.135,旧土地台帳附属地図,地図に準ずる図面,P-F,,,,1971,6,28
46201-3400-503.zip,084-690,,true,-2940.273,2443.748,-2399.479,2442.987,-2939.019,3097.394,-2398.300,3096.862,旧土地台帳附属地図,地図に準ずる図面,P-F,,,,1971,6,28
46201-3400-504.zip,068-838,,true,217.683,1166.144,164.153,901.805,537.876,1101.335,484.193,836.845,旧土地台帳附属地図,地図に準ずる図面,P-F,,,,,,
46201-3400-504.zip,068-839,,true,120.828,682.472,373.165,776.275,7.176,988.645,259.474,1082.409,旧土地台帳附属地図,地図に準ずる図面,P-F,,,,,,
46201-3400-504.zip,068-840,,true,550.677,704.327,553.687,973.961,224.007,707.832,227.131,977.733,旧土地台帳附属地図,地図に準ずる図面,P-F,,,,,,
46201-3400-504.zip,068-841,,true,600.871,561.203,795.753,747.245,375.433,797.575,570.315,983.542,旧土地台帳附属地図,地図に準ずる図面,P-F,,,,,,
46201-3400-504.zip,068-842,,true,539.364,857.937,311.640,713.499,714.358,582.092,486.405,437.731,旧土地台帳附属地図,地図に準ずる図面,P-F,,,,,,
46201-3400-504.zip,068-843,,true,365.183,376.077,582.849,534.688,172.968,640.187,390.672,798.683,旧土地台帳附属地図,地図に準ずる図面,P-F,,,,,,
46201-3400-504.zip,068-844,,true,688.385,285.236,808.210,526.752,395.700,430.283,515.754,671.952,旧土地台帳附属地図,地図に準ずる図面,P-F,,,,,,
46201-3400-504.zip,068-845,,true,848.710,475.101,886.276,742.030,525.278,520.783,562.921,787.712,旧土地台帳附属地図,地図に準ずる図面,P-F,,,,,,
46201-3400-504.zip,068-846,,true,716.756,937.519,643.833,677.943,1031.272,849.203,958.082,589.513,旧土地台帳附属地図,地図に準ずる図面,P-F,,,,,,
46201-3400-504.zip,068-847,,true,1013.434,723.446,1071.651,986.527,694.536,794.236,752.867,1057.279,旧土地台帳附属地図,地図に準ずる図面,P-F,,,,,,
46201-3400-504.zip,068-848,,true,862.009,1120.659,592.756,1136.204,843.188,794.522,573.858,810.258,旧土地台帳附属地図,地図に準ずる図面,P-F,,,,,,
46201-3400-504.zip,068-849,,true,415.053,1103.233,385.563,835.351,739.741,1067.343,710.176,799.537,旧土地台帳附属地図,地図に準ずる図面,P-F,,,,,,
46201-3400-504.zip,068-850-1,,true,805.088,1122.910,592.528,1288.836,604.262,865.391,391.588,1031.470,旧土地台帳附属地図,地図に準ずる図面,P-F,,,,,,
46201-3400-504.zip,068-851,,true,541.828,956.070,592.882,1220.675,221.140,1018.211,272.384,1282.816,旧土地台帳附属地図,地図に準ずる図面,P-F,,,,,,
46201-3400-504.zip,068-852-1,,true,360.959,1012.516,391.058,1280.474,36.384,1048.902,66.636,1317.050,旧土地台帳附属地図,地図に準ずる図面,P-F,,,,,,
46201-3400-504.zip,068-853,,true,442.427,1163.164,391.906,1427.921,121.472,1102.318,71.218,1366.961,旧土地台帳附属地図,地図に準ずる図面,P-F,,,,,,
46201-3400-504.zip,068-856,,true,670.276,1335.753,636.786,1068.519,994.355,1294.910,960.751,1027.752,旧土地台帳附属地図,地図に準ずる図面,P-F,,,,,,
46201-3400-504.zip,068-857,,true,656.119,1103.247,819.721,1317.522,396.391,1301.329,560.221,1515.794,旧土地台帳附属地図,地図に準ずる図面,P-F,,,,,,
46201-3400-504.zip,068-858,,true,1025.928,1423.694,757.017,1439.734,1006.344,1097.672,737.472,1113.788,旧土地台帳附属地図,地図に準ずる図面,P-F,,,,,,
46201-3400-504.zip,068-859,,true,1213.686,1280.217,1047.875,1492.854,956.206,1079.277,790.356,1292.066,旧土地台帳附属地図,地図に準ずる図面,P-F,,,,,,
46201-3400-504.zip,068-947,,true,661.599,160.939,718.787,424.325,342.472,230.433,399.775,493.819,旧土地台帳附属地図,地図に準ずる図面,P-F,,,,,,
46201-3400-504.zip,068-950,,true,731.719,405.668,536.685,219.549,957.272,169.409,761.971,-16.747,旧土地台帳附属地図,地図に準ずる図面,P-F,,,,,,
46201-3400-504.zip,068-951,,true,815.956,89.579,1034.993,246.628,625.760,355.099,844.836,512.109,旧土地台帳附属地図,地図に準ずる図面,P-F,,,,,,
46201-3400-504.zip,068-952,,true,707.949,618.264,673.468,350.801,1031.952,576.506,997.242,308.929,旧土地台帳附属地図,地図に準ずる図面,P-F,,,,,,
46201-3400-504.zip,068-953,,true,819.031,593.755,960.649,364.316,1097.124,765.129,1238.551,535.652,旧土地台帳附属地図,地図に準ずる図面,P-F,,,,,,
46201-3400-504.zip,068-954,,true,688.590,534.101,932.163,418.506,828.645,829.262,1072.295,713.324,旧土地台帳附属地図,地図に準ずる図面,P-F,,,,,,
46201-3400-504.zip,068-955,,true,1162.902,735.583,962.534,915.949,944.246,493.000,744.030,673.328,旧土地台帳附属地図,地図に準ずる図面,P-F,,,,,,
46201-3400-504.zip,068-956,,true,1034.229,1008.709,951.781,751.991,1345.240,908.887,1262.601,652.093,旧土地台帳附属地図,地図に準ずる図面,P-F,,,,,,
46201-3400-504.zip,068-854,,true,607.911,1503.472,340.335,1536.772,567.716,1179.355,299.872,1212.845,旧土地台帳附属地図,地図に準ずる図面,P-F,,,,,,
46201-3400-505.zip,057-40,,true,-274.379,618.162,-4.706,617.819,-273.845,945.060,-3.944,944.489,旧土地台帳附属地図,地図に準ずる図面,P-F,,,,,,
46201-3400-505.zip,057-43,,true,-262.418,2409.939,6.733,2429.028,-285.102,2736.018,-16.094,2754.982,旧土地台帳附属地図,地図に準ずる図面,P-F,,,,,,
46201-3400-505.zip,057-44,,true,-862.418,9.940,-593.267,29.028,-885.102,336.018,-616.094,354.982,旧土地台帳附属地図,地図に準ずる図面,P-F,,,,,,
46201-3400-505.zip,057-45,,true,-844.076,599.025,-577.709,641.373,-895.280,921.892,-628.694,964.082,旧土地台帳附属地図,地図に準ずる図面,P-F,,,,,,
46201-3400-505.zip,057-46,,true,-844.076,1199.025,-577.709,1241.373,-895.280,1521.892,-628.694,1564.082,旧土地台帳附属地図,地図に準ずる図面,P-F,,,,,,
46201-3400-505.zip,057-47,,true,-864.817,1815.664,-595.907,1835.575,-888.850,2141.691,-619.753,2161.652,旧土地台帳附属地図,地図に準ずる図面,P-F,,,,,,
46201-3400-505.zip,057-48,,true,-908.908,2457.878,-646.990,2393.785,-831.099,2775.395,-568.987,2711.292,旧土地台帳附属地図,地図に準ずる図面,P-F,,,,,,
46201-3400-505.zip,057-49,,true,-1482.957,22.294,-1213.217,12.994,-1471.626,348.996,-1201.699,339.576,旧土地台帳附属地図,地図に準ずる図面,P-F,,,,,,
46201-3400-505.zip,057-52,,true,-1463.479,1809.056,-1194.622,1831.027,-1489.696,2134.867,-1220.830,2156.724,旧土地台帳附属地図,地図に準ずる図面,P-F,,,,,,
46201-3400-505.zip,057-51,,true,-1187.708,1469.573,-1441.581,1561.087,-1298.774,1162.037,-1552.773,1253.879,旧土地台帳附属地図,地図に準ずる図面,P-F,,,,,,
46201-3400-505.zip,057-56,,true,-1473.340,2416.263,-1203.636,2421.390,-1479.146,2743.076,-1209.440,2748.088,旧土地台帳附属地図,地図に準ずる図面,P-F,,,,,,
46201-3400-505.zip,057-57,,true,-2116.654,60.581,-1858.594,-18.357,-2020.897,373.220,-1762.686,293.996,旧土地台帳附属地図,地図に準ずる図面,P-F,,,,,,
46201-3400-505.zip,057-50,,true,-1475.200,618.015,-1205.496,622.934,-1480.733,944.905,-1211.065,949.709,旧土地台帳附属地図,地図に準ずる図面,P-F,,,,,,
46201-3400-506.zip,068-910-1,,true,1088.100,1088.477,958.147,1324.634,801.841,931.219,672.047,1167.376,旧土地台帳附属地図,地図に準ずる図面,P-F,,,,,,
46201-3400-506.zip,068-910-2,,true,456.980,950.286,656.942,952.287,454.631,1200.001,654.497,1202.001,旧土地台帳附属地図,地図に準ずる図面,P-F,,,,1985,4,1
46201-3400-506.zip,068-910-3,,true,651.834,1014.798,851.669,1016.703,649.580,1264.480,849.320,1266.417,旧土地台帳附属地図,地図に準ずる図面,P-F,,,,1985,4,1
46201-3400-506.zip,068-911,,true,678.827,1641.752,431.843,1533.548,809.606,1342.444,562.654,1234.463,旧土地台帳附属地図,地図に準ずる図面,P-F,,,,,,
46201-3400-506.zip,068-912,,true,442.124,1593.416,252.068,1402.122,673.899,1363.324,483.589,1171.998,旧土地台帳附属地図,地図に準ずる図面,P-F,,,,,,
46201-3400-506.zip,068-913,,true,580.885,1355.258,850.475,1357.925,577.901,1681.934,847.427,1684.411,旧土地台帳附属地図,地図に準ずる図面,P-F,,,,,,
46201-3400-506.zip,068-914,,true,595.830,1594.168,865.515,1590.930,599.671,1920.781,869.579,1917.352,旧土地台帳附属地図,地図に準ずる図面,P-F,,,,,,
46201-3400-506.zip,068-915,,true,671.897,1240.226,926.279,1150.786,780.546,1548.360,1034.800,1458.666,旧土地台帳附属地図,地図に準ずる図面,P-F,,,,,,
46201-3400-506.zip,068-916,,true,933.460,770.655,935.428,1040.277,606.847,772.973,608.942,1042.817,旧土地台帳附属地図,地図に準ずる図面,P-F,,,,,,
46201-3400-506.zip,068-917,,true,757.703,772.621,845.428,1027.542,448.965,879.047,536.690,1133.936,旧土地台帳附属地図,地図に準ずる図面,P-F,,,,,,
46201-3400-506.zip,068-918,,true,910.351,897.273,641.015,909.846,895.238,571.009,625.680,583.645,旧土地台帳附属地図,地図に準ずる図面,P-F,,,,,,
46201-3400-506.zip,068-919,,true,822.712,911.781,553.218,916.004,817.442,585.168,547.915,589.518,旧土地台帳附属地図,地図に準ずる図面,P-F,,,,,,
46201-3400-506.zip,068-921,,true,537.438,440.044,807.059,442.299,534.961,766.657,804.551,768.816,旧土地台帳附属地図,地図に準ずる図面,P-F,,,,,,
46201-3400-506.zip,068-922,,true,541.539,309.948,548.460,579.506,215.021,318.203,222.070,587.984,旧土地台帳附属地図,地図に準ずる図面,P-F,,,,,,
46201-3400-506.zip,068-923,,true,324.608,329.331,322.735,598.984,-2.068,327.267,-3.814,596.857,旧土地台帳附属地図,地図に準ずる図面,P-F,,,,,,
46201-3400-506.zip,068-924,,true,315.095,222.656,324.747,492.151,-11.263,234.245,-1.548,503.867,旧土地台帳附属地図,地図に準ずる図面,P-F,,,,,,
46201-3400-506.zip,068-925,,true,261.670,529.648,152.354,283.109,560.152,396.997,450.741,150.648,旧土地台帳附属地図,地図に準ずる図面,P-F,,,,,,
46201-3400-506.zip,068-926,,true,406.146,80.427,643.065,209.174,250.095,367.289,487.204,496.099,旧土地台帳附属地図,地図に準ずる図面,P-F,,,,,,
46201-3400-506.zip,068-927,,true,776.179,39.688,780.465,309.278,449.629,45.117,454.106,314.675,旧土地台帳附属地図,地図に準ずる図面,P-F,,,,,,
46201-3400-506.zip,068-928,,true,969.261,12.452,980.024,281.883,642.871,25.342,653.729,294.964,旧土地台帳附属地図,地図に準ずる図面,P-F,,,,,,
46201-3400-506.zip,068-929,,true,1219.115,366.163,980.862,492.560,1065.889,77.714,827.764,204.111,旧土地台帳附属地図,地図に準ずる図面,P-F,,,,,,
46201-3400-506.zip,068-931,,true,1006.741,657.842,737.405,643.872,1023.378,331.578,754.137,317.799,旧土地台帳附属地図,地図に準ずる図面,P-F,,,,,,
46201-3400-506.zip,068-932,,true,748.687,592.315,1018.372,588.124,753.767,918.928,1023.579,914.610,旧土地台帳附属地図,地図に準ずる図面,P-F,,,,,,
46201-3400-506.zip,068-933,,true,965.907,730.266,1019.406,466.011,1286.011,794.878,1339.478,530.654,旧土地台帳附属地図,地図に準ずる図面,P-F,,,,,,
46201-3400-506.zip,068-934,,true,390.797,451.272,632.034,331.067,536.434,743.690,777.862,623.104,旧土地台帳附属地図,地図に準ずる図面,P-F,,,,,,
46201-3400-506.zip,068-935,,true,840.045,413.832,1109.603,406.498,849.125,740.382,1118.651,732.857,旧土地台帳附属地図,地図に準ずる図面,P-F,,,,,,
46201-3400-506.zip,068-945,,true,1194.490,708.811,1328.698,474.971,1477.764,871.498,1611.940,637.341,旧土地台帳附属地図,地図に準ずる図面,P-F,,,,,,
46201-3400-506.zip,068-946,,true,1402.651,733.702,1547.368,506.245,1678.432,908.899,1822.990,681.315,旧土地台帳附属地図,地図に準ずる図面,P-F,,,,,,
46201-3400-507.zip,635,500,false,2520.753,370.064,2586.750,154.813,2780.446,447.757,2845.160,232.141,土地区画整理所在図,地図に準ずる図面,P-F,,,,1981,10,15
46201-3400-507.zip,636,500,false,2520.753,976.610,2589.749,762.697,2777.639,1059.454,2846.514,845.200,土地区画整理所在図,地図に準ずる図面,P-F,,,,1981,10,15
46201-3400-507.zip,637,500,false,2542.001,1556.564,2605.069,1340.636,2801.199,1632.071,2864.028,1415.941,土地区画整理所在図,地図に準ずる図面,P-F,,,,1981,10,15
46201-3400-507.zip,638,500,false,2533.797,2186.441,2578.427,1965.964,2798.601,2239.980,2843.194,2019.365,土地区画整理所在図,地図に準ずる図面,P-F,,,,1981,10,15
46201-3400-507.zip,639,500,false,2650.948,2540.421,2864.050,2611.873,2564.938,2796.329,2778.372,2867.990,土地区画整理所在図,地図に準ずる図面,P-F,,,,1981,10,15
46201-3400-507.zip,640,500,false,1914.661,330.592,1991.029,119.003,2168.565,422.240,2245.039,210.453,土地区画整理所在図,地図に準ずる図面,P-F,,,,1981,10,15
46201-3400-507.zip,641,500,false,1933.246,933.208,2048.387,739.809,2165.304,1071.179,2280.386,877.632,土地区画整理所在図,地図に準ずる図面,P-F,,,,1981,10,15
46201-3400-507.zip,642,500,false,1917.468,1534.241,2029.962,1339.767,2151.077,1669.565,2263.746,1474.604,土地区画整理所在図,地図に準ずる図面,P-F,,,,1981,10,15
46201-3400-507.zip,643,500,false,1920.729,2131.004,2030.665,1934.713,2156.373,2262.747,2266.221,2066.224,土地区画整理所在図,地図に準ずる図面,P-F,,,,1981,10,15
46201-3400-507.zip,644,500,false,1917.468,2724.506,2028.671,2528.926,2152.316,2857.671,2263.476,2661.847,土地区画整理所在図,地図に準ずる図面,P-F,,,,1981,10,15
46201-3400-507.zip,645,500,false,1307.661,313.967,1416.041,116.987,1544.000,444.023,1652.419,246.847,土地区画整理所在図,地図に準ずる図面,P-F,,,,1981,10,15
46201-3400-507.zip,646,500,false,1329.423,923.405,1439.194,726.931,1565.280,1054.874,1674.874,858.262,土地区画整理所在図,地図に準ずる図面,P-F,,,,1981,10,15
46201-3400-507.zip,651,500,false,1353.315,1416.845,1558.590,1325.065,1463.442,1663.407,1668.879,1571.521,土地区画整理所在図,地図に準ずる図面,P-F,,,,1981,10,15
46201-3400-507.zip,652,500,false,1327.467,2143.346,1423.154,1939.758,1571.802,2258.183,1667.528,2054.438,土地区画整理所在図,地図に準ずる図面,P-F,,,,1981,10,15
46201-3400-507.zip,653,500,false,1311.029,2750.932,1378.603,2536.401,1568.541,2832.119,1636.063,2617.337,土地区画整理所在図,地図に準ずる図面,P-F,,,,1981,10,15
46201-3400-507.zip,656,500,false,736.986,976.610,802.158,761.306,995.553,1054.700,1060.467,839.050,土地区画整理所在図,地図に準ずる図面,P-F,,,,1981,10,15
46201-3400-507.zip,657,500,false,707.637,1612.505,750.804,1391.637,972.042,1664.476,1015.477,1443.564,土地区画整理所在図,地図に準ずる図面,P-F,,,,1981,10,15
46201-3400-507.zip,658,500,false,717.420,2166.875,823.079,1968.310,955.905,2293.695,1061.241,2094.925,土地区画整理所在図,地図に準ずる図面,P-F,,,,1981,10,15
46201-3400-507.zip,659,500,false,730.464,2789.726,790.548,2572.940,990.878,2861.795,1050.519,2644.825,土地区画整理所在図,地図に準ずる図面,P-F,,,,1981,10,15
46201-3400-507.zip,660,500,false,172.004,381.475,229.356,163.841,433.249,450.148,490.331,232.282,土地区画整理所在図,地図に準ずる図面,P-F,,,,1981,10,15
46201-3400-507.zip,661,500,false,146.653,995.073,192.038,774.798,411.050,1049.924,456.259,829.226,土地区画整理所在図,地図に準ずる図面,P-F,,,,1981,10,15
46201-3400-507.zip,662,500,false,133.701,1485.326,285.593,1319.423,332.671,1667.828,484.588,1501.565,土地区画整理所在図,地図に準ずる図面,P-F,,,,1981,10,15
46201-3400-507.zip,663,500,false,156.528,2091.872,302.494,1920.658,361.973,2266.988,507.968,2095.547,土地区画整理所在図,地図に準ずる図面,P-F,,,,1981,10,15
46201-3400-507.zip,664,500,false,117.396,2711.462,259.004,2537.079,327.015,2881.655,468.866,2706.978,土地区画整理所在図,地図に準ずる図面,P-F,,,,1981,10,15
46201-3400-507.zip,654-1,500,false,770.332,417.951,782.028,193.270,1040.261,432.003,1051.958,207.322,土地区画整理所在図,地図に準ずる図面,P-F,,,,1981,10,15
46201-3400-507.zip,654-2,500,false,681.083,467.219,692.779,242.538,951.012,481.270,962.709,256.590,土地区画整理所在図,地図に準ずる図面,P-F,,,,,,
46201-3400-508.zip,087-685,,false,1225.684,345.789,956.507,327.996,1247.440,19.461,978.148,1.821,旧土地台帳附属地図,地図に準ずる図面,P-F,,,,,,
46201-3400-508.zip,087-686,,false,863.674,33.802,1128.622,83.828,803.133,354.757,1068.119,404.706,旧土地台帳附属地図,地図に準ずる図面,P-F,,,,,,
46201-3400-508.zip,087-687,,false,737.821,15.578,984.024,125.572,604.661,313.825,850.902,423.782,旧土地台帳附属地図,地図に準ずる図面,P-F,,,,,,
46201-3400-508.zip,087-688,,false,492.046,62.338,761.757,60.699,493.799,389.351,763.700,387.560,旧土地台帳附属地図,地図に準ずる図面,P-F,,,,,,
46201-3400-508.zip,087-689,,false,583.983,87.347,603.566,356.334,258.113,111.236,277.849,380.184,旧土地台帳附属地図,地図に準ずる図面,P-F,,,,,,
46201-3400-508.zip,087-690,,false,107.825,340.845,112.131,71.096,434.724,346.141,438.953,76.316,旧土地台帳附属地図,地図に準ずる図面,P-F,,,,,,
46201-3400-508.zip,087-691,,false,960.663,628.366,944.966,359.151,1286.838,609.164,1270.912,339.949,旧土地台帳附属地図,地図に準ずる図面,P-F,,,,,,
46201-3400-508.zip,087-692,,false,1092.065,380.334,1069.891,649.130,766.157,353.283,744.097,622.155,旧土地台帳附属地図,地図に準ずる図面,P-F,,,,,,
46201-3400-508.zip,087-693,,false,610.678,622.355,626.718,353.140,936.853,641.672,952.702,372.380,旧土地台帳附属地図,地図に準ずる図面,P-F,,,,,,
46201-3400-508.zip,087-694,,false,570.356,300.318,795.947,448.147,390.981,573.686,616.686,721.477,旧土地台帳附属地図,地図に準ずる図面,P-F,,,,,,
46201-3400-508.zip,087-696,,false,519.434,672.590,258.830,603.286,603.293,356.855,342.688,287.703,旧土地台帳附属地図,地図に準ずる図面,P-F,,,,,,
46201-3400-508.zip,087-698,,false,305.691,697.991,56.402,594.969,430.773,395.820,181.332,292.988,旧土地台帳附属地図,地図に準ずる図面,P-F,,,,,,
46201-3400-508.zip,087-699,,false,1171.110,990.855,911.267,918.541,1258.549,676.034,998.669,603.987,旧土地台帳附属地図,地図に準ずる図面,P-F,,,,,,
46201-3400-508.zip,087-700,,false,1068.663,688.038,1069.463,957.749,741.612,688.838,742.565,958.739,旧土地台帳附属地図,地図に準ずる図面,P-F,,,,,,
46201-3400-508.zip,087-701,,false,867.067,954.834,597.433,952.509,869.810,628.163,600.176,626.030,旧土地台帳附属地図,地図に準ずる図面,P-F,,,,,,
46201-3400-508.zip,087-702,,false,467.337,637.422,735.600,665.540,433.047,962.644,701.424,990.610,旧土地台帳附属地図,地図に準ずる図面,P-F,,,,,,
46201-3400-508.zip,087-703,,false,322.267,633.000,586.149,688.245,255.440,952.774,519.435,1007.904,旧土地台帳附属地図,地図に準ずる図面,P-F,,,,,,
46201-3400-508.zip,087-704,,false,338.329,1014.431,81.953,930.801,439.980,703.534,183.337,620.057,旧土地台帳附属地図,地図に準ずる図面,P-F,,,,,,
46201-3400-508.zip,087-705,,false,963.359,961.956,1232.956,970.720,952.920,1288.512,1222.554,1297.085,旧土地台帳附属地図,地図に準ずる図面,P-F,,,,,,
46201-3400-508.zip,087-706,,false,863.549,924.282,1098.131,1057.289,702.004,1208.585,936.777,1341.592,旧土地台帳附属地図,地図に準ずる図面,P-F,,,,,,
46201-3400-508.zip,087-707,,false,648.736,953.770,902.635,1044.639,538.779,1261.352,792.754,1352.106,旧土地台帳附属地図,地図に準ずる図面,P-F,,,,,,
46201-3400-508.zip,087-708,,false,488.875,953.203,742.278,1045.710,376.517,1260.289,630.073,1352.682,旧土地台帳附属地図,地図に準ずる図面,P-F,,,,,,
46201-3400-508.zip,087-709,,false,309.089,963.482,568.283,1038.120,218.487,1277.617,477.796,1352.179,旧土地台帳附属地図,地図に準ずる図面,P-F,,,,,,
46201-3400-508.zip,087-710,,false,89.724,982.827,359.434,986.142,85.495,1309.840,355.396,1312.964,旧土地台帳附属地図,地図に準ずる図面,P-F,,,,,,
46201-3400-508.zip,087-711,,false,991.551,1216.298,1254.556,1275.506,919.885,1535.082,1183.004,1594.137,旧土地台帳附属地図,地図に準ずる図面,P-F,,,,,,
46201-3400-508.zip,087-712,,false,870.440,1198.162,1088.143,1357.230,677.729,1461.929,895.509,1620.997,旧土地台帳附属地図,地図に準ずる図面,P-F,,,,,,
46201-3400-508.zip,087-713,,false,645.492,1220.995,898.972,1313.045,533.668,1528.234,787.338,1620.246,旧土地台帳附属地図,地図に準ずる図面,P-F,,,,,,
46201-3400-508.zip,087-714,,false,614.906,1592.003,357.159,1512.640,710.918,1279.735,453.133,1200.601,旧土地台帳附属地図,地図に準ずる図面,P-F,,,,,,
46201-3400-508.zip,087-715,,false,292.218,1257.192,549.241,1339.031,192.815,1568.698,449.915,1650.461,旧土地台帳附属地図,地図に準ずる図面,P-F,,,,,,
46201-3400-508.zip,087-716,,false,236.002,1616.655,-5.552,1496.755,381.125,1323.933,139.456,1204.298,旧土地台帳附属地図,地図に準ずる図面,P-F,,,,,,
46201-3400-508.zip,087-718,,false,987.873,1526.137,1257.012,1543.778,966.689,1852.160,1235.790,1869.610,旧土地台帳附属地図,地図に準ずる図面,P-F,,,,,,
46201-3400-508.zip,087-719,,false,737.786,1807.281,760.456,1538.447,1063.618,1834.942,1086.135,1566.032,旧土地台帳附属地図,地図に準ずる図面,P-F,,,,,,
46201-3400-508.zip,087-717,,false,588.493,1526.247,852.336,1582.406,520.256,1846.097,784.213,1902.104,旧土地台帳附属地図,地図に準ずる図面,P-F,,,,,,
46201-3400-509.zip,087-720,,false,-105.369,-164.256,162.687,-134.432,-141.417,160.342,126.610,190.086,旧土地台帳附属地図,地図に準ずる図面,P-F,,,,,,
46201-3400-509.zip,087-721,,false,-226.793,142.489,-491.424,90.162,-163.230,-178.216,-428.004,-230.417,旧土地台帳附属地図,地図に準ずる図面,P-F,,,,,,
46201-3400-509.zip,087-722,,false,-853.033,96.233,-846.710,-173.403,-526.449,103.710,-520.279,-165.892,旧土地台帳附属地図,地図に準ずる図面,P-F,,,,,,
46201-3400-509.zip,087-723,,false,-967.953,102.046,-1237.686,107.413,-974.221,-224.831,-1244.068,-219.386,旧土地台帳附属地図,地図に準ずる図面,P-F,,,,,,
46201-3400-509.zip,087-724,,false,-1560.705,-261.710,-1302.606,-183.426,-1655.393,50.856,-1397.271,129.067,旧土地台帳附属地図,地図に準ずる図面,P-F,,,,,,
46201-3400-509.zip,087-725,,false,-140.503,608.137,-149.538,338.578,186.217,597.337,177.026,327.668,旧土地台帳附属地図,地図に準ずる図面,P-F,,,,,,
46201-3400-509.zip,087-726,,false,-246.602,362.031,-244.433,631.694,-573.183,364.786,-570.938,634.487,旧土地台帳附属地図,地図に準ずる図面,P-F,,,,,,
46201-3400-509.zip,087-727,,false,-872.596,312.327,-612.688,384.522,-960.279,627.285,-700.184,699.375,旧土地台帳附属地図,地図に準ずる図面,P-F,,,,,,
46201-3400-509.zip,087-728,,false,-1276.236,365.092,-1006.488,365.169,-1276.160,691.724,-1006.450,691.686,旧土地台帳附属地図,地図に準ずる図面,P-F,,,,,,
46201-3400-509.zip,087-729,,false,-1514.733,679.396,-1735.468,524.347,-1326.656,411.927,-1547.551,256.906,旧土地台帳附属地図,地図に準ずる図面,P-F,,,,,,
46201-3400-509.zip,087-730,,false,121.676,1134.045,-147.655,1120.500,137.935,807.780,-131.402,794.349,旧土地台帳附属地図,地図に準ずる図面,P-F,,,,,,
46201-3400-509.zip,087-731,,false,-400.963,796.543,-135.821,846.396,-461.551,1117.895,-196.261,1167.582,旧土地台帳附属地図,地図に準ずる図面,P-F,,,,,,
46201-3400-509.zip,087-732,,false,-802.698,1096.141,-828.584,827.638,-477.544,1064.716,-503.502,796.259,旧土地台帳附属地図,地図に準ずる図面,P-F,,,,,,
46201-3400-509.zip,087-733,,false,-1268.340,881.139,-1044.807,730.150,-1085.540,1152.241,-861.935,1001.020,旧土地台帳附属地図,地図に準ずる図面,P-F,,,,,,
46201-3400-509.zip,087-734,,true,-1596.447,826.543,-1326.737,826.581,-1596.371,1153.175,-1326.661,1153.060,旧土地台帳附属地図,地図に準ずる図面,P-F,,,,,,
46201-3400-509.zip,087-735,,false,-77.675,1297.701,183.863,1363.591,-157.586,1614.838,104.165,1680.508,旧土地台帳附属地図,地図に準ずる図面,P-F,,,,,,
46201-3400-509.zip,087-736,,false,-518.972,1567.217,-467.563,1302.452,-198.253,1629.281,-147.067,1364.472,旧土地台帳附属地図,地図に準ずる図面,P-F,,,,,,
46201-3400-509.zip,087-737,,false,-879.066,1616.605,-872.105,1346.870,-552.203,1625.136,-545.431,1355.320,旧土地台帳附属地図,地図に準ずる図面,P-F,,,,,,
46201-3400-509.zip,087-738,,false,-988.525,1662.123,-1258.248,1658.434,-984.222,1335.482,-1253.947,1331.945,旧土地台帳附属地図,地図に準ずる図面,P-F,,,,,,
46201-3400-509.zip,087-739,,false,-1669.681,1597.374,-1673.772,1327.657,-1342.666,1592.541,-1346.987,1322.713,旧土地台帳附属地図,地図に準ずる図面,P-F,,,,,,
46201-3400-509.zip,087-740,,false,-1913.069,1308.996,-1670.154,1426.109,-2054.797,1603.403,-1811.715,1720.344,旧土地台帳附属地図,地図に準ずる図面,P-F,,,,,,
46201-3400-51.zip,092-562,,false,-150.603,-124.415,113.773,-177.981,-85.714,196.211,178.722,142.361,旧土地台帳附属地図,地図に準ずる図面,P-F,,,,,,
46201-3400-51.zip,092-563,,false,-420.244,201.448,-583.006,-13.614,-159.914,4.112,-322.828,-210.835,旧土地台帳附属地図,地図に準ずる図面,P-F,,,,,,
46201-3400-51.zip,092-564,1200,false,-619.624,-183.362,-617.706,356.138,-1273.730,-181.271,-1271.355,358.383,旧土地台帳附属地図,地図に準ずる図面,P-F,,,,,,
46201-3400-51.zip,092-565,,false,-1395.583,41.447,-1576.380,241.639,-1638.139,-177.368,-1818.797,22.898,旧土地台帳附属地図,地図に準ずる図面,P-F,,,,,,
46201-3400-51.zip,092-566,,false,-2024.503,243.217,-2264.752,120.555,-1875.687,-48.019,-2116.125,-170.564,旧土地台帳附属地図,地図に準ずる図面,P-F,,,,,,
46201-3400-51.zip,092-567,,true,-125.923,413.824,143.823,414.856,-126.986,740.531,142.723,741.447,旧土地台帳附属地図,地図に準ずる図面,P-F,,,,,,
46201-3400-51.zip,092-568,1200,false,-737.360,308.405,-197.862,307.709,-736.645,962.508,-196.917,961.356,旧土地台帳附属地図,地図に準ずる図面,P-F,,,,,,
46201-3400-51.zip,092-569,,true,-1126.413,474.615,-856.702,474.453,-1126.114,801.325,-856.364,801.049,旧土地台帳附属地図,地図に準ずる図面,P-F,,,,,,
46201-3400-51.zip,092-570,,false,-1530.739,508.158,-1261.019,504.274,-1526.111,835.214,-1256.280,831.024,旧土地台帳附属地図,地図に準ずる図面,P-F,,,,,,
46201-3400-51.zip,092-571,,false,-1831.188,451.093,-1585.259,561.829,-1965.165,749.108,-1719.173,859.706,旧土地台帳附属地図,地図に準ずる図面,P-F,,,,,,
46201-3400-51.zip,092-572,,false,36.003,1290.376,-205.866,1170.941,180.849,997.062,-61.224,877.866,旧土地台帳附属地図,地図に準ずる図面,P-F,,,,,,
46201-3400-51.zip,092-573,,false,-481.702,957.407,-211.993,958.083,-482.275,1284.153,-212.527,1284.600,旧土地台帳附属地図,地図に準ずる図面,P-F,,,,,,
46201-3400-51.zip,092-574,,false,-641.999,1265.679,-891.962,1164.275,-518.947,962.618,-769.053,861.362,旧土地台帳附属地図,地図に準ずる図面,P-F,,,,,,
46201-3400-51.zip,092-575,,false,-989.261,1256.397,-1247.610,1179.074,-895.755,943.317,-1154.242,866.191,旧土地台帳附属地図,地図に準ずる図面,P-F,,,,,,
46201-3400-51.zip,092-576,,false,-1658.152,1125.497,-1495.658,910.131,-1397.198,1322.584,-1234.748,1107.088,旧土地台帳附属地図,地図に準ずる図面,P-F,,,,,,
46201-3400-51.zip,092-577,,false,162.989,1673.405,-96.787,1745.788,75.069,1358.670,-184.699,1431.367,旧土地台帳附属地図,地図に準ずる図面,P-F,,,,,,
46201-3400-51.zip,092-578,,false,-472.114,1509.961,-207.852,1456.026,-406.949,1830.415,-142.530,1776.293,旧土地台帳附属地図,地図に準ずる図面,P-F,,,,,,
46201-3400-51.zip,092-579,,false,-882.151,1559.625,-689.825,1370.538,-652.943,1792.491,-460.723,1603.241,旧土地台帳附属地図,地図に準ずる図面,P-F,,,,,,
46201-3400-51.zip,092-580-1,,false,-1251.048,1438.057,-1008.077,1555.228,-1393.313,1732.460,-1150.172,1849.628,旧土地台帳附属地図,地図に準ずる図面,P-F,,,,,,
46201-3400-510.zip,087-741,1000,false,-205.791,-252.138,243.595,-253.909,-203.494,292.815,245.892,291.044,旧土地台帳附属地図,地図に準ずる図面,P-F,,,,,,
46201-3400-510.zip,087-742-1,,false,-505.001,130.601,-504.282,-138.879,-178.180,131.606,-177.576,-137.989,旧土地台帳附属地図,地図に準ずる図面,P-F,,,,,,
46201-3400-510.zip,087-01,1000,false,-925.787,-285.163,-563.850,-114.889,-1169.709,234.968,-807.722,404.985,旧土地台帳附属地図,地図に準ずる図面,P-F,,,,2002,4,19
46201-3400-510.zip,087-743,,false,-1504.859,-185.864,-1262.701,-67.541,-1648.486,107.749,-1406.125,225.917,旧土地台帳附属地図,地図に準ずる図面,P-F,,,,,,
46201-3400-510.zip,087-745,,false,-1888.016,138.676,-2091.791,-37.780,-1673.984,-108.412,-1877.871,-284.915,旧土地台帳附属地図,地図に準ずる図面,P-F,,,,,,
46201-3400-510.zip,087-747,,false,-2360.446,-200.228,-2113.476,-92.214,-2491.398,99.378,-2244.247,207.263,旧土地台帳附属地図,地図に準ずる図面,P-F,,,,,,
46201-3400-510.zip,087-748,,false,-51.055,469.972,185.722,598.646,-207.137,757.158,29.798,885.701,旧土地台帳附属地図,地図に準ずる図面,P-F,,,,,,
46201-3400-510.zip,087-749,,false,-261.629,847.502,-523.167,781.929,-182.104,530.385,-443.791,464.932,旧土地台帳附属地図,地図に準ずる図面,P-F,,,,,,
46201-3400-510.zip,087-751,,false,-1184.746,535.512,-915.868,555.168,-1208.574,861.655,-939.609,881.164,旧土地台帳附属地図,地図に準ずる図面,P-F,,,,,,
46201-3400-510.zip,087-752,,false,-1538.587,556.263,-1269.147,565.427,-1549.680,883.048,-1280.082,892.066,旧土地台帳附属地図,地図に準ずる図面,P-F,,,,,,
46201-3400-510.zip,087-753,,false,-1957.503,812.182,-1955.224,542.710,-1630.617,815.009,-1628.566,545.459,旧土地台帳附属地図,地図に準ずる図面,P-F,,,,,,
46201-3400-510.zip,087-754,,false,44.154,1377.911,-224.046,1350.518,77.371,1052.552,-190.958,1025.299,旧土地台帳附属地図,地図に準ずる図面,P-F,,,,,,
46201-3400-510.zip,087-755,,false,-442.443,1408.013,-620.796,1205.947,-197.326,1191.727,-375.875,989.783,旧土地台帳附属地図,地図に準ずる図面,P-F,,,,,,
46201-3400-510.zip,087-756,,false,-765.567,1422.446,-1014.516,1318.776,-639.920,1120.577,-888.962,1017.033,旧土地台帳附属地図,地図に準ずる図面,P-F,,,,,,
46201-3400-510.zip,087-757,,false,-1424.717,1198.501,-1206.634,1039.938,-1232.401,1462.891,-1014.346,1304.159,旧土地台帳附属地図,地図に準ずる図面,P-F,,,,,,
46201-3400-510.zip,087-758,,false,-1586.195,1449.939,-1818.687,1313.677,-1420.918,1168.033,-1653.553,1031.864,旧土地台帳附属地図,地図に準ずる図面,P-F,,,,,,
46201-3400-510.zip,087-759,,false,-1902.372,1431.579,-2162.070,1359.199,-1814.577,1116.691,-2074.368,1044.364,旧土地台帳附属地図,地図に準ずる図面,P-F,,,,,,
46201-3400-510.zip,087-760,,false,-81.422,1650.326,154.346,1781.231,-240.080,1936.184,-4.274,2067.023,旧土地台帳附属地図,地図に準ずる図面,P-F,,,,,,
46201-3400-510.zip,087-761,500,true,-460.721,1730.442,-236.088,1730.953,-461.510,2002.699,-236.942,2003.273,旧土地台帳附属地図,地図に準ずる図面,P-F,,,,,,
46201-3400-510.zip,087-762,500,true,-730.269,1727.525,-505.575,1727.366,-730.174,2000.004,-505.352,1999.718,旧土地台帳附属地図,地図に準ずる図面,P-F,,,,,,
46201-3400-510.zip,087-763,500,true,-1044.067,1725.513,-819.274,1726.179,-1044.909,1997.995,-820.054,1998.471,旧土地台帳附属地図,地図に準ずる図面,P-F,,,,,,
46201-3400-510.zip,087-764,,false,-1203.628,2025.618,-1454.024,1925.597,-1082.308,1722.025,-1332.817,1622.082,旧土地台帳附属地図,地図に準ずる図面,P-F,,,,,,
46201-3400-510.zip,087-765,500,true,-1730.418,1749.772,-1505.628,1750.111,-1730.662,2021.997,-1505.935,2022.209,旧土地台帳附属地図,地図に準ずる図面,P-F,,,,,,
46201-3400-510.zip,087-766,,false,-21.624,2500.931,-274.942,2408.672,90.307,2193.671,-163.207,2101.503,旧土地台帳附属地図,地図に準ずる図面,P-F,,,,,,
46201-3400-510.zip,087-767,,false,-466.166,2532.041,-674.920,2361.624,-259.442,2278.954,-468.293,2108.655,旧土地台帳附属地図,地図に準ずる図面,P-F,,,,,,
46201-3400-510.zip,087-768,500,true,-934.705,2215.293,-709.916,2215.979,-935.207,2487.962,-710.766,2488.329,旧土地台帳附属地図,地図に準ずる図面,P-F,,,,,,
46201-3400-510.zip,087-770,500,true,-1546.503,2221.581,-1321.743,2221.491,-1546.524,2494.093,-1321.638,2493.812,旧土地台帳附属地図,地図に準ずる図面,P-F,,,,,,
46201-3400-510.zip,087-769,500,true,-1253.688,2210.721,-1028.933,2212.250,-1255.541,2482.909,-1030.786,2484.439,旧土地台帳附属地図,地図に準ずる図面,P-F,,,,,,
46201-3400-510.zip,087-750,,true,-548.578,538.057,-505.418,804.061,-871.188,590.364,-827.878,856.343,旧土地台帳附属地図,地図に準ずる図面,P-F,,,,,,
46201-3400-511.zip,080-2408,,true,-394.128,-108.088,-612.624,-266.145,-202.591,-372.760,-421.317,-530.890,旧土地台帳附属地図,地図に準ずる図面,P-F,,,,,,
46201-3400-511.zip,080-2409,,true,-157.365,-260.618,-179.862,8.113,-482.951,-287.667,-505.327,-19.002,旧土地台帳附属地図,地図に準ずる図面,P-F,,,,,,
46201-3400-511.zip,080-2410,,true,-471.691,133.133,-678.583,-39.838,-262.119,-117.501,-469.234,-290.560,旧土地台帳附属地図,地図に準ずる図面,P-F,,,,,,
46201-3400-511.zip,080-2411,,true,-283.057,34.831,-287.542,304.465,-609.723,29.603,-614.054,299.164,旧土地台帳附属地図,地図に準ずる図面,P-F,,,,,,
46201-3400-511.zip,080-2412,,true,-425.215,87.977,-405.963,-181.007,-99.346,111.370,-80.116,-157.845,旧土地台帳附属地図,地図に準ずる図面,P-F,,,,,,
46201-3400-511.zip,080-2413,,true,-357.156,43.603,-87.553,37.504,-349.514,370.221,-79.990,363.972,旧土地台帳附属地図,地図に準ずる図面,P-F,,,,,,
46201-3400-511.zip,080-2414,,true,-257.408,120.857,-234.634,389.566,-582.954,148.378,-560.123,417.311,旧土地台帳附属地図,地図に準ずる図面,P-F,,,,,,
46201-3400-511.zip,080-2415,,true,-399.966,213.557,-131.082,192.962,-374.763,539.291,-105.966,518.550,旧土地台帳附属地図,地図に準ずる図面,P-F,,,,,,
46201-3400-511.zip,080-2416,,true,-213.572,650.521,-427.154,485.820,-14.319,391.656,-227.933,227.122,旧土地台帳附属地図,地図に準ずる図面,P-F,,,,,,
46201-3400-511.zip,080-2419,,true,128.023,292.791,-67.816,478.183,-96.764,55.760,-292.417,241.238,旧土地台帳附属地図,地図に準ずる図面,P-F,,,,,,
46201-3400-511.zip,080-2420,,true,-20.983,-6.565,86.763,240.647,-320.437,123.974,-212.526,371.280,旧土地台帳附属地図,地図に準ずる図面,P-F,,,,,,
46201-3400-511.zip,080-2421,,true,28.788,-135.261,38.975,134.295,-297.600,-122.673,-287.300,146.840,旧土地台帳附属地図,地図に準ずる図面,P-F,,,,,,
46201-3400-511.zip,080-2437,,true,157.096,-115.758,144.592,153.586,-169.272,-130.649,-181.584,138.666,旧土地台帳附属地図,地図に準ずる図面,P-F,,,,,,
46201-3400-511.zip,080-2438,,true,135.550,-21.201,189.637,243.030,-184.535,44.248,-130.335,308.650,旧土地台帳附属地図,地図に準ずる図面,P-F,,,,,,
46201-3400-511.zip,080-2439,,true,168.736,79.873,263.918,332.189,-136.855,195.423,-41.593,447.627,旧土地台帳附属地図,地図に準ずる図面,P-F,,,,,,
46201-3400-512.zip,080-2417,,true,-904.067,488.060,-1087.905,290.658,-665.149,265.224,-848.993,67.984,旧土地台帳附属地図,地図に準ずる図面,P-F,,,,,,
46201-3400-512.zip,080-2418,,true,-1109.141,550.851,-1104.605,281.179,-782.475,556.063,-778.093,286.503,旧土地台帳附属地図,地図に準ずる図面,P-F,,,,,,
46201-3400-512.zip,080-2440,,true,-1156.606,528.477,-1330.634,322.424,-906.993,317.690,-1081.231,111.566,旧土地台帳附属地図,地図に準ずる図面,P-F,,,,,,
46201-3400-512.zip,080-2441,,true,-1034.525,411.023,-1203.198,200.515,-779.749,206.506,-948.445,-3.787,旧土地台帳附属地図,地図に準ずる図面,P-F,,,,,,
46201-3400-512.zip,080-2442,,true,-888.272,171.956,-1134.333,282.489,-1022.123,-126.073,-1268.292,-15.408,旧土地台帳附属地図,地図に準ずる図面,P-F,,,,,,
46201-3400-512.zip,080-2443,,true,-1041.190,-231.383,-816.135,-82.743,-1221.262,41.219,-995.985,189.869,旧土地台帳附属地図,地図に準ずる図面,P-F,,,,,,
46201-3400-512.zip,080-2444,,true,-634.930,-108.214,-667.090,159.610,-959.299,-146.917,-991.331,120.807,旧土地台帳附属地図,地図に準ずる図面,P-F,,,,,,
46201-3400-512.zip,080-2445,,true,-664.472,328.776,-892.293,184.411,-489.865,52.687,-717.650,-91.520,旧土地台帳附属地図,地図に準ずる図面,P-F,,,,,,
46201-3400-512.zip,080-2446,,true,-489.699,-93.003,-462.310,175.313,-814.722,-59.857,-787.241,208.603,旧土地台帳附属地図,地図に準ずる図面,P-F,,,,,,
46201-3400-512.zip,080-2447,,true,-554.791,244.148,-570.369,513.408,-880.970,225.569,-896.389,494.724,旧土地台帳附属地図,地図に準ずる図面,P-F,,,,,,
46201-3400-512.zip,080-2448,,true,-606.012,557.446,-875.708,554.655,-602.625,230.755,-872.474,228.039,旧土地台帳附属地図,地図に準ずる図面,P-F,,,,,,
46201-3400-512.zip,080-2449,,true,-358.823,35.554,-362.398,305.202,-685.505,31.474,-688.927,301.048,旧土地台帳附属地図,地図に準ずる図面,P-F,,,,,,
46201-3400-512.zip,080-2450,,true,-526.035,-170.784,-256.686,-157.609,-542.067,155.530,-272.523,168.638,旧土地台帳附属地図,地図に準ずる図面,P-F,,,,,,
46201-3400-512.zip,080-2451,,true,-520.889,-149.943,-317.609,-327.143,-306.021,96.165,-102.898,-81.100,旧土地台帳附属地図,地図に準ずる図面,P-F,,,,,,
46201-3400-512.zip,080-2452,,true,-325.691,249.506,-543.721,90.741,-133.579,-14.749,-351.606,-173.324,旧土地台帳附属地図,地図に準ずる図面,P-F,,,,,,
46201-3400-512.zip,080-2453,,true,-192.131,-170.647,18.683,-2.418,-395.930,84.703,-184.920,252.991,旧土地台帳附属地図,地図に準ずる図面,P-F,,,,,,
46201-3400-512.zip,080-2454,,true,-82.006,267.749,-351.688,263.894,-77.581,-58.890,-347.151,-62.629,旧土地台帳附属地図,地図に準ずる図面,P-F,,,,,,
46201-3400-512.zip,080-2455,,true,-173.972,195.467,85.145,120.760,-83.222,509.317,175.816,434.475,旧土地台帳附属地図,地図に準ずる図面,P-F,,,,,,
46201-3400-512.zip,080-2456,,true,-201.643,123.988,-2.759,-58.133,19.038,364.949,217.988,182.562,旧土地台帳附属地図,地図に準ずる図面,P-F,,,,,,
46201-3400-512.zip,080-2457,,true,-23.770,51.033,245.531,65.880,-41.507,377.221,227.684,391.985,旧土地台帳附属地図,地図に準ずる図面,P-F,,,,,,
46201-3400-512.zip,080-2458,,true,122.221,207.695,-147.393,202.104,129.058,-118.941,-140.786,-124.461,旧土地台帳附属地図,地図に準ずる図面,P-F,,,,,,
46201-3400-512.zip,080-2459,,true,193.063,-28.552,55.684,203.459,-88.187,-194.793,-225.416,37.263,旧土地台帳附属地図,地図に準ずる図面,P-F,,,,,,
46201-3400-513.zip,038-102,600,false,29829.556,33516.260,30082.399,33421.507,29944.667,33822.545,30197.488,33727.841,旧土地台帳附属地図,地図に準ずる図面,P-F,,,,1969,12,10
46201-3400-513.zip,038-103,600,false,29810.981,34140.277,30015.254,33963.870,30024.769,34387.929,30229.186,34211.749,旧土地台帳附属地図,地図に準ずる図面,P-F,,,,1969,12,10
46201-3400-513.zip,038-104,600,false,29801.409,34826.819,29985.694,34629.676,30040.647,35050.207,30224.983,34852.954,旧土地台帳附属地図,地図に準ずる図面,P-F,,,,1969,12,10
46201-3400-514.zip,074-547,,true,-1221.893,-618.551,-1206.351,-887.775,-895.731,-599.668,-880.252,-869.125,旧土地台帳附属地図,地図に準ずる図面,P-F,,,,,,
46201-3400-514.zip,074-548,,true,-717.878,-806.671,-727.654,-537.177,-1044.341,-818.270,-1054.000,-548.847,旧土地台帳附属地図,地図に準ずる図面,P-F,,,,,,
46201-3400-514.zip,074-549,,true,-663.864,-559.142,-906.183,-440.800,-807.167,-852.744,-1049.691,-734.217,旧土地台帳附属地図,地図に準ずる図面,P-F,,,,,,
46201-3400-514.zip,074-550,,true,-733.425,-518.101,-950.548,-358.223,-927.381,-781.008,-1144.344,-621.106,旧土地台帳附属地図,地図に準ずる図面,P-F,,,,,,
46201-3400-514.zip,074-551,,true,-782.692,-646.678,-536.238,-756.145,-650.115,-348.080,-403.517,-457.694,旧土地台帳附属地図,地図に準ずる図面,P-F,,,,,,
46201-3400-514.zip,074-552,,true,-513.172,-488.061,-603.500,-742.114,-205.459,-597.721,-295.904,-851.651,旧土地台帳附属地図,地図に準ずる図面,P-F,,,,,,
46201-3400-514.zip,074-553,,true,-400.707,-732.827,-154.692,-843.279,-266.967,-434.789,-20.759,-545.369,旧土地台帳附属地図,地図に準ずる図面,P-F,,,,,,
46201-3400-514.zip,074-554,,true,-44.335,-522.720,-307.256,-582.681,28.062,-841.266,-234.810,-901.099,旧土地台帳附属地図,地図に準ずる図面,P-F,,,,,,
46201-3400-514.zip,074-826,,true,157.859,-114.776,143.618,154.520,-168.406,-131.780,-182.528,137.408,旧土地台帳附属地図,地図に準ずる図面,P-F,,,,,,
46201-3400-514.zip,074-827,,true,-237.144,-186.378,25.223,-248.726,-161.665,131.494,100.878,69.064,旧土地台帳附属地図,地図に準ずる図面,P-F,,,,,,
46201-3400-514.zip,074-828,,true,-9.356,-413.940,182.516,-224.500,-238.748,-181.309,-46.823,8.023,旧土地台帳附属地図,地図に準ずる図面,P-F,,,,,,
46201-3400-514.zip,074-829,,true,-424.823,-69.377,-306.629,-311.768,-131.169,73.820,-12.960,-168.775,旧土地台帳附属地図,地図に準ずる図面,P-F,,,,,,
46201-3400-514.zip,074-830,,true,-361.640,194.922,-500.286,-36.380,-81.551,26.730,-220.269,-204.395,旧土地台帳附属地図,地図に準ずる図面,P-F,,,,,,
46201-3400-514.zip,074-831,,true,-854.735,127.406,-843.292,-141.984,-528.313,141.044,-516.986,-128.276,旧土地台帳附属地図,地図に準ずる図面,P-F,,,,,,
46201-3400-514.zip,074-832,,true,-985.250,-74.132,-1041.879,-337.713,-665.888,-143.020,-722.658,-406.532,旧土地台帳附属地図,地図に準ずる図面,P-F,,,,,,
46201-3400-514.zip,074-833,,true,-840.925,-97.132,-735.425,-345.269,-540.271,30.715,-434.766,-217.627,旧土地台帳附属地図,地図に準ずる図面,P-F,,,,,,
46201-3400-514.zip,074-834,,true,-338.162,-187.140,-371.270,80.417,-662.427,-227.023,-695.379,40.514,旧土地台帳附属地図,地図に準ずる図面,P-F,,,,,,
46201-3400-514.zip,074-835,,true,-611.625,-454.532,-342.893,-432.510,-638.381,-128.960,-369.417,-106.957,旧土地台帳附属地図,地図に準ずる図面,P-F,,,,,,
46201-3400-514.zip,074-836,,true,-594.097,-366.763,-694.347,-116.417,-897.443,-487.981,-997.544,-237.699,旧土地台帳附属地図,地図に準ずる図面,P-F,,,,,,
46201-3400-514.zip,074-837,,true,-689.761,587.476,-420.092,588.776,-691.288,914.218,-421.428,915.405,旧土地台帳附属地図,地図に準ずる図面,P-F,,,,,,
46201-3400-515.zip,074-594,,true,894.658,1177.213,834.677,914.219,1213.049,1104.309,1153.019,841.442,旧土地台帳附属地図,地図に準ずる図面,P-F,,,,,,
46201-3400-515.zip,074-595,,true,855.468,1046.561,837.612,777.595,1181.423,1024.959,1163.480,755.846,旧土地台帳附属地図,地図に準ずる図面,P-F,,,,,,
46201-3400-515.zip,074-596,,true,1015.975,1019.663,926.626,1274.062,707.807,911.402,618.479,1165.971,旧土地台帳附属地図,地図に準ずる図面,P-F,,,,,,
46201-3400-515.zip,074-599,,true,918.853,936.840,780.975,1168.688,638.113,769.814,500.170,1001.845,旧土地台帳附属地図,地図に準ずる図面,P-F,,,,,,
46201-3400-515.zip,074-600,,true,574.609,935.829,566.324,666.247,901.127,925.911,892.797,656.101,旧土地台帳附属地図,地図に準ずる図面,P-F,,,,,,
46201-3400-515.zip,074-601,,true,485.741,1009.078,465.367,740.100,811.421,984.163,790.980,715.305,旧土地台帳附属地図,地図に準ずる図面,P-F,,,,,,
46201-3400-515.zip,074-602,,true,406.678,695.705,649.863,579.066,547.873,990.285,791.180,873.546,旧土地台帳附属地図,地図に準ずる図面,P-F,,,,,,
46201-3400-515.zip,074-608,,true,389.853,639.039,459.315,378.466,705.522,723.250,774.958,462.474,旧土地台帳附属地図,地図に準ずる図面,P-F,,,,,,
46201-3400-515.zip,074-609,,true,299.236,704.542,189.146,458.365,597.367,570.917,487.169,324.872,旧土地台帳附属地図,地図に準ずる図面,P-F,,,,,,
46201-3400-515.zip,074-610,,true,344.066,368.403,459.990,611.845,49.180,508.868,165.239,752.414,旧土地台帳附属地図,地図に準ずる図面,P-F,,,,,,
46201-3400-515.zip,074-611,,true,247.408,559.766,54.927,370.836,476.074,326.421,283.513,137.681,旧土地台帳附属地図,地図に準ずる図面,P-F,,,,,,
46201-3400-515.zip,074-613,,true,-38.680,330.805,93.809,95.923,245.907,491.112,378.311,256.226,旧土地台帳附属地図,地図に準ずる図面,P-F,,,,,,
46201-3400-515.zip,074-614,,true,-180.398,634.591,-359.646,433.060,63.719,417.459,-115.688,215.865,旧土地台帳附属地図,地図に準ずる図面,P-F,,,,,,
46201-3400-515.zip,074-616,,true,-237.308,191.152,29.827,228.057,-281.806,514.777,-14.694,551.563,旧土地台帳附属地図,地図に準ずる図面,P-F,,,,,,
46201-3400-515.zip,074-617,,true,-185.889,278.215,43.308,136.045,-13.676,555.850,215.611,413.534,旧土地台帳附属地図,地図に準ずる図面,P-F,,,,,,
46201-3400-515.zip,074-618,,true,33.709,50.748,196.520,265.678,-226.554,248.172,-63.675,463.004,旧土地台帳附属地図,地図に準ずる図面,P-F,,,,,,
46201-3400-515.zip,074-619,,true,-172.323,91.507,-120.647,-173.208,148.323,154.161,199.960,-110.755,旧土地台帳附属地図,地図に準ずる図面,P-F,,,,,,
46201-3400-515.zip,074-620,,true,-218.849,-25.374,-143.174,-284.170,94.809,66.040,170.316,-192.726,旧土地台帳附属地図,地図に準ずる図面,P-F,,,,,,
46201-3400-515.zip,074-636,,true,1347.637,898.381,1200.997,1124.699,1073.312,720.946,926.862,947.250,旧土地台帳附属地図,地図に準ずる図面,P-F,,,,,,
46201-3400-515.zip,074-637,,true,1392.503,1022.395,1247.005,1249.358,1117.334,846.270,971.953,1073.263,旧土地台帳附属地図,地図に準ずる図面,P-F,,,,,,
46201-3400-516.zip,074-570,,true,1445.614,799.241,1685.247,922.932,1295.906,1089.629,1535.522,1213.268,旧土地台帳附属地図,地図に準ずる図面,P-F,,,,,,
46201-3400-516.zip,074-573,,true,1557.195,457.606,1700.819,685.894,1280.595,631.474,1424.341,859.956,旧土地台帳附属地図,地図に準ずる図面,P-F,,,,,,
46201-3400-516.zip,074-575,,true,1468.115,922.568,1328.462,1153.308,1188.679,753.295,1048.960,984.217,旧土地台帳附属地図,地図に準ずる図面,P-F,,,,,,
46201-3400-516.zip,074-576,,true,1184.951,997.511,978.574,823.927,1395.131,747.337,1188.763,573.860,旧土地台帳附属地図,地図に準ずる図面,P-F,,,,,,
46201-3400-516.zip,074-577,,true,1082.995,934.199,908.945,728.155,1332.632,723.426,1158.454,517.291,旧土地台帳附属地図,地図に準ずる図面,P-F,,,,,,
46201-3400-516.zip,074-578,,true,1101.059,486.690,1333.220,623.817,935.045,768.075,1167.192,905.149,旧土地台帳附属地図,地図に準ずる図面,P-F,,,,,,
46201-3400-516.zip,074-579,,true,1086.287,442.252,1220.975,675.924,803.314,605.621,938.044,839.137,旧土地台帳附属地図,地図に準ずる図面,P-F,,,,,,
46201-3400-516.zip,074-580,,true,937.188,600.303,1202.623,647.915,879.387,921.818,1145.016,969.426,旧土地台帳附属地図,地図に準ずる図面,P-F,,,,,,
46201-3400-516.zip,074-581,,true,778.317,622.656,1048.057,624.731,775.957,949.355,1045.621,951.392,旧土地台帳附属地図,地図に準ずる図面,P-F,,,,,,
46201-3400-516.zip,074-582,,true,886.753,594.376,774.122,349.393,1183.642,458.014,1070.898,212.874,旧土地台帳附属地図,地図に準ずる図面,P-F,,,,,,
46201-3400-516.zip,074-583,,true,847.077,516.174,608.264,390.747,998.858,226.821,760.025,101.513,旧土地台帳附属地図,地図に準ずる図面,P-F,,,,,,
46201-3400-516.zip,074-584,,true,667.412,326.721,900.984,461.430,504.097,609.725,737.891,744.430,旧土地台帳附属地図,地図に準ずる図面,P-F,,,,,,
46201-3400-516.zip,074-585,,true,674.579,408.834,503.681,617.491,421.726,201.945,250.911,410.620,旧土地台帳附属地図,地図に準ずる図面,P-F,,,,,,
46201-3400-516.zip,074-586,,true,729.798,398.789,505.798,248.702,911.711,127.412,687.500,-22.771,旧土地台帳附属地図,地図に準ずる図面,P-F,,,,,,
46201-3400-516.zip,074-587,,true,697.832,148.520,698.135,418.268,371.087,149.088,371.504,418.798,旧土地台帳附属地図,地図に準ずる図面,P-F,,,,,,
46201-3400-516.zip,074-588,,true,322.227,210.815,272.632,-54.296,643.412,150.786,593.713,-114.461,旧土地台帳附属地図,地図に準ずる図面,P-F,,,,,,
46201-3400-516.zip,074-589,,true,275.150,360.056,68.339,186.870,484.758,109.502,277.977,-63.659,旧土地台帳附属地図,地図に準ずる図面,P-F,,,,,,
46201-3400-516.zip,074-590,,true,322.846,203.781,570.110,311.409,192.362,503.301,439.815,610.969,旧土地台帳附属地図,地図に準ずる図面,P-F,,,,,,
46201-3400-516.zip,074-591,,true,81.188,162.215,350.249,144.646,102.628,488.218,371.683,470.574,旧土地台帳附属地図,地図に準ずる図面,P-F,,,,,,
46201-3400-516.zip,074-592,,true,214.876,0.369,376.643,216.086,-46.600,196.311,115.342,412.134,旧土地台帳附属地図,地図に準ずる図面,P-F,,,,,,
46201-3400-516.zip,074-593,,true,325.005,-119.796,486.038,96.611,63.029,75.412,224.100,291.744,旧土地台帳附属地図,地図に準ずる図面,P-F,,,,,,
46201-3400-516.zip,074-597,,true,18.307,-66.718,288.016,-62.104,12.872,259.944,282.543,264.519,旧土地台帳附属地図,地図に準ずる図面,P-F,,,,,,
46201-3400-516.zip,074-598,,true,194.691,-12.675,38.885,207.481,-71.947,-201.534,-227.748,18.812,旧土地台帳附属地図,地図に準ずる図面,P-F,,,,,,
46201-3400-516.zip,074-681,,true,868.067,128.145,944.912,-130.386,1181.278,221.079,1258.086,-37.463,旧土地台帳附属地図,地図に準ずる図面,P-F,,,,,,
46201-3400-516.zip,074-682,,true,1225.401,339.716,965.344,410.939,1139.168,24.554,878.920,95.948,旧土地台帳附属地図,地図に準ずる図面,P-F,,,,,,
46201-3400-516.zip,074-683,,true,1123.915,421.719,1180.130,157.894,1443.525,489.632,1499.591,225.775,旧土地台帳附属地図,地図に準ずる図面,P-F,,,,,,
46201-3400-516.zip,074-684,,true,1286.473,530.174,1281.250,260.553,1613.161,524.001,1607.819,254.154,旧土地台帳附属地図,地図に準ずる図面,P-F,,,,,,
46201-3400-516.zip,074-574,,true,1434.600,546.109,1354.579,803.595,1122.565,449.302,1042.579,706.799,旧土地台帳附属地図,地図に準ずる図面,P-F,,,,,,
46201-3400-517.zip,074-800,,true,34.571,-245.333,303.024,-270.945,65.584,79.899,334.223,54.231,旧土地台帳附属地図,地図に準ずる図面,P-F,,,,,,
46201-3400-517.zip,074-801,,true,337.002,-117.695,335.897,151.937,10.335,-118.835,9.306,150.721,旧土地台帳附属地図,地図に準ずる図面,P-F,,,,,,
46201-3400-517.zip,074-802,,true,163.341,-30.226,160.083,-299.878,490.025,-34.115,486.727,-303.957,旧土地台帳附属地図,地図に準ずる図面,P-F,,,,,,
46201-3400-517.zip,074-803,,true,276.260,47.871,394.570,-194.462,569.913,190.982,688.105,-51.283,旧土地台帳附属地図,地図に準ずる図面,P-F,,,,,,
46201-3400-517.zip,074-804,,true,601.686,108.522,578.056,377.156,276.244,79.794,252.632,348.660,旧土地台帳附属地図,地図に準ずる図面,P-F,,,,,,
46201-3400-517.zip,074-805,,true,414.606,431.499,353.877,168.793,732.832,357.706,672.045,95.092,旧土地台帳附属地図,地図に準ずる図面,P-F,,,,,,
46201-3400-517.zip,074-806,,true,481.931,292.692,751.184,307.018,464.878,618.954,734.101,633.126,旧土地台帳附属地図,地図に準ずる図面,P-F,,,,,,
46201-3400-517.zip,074-814,,true,702.301,708.399,433.419,729.014,677.397,382.642,408.365,403.306,旧土地台帳附属地図,地図に準ずる図面,P-F,,,,,,
46201-3400-517.zip,074-815,,true,477.428,836.135,304.085,629.555,727.537,625.938,554.127,419.514,旧土地台帳附属地図,地図に準ずる図面,P-F,,,,,,
46201-3400-517.zip,074-816,,true,452.344,881.130,204.093,986.363,324.866,580.320,76.434,685.712,旧土地台帳附属地図,地図に準ずる図面,P-F,,,,,,
46201-3400-517.zip,074-817,,true,536.013,614.605,407.862,851.838,248.462,459.517,120.481,696.756,旧土地台帳附属地図,地図に準ずる図面,P-F,,,,,,
46201-3400-517.zip,074-818,,true,484.228,384.292,573.004,638.932,175.835,492.027,264.646,746.534,旧土地台帳附属地図,地図に準ずる図面,P-F,,,,,,
46201-3400-517.zip,074-819,,true,249.546,279.846,64.547,476.056,11.880,55.674,-173.222,252.049,旧土地台帳附属地図,地図に準ずる図面,P-F,,,,,,
46201-3400-517.zip,074-820,,true,529.792,404.533,386.686,633.057,252.781,231.320,109.792,459.872,旧土地台帳附属地図,地図に準ずる図面,P-F,,,,,,
46201-3400-517.zip,074-821,,true,25.314,-193.526,210.949,2.029,-211.496,31.548,-25.831,226.970,旧土地台帳附属地図,地図に準ずる図面,P-F,,,,,,
46201-3400-517.zip,074-822,,true,3.695,-45.329,226.930,105.895,-179.583,225.128,43.905,376.385,旧土地台帳附属地図,地図に準ずる図面,P-F,,,,,,
46201-3400-517.zip,074-823,,true,57.949,242.864,103.286,-22.969,380.049,297.540,425.254,31.800,旧土地台帳附属地図,地図に準ずる図面,P-F,,,,,,
46201-3400-517.zip,074-824,,true,315.454,522.730,308.105,792.264,-11.137,514.018,-18.408,783.477,旧土地台帳附属地図,地図に準ずる図面,P-F,,,,,,
46201-3400-517.zip,074-825,,true,15.714,758.646,177.083,542.580,277.448,954.183,438.869,737.919,旧土地台帳附属地図,地図に準ずる図面,P-F,,,,,,
46201-3400-518.zip,033-90,600,false,20805.576,33531.454,21027.100,33377.165,20992.607,33799.918,21213.830,33645.469,旧土地台帳附属地図,地図に準ずる図面,P-F,,,,1972,3,10
46201-3400-518.zip,033-91,600,false,20804.630,34153.716,21007.412,33975.541,21020.470,34399.276,21223.012,34221.059,旧土地台帳附属地図,地図に準ずる図面,P-F,,,,1972,3,10
46201-3400-518.zip,033-92,600,false,20800.014,34794.833,21003.331,34617.121,21015.251,35041.003,21218.321,34863.359,旧土地台帳附属地図,地図に準ずる図面,P-F,,,,1972,3,10
46201-3400-518.zip,033-93,600,false,20789.433,35376.968,20995.427,35202.509,21000.777,35626.464,21206.585,35451.964,旧土地台帳附属地図,地図に準ずる図面,P-F,,,,1972,3,10
46201-3400-518.zip,033-94,600,false,20810.310,35975.610,21032.321,35822.176,20996.193,36244.670,21218.107,36091.164,旧土地台帳附属地図,地図に準ずる図面,P-F,,,,1972,3,10
46201-3400-519.zip,076-161,,true,-1.182,298.486,-264.903,355.007,-69.843,-20.925,-333.503,35.699,旧土地台帳附属地図,地図に準ずる図面,P-F,,,,,,
46201-3400-519.zip,076-162,,true,-177.798,580.840,51.076,723.456,-350.630,858.090,-121.512,1000.677,旧土地台帳附属地図,地図に準ずる図面,P-F,,,,,,
46201-3400-519.zip,076-163,,true,-331.231,1296.025,-90.511,1174.463,-183.790,1587.528,56.843,1465.882,旧土地台帳附属地図,地図に準ずる図面,P-F,,,,,,
46201-3400-519.zip,076-164,,true,-155.819,2169.663,-363.612,1997.775,52.494,1917.933,-155.566,1746.070,旧土地台帳附属地図,地図に準ずる図面,P-F,,,,,,
46201-3400-519.zip,076-165,,true,-73.820,2754.311,-334.250,2684.314,10.769,2438.783,-249.689,2368.896,旧土地台帳附属地図,地図に準ずる図面,P-F,,,,,,
46201-3400-519.zip,076-166,,true,-825.891,-6.995,-568.561,73.654,-923.694,304.770,-666.100,385.342,旧土地台帳附属地図,地図に準ずる図面,P-F,,,,,,
46201-3400-519.zip,076-167,,true,-669.222,599.717,-553.099,843.107,-963.965,740.572,-847.771,983.844,旧土地台帳附属地図,地図に準ずる図面,P-F,,,,,,
46201-3400-519.zip,076-168,,true,-741.433,1569.204,-961.570,1413.440,-552.652,1302.558,-773.086,1146.817,旧土地台帳附属地図,地図に準ずる図面,P-F,,,,,,
46201-3400-519.zip,076-169,,true,-736.266,1781.468,-542.262,1968.890,-963.086,2016.556,-769.030,2203.868,旧土地台帳附属地図,地図に準ずる図面,P-F,,,,,,
46201-3400-519.zip,076-170,,true,-559.838,2555.000,-707.836,2780.477,-832.970,2375.662,-980.914,2601.404,旧土地台帳附属地図,地図に準ずる図面,P-F,,,,,,
46201-3400-519.zip,076-171,,true,-1364.990,-20.343,-1145.912,137.104,-1555.729,244.858,-1336.483,402.333,旧土地台帳附属地図,地図に準ずる図面,P-F,,,,,,
46201-3400-519.zip,076-172,,true,-1507.357,895.286,-1501.236,625.988,-1180.766,902.462,-1174.761,633.237,旧土地台帳附属地図,地図に準ずる図面,P-F,,,,,,
46201-3400-519.zip,076-175,,true,-1213.925,1510.592,-1481.754,1542.395,-1252.375,1186.193,-1520.379,1218.131,旧土地台帳附属地図,地図に準ずる図面,P-F,,,,,,
46201-3400-519.zip,076-176,,true,-1548.220,1974.451,-1376.932,1766.361,-1295.873,2181.898,-1124.698,1973.765,旧土地台帳附属地図,地図に準ずる図面,P-F,,,,,,
46201-3400-519.zip,076-177,,true,-1365.146,2379.645,-1146.012,2536.950,-1555.723,2645.010,-1336.399,2802.310,旧土地台帳附属地図,地図に準ずる図面,P-F,,,,,,
46201-3400-519.zip,076-178,,true,-1985.904,-16.411,-1750.929,115.602,-2145.728,268.491,-1910.730,400.387,旧土地台帳附属地図,地図に準ずる図面,P-F,,,,,,
46201-3400-519.zip,076-180,,true,-1794.756,661.386,-1811.566,930.495,-2120.827,640.992,-2137.500,910.340,旧土地台帳附属地図,地図に準ずる図面,P-F,,,,,,
46201-3400-52.zip,092-581,,false,-195.318,-7.110,-18.032,-210.417,51.402,207.754,228.422,4.114,旧土地台帳附属地図,地図に準ずる図面,P-F,,,,,,
46201-3400-52.zip,092-582,,false,-309.060,178.113,-551.461,60.726,-166.512,-115.771,-409.034,-233.259,旧土地台帳附属地図,地図に準ずる図面,P-F,,,,,,
46201-3400-52.zip,092-583,,false,-545.480,12.185,-751.654,186.187,-756.800,-237.677,-962.601,-63.291,旧土地台帳附属地図,地図に準ずる図面,P-F,,,,,,
